>CCACGTGSBSBS	1-CCACGTGSBSBS	7.093648	-682.067078	0	T:1833.0(46.57%),B:29595.9(20.00%),P:1e-296	Tpos:98.6,Tstd:42.5,Bpos:413.0,Bstd:1490.6,StrandBias:-0.0,Multiplicity:1.20
0.116	0.544	0.308	0.032
0.003	0.993	0.001	0.003
0.741	0.001	0.135	0.123
0.008	0.906	0.007	0.079
0.112	0.002	0.884	0.002
0.078	0.175	0.001	0.746
0.008	0.001	0.990	0.001
0.058	0.354	0.503	0.085
0.104	0.372	0.283	0.241
0.129	0.410	0.286	0.175
0.165	0.347	0.285	0.203
0.125	0.375	0.340	0.160
>BGHTCACGYGNC	2-BGHTCACGYGNC	4.356130	-193.639264	0	T:2569.0(65.27%),B:73465.4(49.65%),P:1e-84	Tpos:98.2,Tstd:52.2,Bpos:675.1,Bstd:3040.7,StrandBias:-0.0,Multiplicity:1.47
0.171	0.269	0.227	0.332
0.022	0.231	0.558	0.189
0.219	0.337	0.174	0.270
0.240	0.032	0.075	0.653
0.225	0.461	0.062	0.252
0.615	0.027	0.224	0.134
0.073	0.898	0.003	0.026
0.002	0.003	0.921	0.074
0.109	0.477	0.027	0.388
0.235	0.002	0.690	0.073
0.285	0.238	0.199	0.277
0.165	0.472	0.157	0.206
>GRAGSCGGAAGT	3-GRAGSCGGAAGT	7.338357	-151.352580	0	T:1110.0(28.20%),B:25144.1(16.99%),P:1e-65	Tpos:94.2,Tstd:52.8,Bpos:600.0,Bstd:1873.2,StrandBias:-0.0,Multiplicity:1.20
0.260	0.223	0.453	0.065
0.351	0.171	0.370	0.109
0.498	0.134	0.257	0.111
0.328	0.069	0.588	0.015
0.064	0.441	0.469	0.026
0.129	0.723	0.119	0.029
0.001	0.001	0.997	0.001
0.001	0.001	0.997	0.001
0.997	0.001	0.001	0.001
0.997	0.001	0.001	0.001
0.019	0.069	0.911	0.001
0.071	0.228	0.066	0.635
>NVVCATGTGSYB	4-NVVCATGTGSYB	8.828671	-135.120556	0	T:278.0(7.06%),B:3262.1(2.20%),P:1e-58	Tpos:95.6,Tstd:42.3,Bpos:2926.0,Bstd:6311.7,StrandBias:0.0,Multiplicity:1.07
0.242	0.264	0.266	0.229
0.398	0.339	0.262	0.001
0.370	0.350	0.278	0.001
0.001	0.997	0.001	0.001
0.997	0.001	0.001	0.001
0.001	0.001	0.001	0.997
0.001	0.001	0.997	0.001
0.001	0.001	0.001	0.997
0.001	0.001	0.997	0.001
0.050	0.506	0.443	0.001
0.097	0.296	0.226	0.381
0.153	0.317	0.236	0.294
>NBCCGGAARVRG	5-NBCCGGAARVRG	8.180508	-97.250038	0	T:597.0(15.17%),B:12409.2(8.39%),P:1e-42	Tpos:101.1,Tstd:51.7,Bpos:425.2,Bstd:1575.0,StrandBias:-0.0,Multiplicity:1.06
0.190	0.322	0.241	0.248
0.101	0.353	0.230	0.315
0.001	0.996	0.002	0.001
0.052	0.945	0.001	0.002
0.001	0.001	0.997	0.001
0.001	0.001	0.997	0.001
0.993	0.001	0.005	0.001
0.841	0.047	0.001	0.111
0.457	0.052	0.489	0.001
0.249	0.345	0.284	0.122
0.314	0.228	0.441	0.018
0.189	0.233	0.577	0.001
>GCCGCCATCTTG	6-GCCGCCATCTTG	10.146957	-68.291676	0	T:215.0(5.46%),B:3296.4(2.23%),P:1e-29	Tpos:99.2,Tstd:51.3,Bpos:411.9,Bstd:1182.4,StrandBias:-0.1,Multiplicity:1.05
0.083	0.070	0.697	0.150
0.013	0.850	0.064	0.073
0.001	0.758	0.184	0.057
0.001	0.001	0.997	0.001
0.001	0.997	0.001	0.001
0.001	0.997	0.001	0.001
0.975	0.001	0.001	0.023
0.044	0.001	0.001	0.954
0.001	0.492	0.213	0.294
0.001	0.172	0.001	0.826
0.001	0.018	0.001	0.980
0.115	0.024	0.534	0.327
>CASTTCCYCTTT	7-CASTTCCYCTTT	9.851065	-62.518323	0	T:86.0(2.18%),B:723.3(0.49%),P:1e-27	Tpos:96.4,Tstd:56.0,Bpos:2578.7,Bstd:5544.1,StrandBias:0.7,Multiplicity:1.00
0.001	0.739	0.072	0.188
0.602	0.058	0.339	0.001
0.001	0.529	0.421	0.049
0.001	0.001	0.099	0.899
0.001	0.001	0.011	0.987
0.001	0.997	0.001	0.001
0.001	0.808	0.073	0.118
0.154	0.309	0.193	0.344
0.001	0.544	0.115	0.340
0.340	0.001	0.161	0.498
0.097	0.075	0.109	0.719
0.022	0.095	0.001	0.882
>GTGCGCATGCGC	8-GTGCGCATGCGC	9.096670	-47.839274	0	T:427.0(10.85%),B:9910.7(6.70%),P:1e-20	Tpos:101.9,Tstd:51.9,Bpos:289.4,Bstd:562.8,StrandBias:-0.3,Multiplicity:1.14
0.060	0.162	0.687	0.091
0.036	0.134	0.063	0.767
0.034	0.044	0.906	0.016
0.040	0.878	0.040	0.042
0.060	0.027	0.882	0.031
0.024	0.930	0.034	0.012
0.690	0.094	0.163	0.053
0.059	0.047	0.065	0.829
0.007	0.022	0.949	0.022
0.039	0.856	0.053	0.052
0.067	0.074	0.812	0.047
0.058	0.816	0.045	0.081
>GGAAGCGCATGG	9-GGAAGCGCATGG	12.889198	-29.059185	0	T:16.0(0.41%),B:38.0(0.03%),P:1e-12	Tpos:110.2,Tstd:54.0,Bpos:1853.5,Bstd:2372.5,StrandBias:-0.5,Multiplicity:1.00
0.001	0.001	0.997	0.001
0.279	0.001	0.719	0.001
0.719	0.001	0.279	0.001
0.997	0.001	0.001	0.001
0.001	0.286	0.460	0.253
0.001	0.997	0.001	0.001
0.231	0.001	0.488	0.280
0.001	0.997	0.001	0.001
0.997	0.001	0.001	0.001
0.001	0.137	0.001	0.861
0.001	0.001	0.997	0.001
0.001	0.001	0.997	0.001
>CCACCAGGGGGC	10-CCACCAGGGGGC	10.563262	-24.554155	0	T:86.0(2.18%),B:1422.0(0.96%),P:1e-10	Tpos:95.6,Tstd:50.2,Bpos:538.5,Bstd:1765.1,StrandBias:-0.3,Multiplicity:1.00
0.088	0.839	0.033	0.040
0.027	0.903	0.018	0.052
0.755	0.073	0.063	0.109
0.126	0.755	0.072	0.047
0.067	0.857	0.023	0.053
0.896	0.019	0.054	0.031
0.061	0.028	0.887	0.024
0.159	0.089	0.696	0.056
0.058	0.044	0.812	0.086
0.033	0.009	0.935	0.023
0.061	0.042	0.880	0.017
0.062	0.790	0.086	0.062
>ACTACAMYYCCC	11-ACTACAMYYCCC	9.838022	-21.549574	0	T:109.0(2.77%),B:2117.3(1.43%),P:1e-9	Tpos:103.8,Tstd:53.8,Bpos:756.6,Bstd:2618.6,StrandBias:-0.2,Multiplicity:1.14
0.820	0.081	0.045	0.054
0.001	0.997	0.001	0.001
0.122	0.183	0.001	0.694
0.908	0.077	0.001	0.014
0.001	0.944	0.054	0.001
0.569	0.055	0.375	0.001
0.477	0.479	0.015	0.029
0.157	0.390	0.020	0.434
0.055	0.464	0.001	0.480
0.022	0.810	0.001	0.167
0.001	0.997	0.001	0.001
0.001	0.997	0.001	0.001
>GGCGTGGCSTGG	12-GGCGTGGCSTGG	11.687177	-20.040337	0	T:125.0(3.18%),B:2621.3(1.77%),P:1e-8	Tpos:109.0,Tstd:52.5,Bpos:276.1,Bstd:625.0,StrandBias:-0.1,Multiplicity:1.07
0.001	0.001	0.997	0.001
0.001	0.001	0.997	0.001
0.001	0.997	0.001	0.001
0.001	0.001	0.997	0.001
0.001	0.001	0.001	0.997
0.001	0.001	0.997	0.001
0.001	0.001	0.997	0.001
0.001	0.803	0.001	0.195
0.001	0.368	0.401	0.230
0.113	0.091	0.193	0.603
0.001	0.322	0.598	0.079
0.001	0.199	0.732	0.068
>GCGGAAGCGGAA	13-GCGGAAGCGGAA	11.623861	-15.101024	0	T:48.0(1.22%),B:775.5(0.52%),P:1e-6	Tpos:105.5,Tstd:41.7,Bpos:300.3,Bstd:494.9,StrandBias:-0.6,Multiplicity:1.00
0.061	0.081	0.787	0.071
0.064	0.768	0.072	0.096
0.098	0.007	0.828	0.067
0.048	0.001	0.950	0.001
0.880	0.021	0.034	0.065
0.835	0.047	0.104	0.014
0.109	0.080	0.797	0.014
0.101	0.728	0.069	0.102
0.058	0.014	0.901	0.027
0.056	0.017	0.926	0.001
0.847	0.081	0.049	0.023
0.826	0.056	0.089	0.029
>TTTCCGCCCCGG	14-TTTCCGCCCCGG	11.505537	-14.881749	0	T:33.0(0.84%),B:436.3(0.29%),P:1e-6	Tpos:103.0,Tstd:53.7,Bpos:328.1,Bstd:906.2,StrandBias:-0.7,Multiplicity:1.04
0.001	0.001	0.001	0.997
0.032	0.072	0.001	0.895
0.064	0.033	0.086	0.817
0.001	0.997	0.001	0.001
0.001	0.997	0.001	0.001
0.001	0.001	0.997	0.001
0.031	0.826	0.001	0.142
0.001	0.532	0.353	0.114
0.001	0.965	0.001	0.033
0.284	0.624	0.091	0.001
0.001	0.085	0.913	0.001
0.121	0.078	0.800	0.001
>GCCACGCGGCCC	15-GCCACGCGGCCC	10.382746	-12.762066	0	T:35.0(0.89%),B:530.5(0.36%),P:1e-5	Tpos:95.8,Tstd:46.2,Bpos:384.4,Bstd:1421.3,StrandBias:-0.3,Multiplicity:1.00
0.137	0.161	0.651	0.051
0.074	0.875	0.005	0.046
0.061	0.865	0.065	0.009
0.517	0.025	0.183	0.275
0.088	0.487	0.137	0.288
0.060	0.190	0.625	0.125
0.215	0.705	0.033	0.047
0.116	0.253	0.418	0.212
0.001	0.082	0.794	0.123
0.044	0.751	0.001	0.204
0.186	0.505	0.291	0.018
0.109	0.526	0.032	0.333
>CGCCGGAAGTGG	16-CGCCGGAAGTGG	11.329901	-12.488396	0	T:60.0(1.52%),B:1171.0(0.79%),P:1e-5	Tpos:109.9,Tstd:51.6,Bpos:431.5,Bstd:1570.8,StrandBias:0.1,Multiplicity:1.00
0.001	0.997	0.001	0.001
0.001	0.001	0.842	0.156
0.135	0.788	0.076	0.001
0.224	0.542	0.233	0.001
0.125	0.001	0.873	0.001
0.001	0.001	0.997	0.001
0.812	0.022	0.065	0.101
0.830	0.001	0.035	0.134
0.001	0.001	0.997	0.001
0.043	0.001	0.397	0.559
0.001	0.001	0.858	0.140
0.001	0.001	0.923	0.075
>GCSACGTGTGCG	17-GCSACGTGTGCG	11.515803	-12.230578	0	T:51.0(1.30%),B:943.2(0.64%),P:1e-5	Tpos:104.9,Tstd:49.4,Bpos:352.1,Bstd:1365.8,StrandBias:-0.3,Multiplicity:1.00
0.001	0.001	0.997	0.001
0.001	0.997	0.001	0.001
0.104	0.469	0.399	0.029
0.604	0.394	0.001	0.001
0.001	0.695	0.224	0.080
0.001	0.001	0.997	0.001
0.184	0.001	0.001	0.814
0.001	0.322	0.676	0.001
0.001	0.041	0.112	0.846
0.001	0.001	0.997	0.001
0.001	0.834	0.164	0.001
0.001	0.001	0.929	0.069
>TTTGGGTACTTT	18-TTTGGGTACTTT	13.744817	-11.745751	0	T:5.0(0.13%),B:7.3(0.00%),P:1e-5	Tpos:102.6,Tstd:53.0,Bpos:4309.4,Bstd:4566.9,StrandBias:-1.4,Multiplicity:2.20
0.001	0.086	0.001	0.912
0.001	0.001	0.001	0.997
0.001	0.104	0.001	0.894
0.001	0.104	0.894	0.001
0.104	0.001	0.894	0.001
0.001	0.001	0.997	0.001
0.001	0.001	0.001	0.997
0.997	0.001	0.001	0.001
0.001	0.923	0.001	0.075
0.001	0.001	0.001	0.997
0.001	0.001	0.001	0.997
0.001	0.001	0.001	0.997
>GGGGGGGGGGGD	19-GGGGGGGGGGGD	11.685245	-11.486385	0	T:134.0(3.40%),B:3391.5(2.29%),P:1e-4	Tpos:110.3,Tstd:56.2,Bpos:523.4,Bstd:1594.0,StrandBias:0.1,Multiplicity:1.08
0.001	0.010	0.978	0.011
0.001	0.047	0.931	0.021
0.062	0.001	0.929	0.008
0.070	0.001	0.928	0.001
0.105	0.001	0.824	0.070
0.078	0.001	0.920	0.001
0.369	0.001	0.599	0.031
0.001	0.001	0.997	0.001
0.001	0.001	0.905	0.093
0.023	0.001	0.887	0.089
0.001	0.012	0.976	0.011
0.264	0.131	0.281	0.324
>GCCACGCTGCCW	20-GCCACGCTGCCW	11.518430	-11.351682	0	T:31.0(0.79%),B:473.3(0.32%),P:1e-4	Tpos:117.2,Tstd:44.9,Bpos:1002.8,Bstd:2881.2,StrandBias:-1.1,Multiplicity:1.00
0.001	0.132	0.683	0.184
0.001	0.948	0.001	0.050
0.001	0.997	0.001	0.001
0.997	0.001	0.001	0.001
0.001	0.640	0.012	0.347
0.001	0.314	0.684	0.001
0.122	0.684	0.001	0.193
0.001	0.015	0.367	0.617
0.001	0.066	0.827	0.106
0.001	0.696	0.102	0.201
0.001	0.997	0.001	0.001
0.457	0.001	0.162	0.380
>TATTTTATGTAC	21-TATTTTATGTAC	12.355432	-8.696661	0	T:3.0(0.08%),B:2.4(0.00%),P:1e-3	Tpos:90.7,Tstd:46.9,Bpos:12937.9,Bstd:12000.6,StrandBias:-1.0,Multiplicity:4.00
0.100	0.100	0.100	0.700
0.700	0.100	0.100	0.100
0.100	0.100	0.100	0.700
0.100	0.100	0.100	0.700
0.100	0.100	0.100	0.700
0.100	0.100	0.100	0.700
0.700	0.100	0.100	0.100
0.100	0.100	0.100	0.700
0.100	0.100	0.700	0.100
0.100	0.100	0.100	0.700
0.700	0.100	0.100	0.100
0.100	0.700	0.100	0.100
>TATATAATACAT	22-TATATAATACAT	12.355432	-4.078166	0	T:2.0(0.05%),B:6.8(0.00%),P:1e-1	Tpos:116.0,Tstd:60.5,Bpos:19589.3,Bstd:8403.3,StrandBias:-2.3,Multiplicity:3.00
0.100	0.100	0.100	0.700
0.700	0.100	0.100	0.100
0.100	0.100	0.100	0.700
0.700	0.100	0.100	0.100
0.100	0.100	0.100	0.700
0.700	0.100	0.100	0.100
0.700	0.100	0.100	0.100
0.100	0.100	0.100	0.700
0.700	0.100	0.100	0.100
0.100	0.700	0.100	0.100
0.700	0.100	0.100	0.100
0.100	0.100	0.100	0.700
>TCMGCSGCSACT	23-TCMGCSGCSACT	12.964016	-1.925954	0	T:1.0(0.03%),B:5.5(0.00%),P:1e0	Tpos:67.0,Tstd:0.0,Bpos:213.2,Bstd:172.1,StrandBias:10.0,Multiplicity:1.00
0.074	0.124	0.172	0.630
0.155	0.843	0.001	0.001
0.545	0.420	0.001	0.034
0.039	0.051	0.909	0.001
0.001	0.845	0.001	0.153
0.001	0.474	0.524	0.001
0.327	0.001	0.646	0.026
0.007	0.938	0.022	0.033
0.001	0.439	0.531	0.029
0.785	0.093	0.035	0.087
0.048	0.950	0.001	0.001
0.050	0.039	0.001	0.910
>KMCGCACGSAYG	24-KMCGCACGSAYG	11.045517	-1.844813	0	T:3.0(0.08%),B:50.6(0.03%),P:1e0	Tpos:99.0,Tstd:23.0,Bpos:296.1,Bstd:356.3,StrandBias:0.0,Multiplicity:1.00
0.001	0.181	0.443	0.375
0.347	0.463	0.189	0.001
0.001	0.997	0.001	0.001
0.001	0.001	0.997	0.001
0.099	0.537	0.001	0.363
0.444	0.266	0.289	0.001
0.001	0.755	0.103	0.141
0.001	0.001	0.997	0.001
0.001	0.415	0.468	0.116
0.980	0.001	0.001	0.018
0.095	0.470	0.009	0.426
0.308	0.001	0.534	0.157
>GCGCGCGCGCCC	25-GCGCGCGCGCCC	12.794062	-0.000682	0	T:46.0(1.17%),B:2666.2(1.80%),P:1e0	Tpos:127.6,Tstd:55.1,Bpos:258.4,Bstd:430.9,StrandBias:-0.4,Multiplicity:1.00
0.061	0.120	0.773	0.046
0.053	0.858	0.043	0.046
0.023	0.032	0.944	0.001
0.047	0.778	0.086	0.089
0.021	0.003	0.933	0.043
0.025	0.892	0.040	0.043
0.052	0.058	0.840	0.050
0.005	0.933	0.048	0.014
0.071	0.153	0.700	0.076
0.011	0.880	0.063	0.046
0.054	0.845	0.082	0.019
0.008	0.836	0.055	0.101
