>NNNCACGTGN	1-NNNCACGTGN	5.558819	-969.572783	0	T:2429.0(61.71%),B:40827.5(27.59%),P:1e-421	Tpos:99.4,Tstd:43.8,Bpos:1058.7,Bstd:3390.7,StrandBias:0.0,Multiplicity:1.32
0.272	0.216	0.216	0.296
0.303	0.163	0.288	0.246
0.219	0.296	0.282	0.203
0.001	0.997	0.001	0.001
0.634	0.001	0.198	0.167
0.001	0.710	0.001	0.288
0.252	0.001	0.746	0.001
0.150	0.232	0.001	0.617
0.001	0.001	0.992	0.006
0.170	0.260	0.306	0.263
>CACTTCCGGT	2-CACTTCCGGT	6.403075	-250.328354	0	T:1253.0(31.83%),B:25275.4(17.08%),P:1e-108	Tpos:96.3,Tstd:52.2,Bpos:894.2,Bstd:4025.2,StrandBias:0.1,Multiplicity:1.26
0.168	0.534	0.137	0.161
0.531	0.075	0.278	0.116
0.100	0.488	0.183	0.229
0.064	0.014	0.008	0.914
0.104	0.004	0.001	0.891
0.022	0.887	0.014	0.077
0.060	0.804	0.077	0.059
0.002	0.116	0.645	0.237
0.102	0.263	0.447	0.187
0.119	0.238	0.195	0.448
>VGCGTGSBBN	3-VGCGTGSBBN	4.608980	-140.124014	0	T:2656.0(67.48%),B:80451.0(54.37%),P:1e-60	Tpos:96.4,Tstd:51.9,Bpos:648.6,Bstd:2228.2,StrandBias:-0.0,Multiplicity:1.60
0.291	0.333	0.196	0.180
0.095	0.060	0.744	0.101
0.048	0.583	0.028	0.341
0.200	0.050	0.672	0.078
0.148	0.193	0.068	0.591
0.085	0.035	0.785	0.095
0.051	0.391	0.329	0.229
0.144	0.279	0.337	0.240
0.148	0.268	0.236	0.347
0.253	0.186	0.283	0.278
>GCCATGYGGB	4-GCCATGYGGB	8.425285	-111.162371	0	T:470.0(11.94%),B:8392.9(5.67%),P:1e-48	Tpos:97.8,Tstd:52.8,Bpos:1263.5,Bstd:3934.2,StrandBias:0.1,Multiplicity:1.02
0.057	0.001	0.941	0.001
0.001	0.997	0.001	0.001
0.247	0.751	0.001	0.001
0.997	0.001	0.001	0.001
0.001	0.345	0.001	0.653
0.003	0.336	0.660	0.001
0.001	0.496	0.001	0.502
0.210	0.001	0.479	0.310
0.001	0.270	0.585	0.144
0.069	0.310	0.311	0.309
>AAAATGGCGG	5-AAAATGGCGG	7.745580	-50.956859	0	T:309.0(7.85%),B:6334.5(4.28%),P:1e-22	Tpos:99.3,Tstd:53.7,Bpos:626.9,Bstd:1880.8,StrandBias:-0.0,Multiplicity:1.05
0.642	0.037	0.205	0.116
0.612	0.072	0.103	0.213
0.616	0.155	0.161	0.068
0.959	0.001	0.037	0.003
0.021	0.001	0.048	0.930
0.082	0.084	0.780	0.054
0.088	0.091	0.752	0.069
0.060	0.835	0.051	0.054
0.020	0.125	0.814	0.041
0.080	0.098	0.744	0.078
>CGCDTGYVNV	6-CGCDTGYVNV	6.006111	-49.357565	0	T:319.0(8.10%),B:6687.6(4.52%),P:1e-21	Tpos:99.0,Tstd:51.0,Bpos:414.7,Bstd:1057.0,StrandBias:0.2,Multiplicity:1.03
0.162	0.471	0.159	0.207
0.001	0.001	0.997	0.001
0.146	0.568	0.172	0.114
0.351	0.032	0.345	0.272
0.183	0.239	0.001	0.577
0.001	0.001	0.756	0.242
0.188	0.370	0.189	0.253
0.332	0.314	0.352	0.002
0.258	0.251	0.193	0.299
0.295	0.223	0.341	0.140
>TTTCAGTTCC	7-TTTCAGTTCC	8.135230	-32.424445	0	T:151.0(3.84%),B:2809.5(1.90%),P:1e-14	Tpos:95.8,Tstd:54.8,Bpos:3486.1,Bstd:7221.1,StrandBias:0.6,Multiplicity:1.04
0.024	0.039	0.001	0.936
0.001	0.078	0.036	0.885
0.041	0.060	0.026	0.873
0.001	0.980	0.018	0.001
0.942	0.022	0.019	0.017
0.030	0.219	0.722	0.029
0.001	0.001	0.010	0.988
0.031	0.023	0.001	0.945
0.001	0.917	0.024	0.058
0.077	0.896	0.001	0.026
>KCACGHBACB	8-KCACGHBACB	7.367909	-22.629638	0	T:521.0(13.24%),B:14847.3(10.03%),P:1e-9	Tpos:97.9,Tstd:54.3,Bpos:547.8,Bstd:1730.3,StrandBias:-0.2,Multiplicity:1.08
0.115	0.171	0.337	0.377
0.001	0.703	0.295	0.001
0.668	0.001	0.330	0.001
0.001	0.831	0.001	0.167
0.001	0.001	0.997	0.001
0.309	0.350	0.001	0.340
0.042	0.361	0.339	0.257
0.799	0.001	0.199	0.001
0.001	0.997	0.001	0.001
0.120	0.291	0.282	0.307
>GCGCGCGCNS	9-GCGCGCGCNS	8.063554	-14.926231	0	T:719.0(18.27%),B:22628.3(15.29%),P:1e-6	Tpos:99.3,Tstd:52.2,Bpos:260.1,Bstd:683.1,StrandBias:0.1,Multiplicity:1.03
0.162	0.035	0.802	0.001
0.001	0.997	0.001	0.001
0.244	0.001	0.754	0.001
0.052	0.783	0.001	0.164
0.413	0.001	0.585	0.001
0.001	0.636	0.001	0.362
0.001	0.001	0.838	0.160
0.083	0.695	0.001	0.221
0.268	0.292	0.245	0.196
0.161	0.275	0.388	0.176
>TCACGTGACG	10-TCACGTGACG	8.525848	-14.508170	0	T:76.0(1.93%),B:1519.1(1.03%),P:1e-6	Tpos:90.0,Tstd:50.0,Bpos:462.1,Bstd:1498.4,StrandBias:0.7,Multiplicity:1.00
0.028	0.172	0.150	0.650
0.020	0.747	0.123	0.110
0.556	0.111	0.132	0.201
0.130	0.645	0.115	0.110
0.100	0.092	0.804	0.004
0.115	0.141	0.017	0.727
0.107	0.190	0.586	0.117
0.789	0.071	0.126	0.014
0.053	0.794	0.139	0.014
0.039	0.136	0.705	0.120
>ACTACAATTC	11-ACTACAATTC	8.294937	-11.246405	0	T:99.0(2.52%),B:2345.2(1.58%),P:1e-4	Tpos:101.6,Tstd:56.1,Bpos:1801.8,Bstd:4691.3,StrandBias:-0.6,Multiplicity:1.10
0.831	0.015	0.075	0.079
0.164	0.729	0.019	0.088
0.001	0.087	0.001	0.911
0.837	0.030	0.132	0.001
0.021	0.977	0.001	0.001
0.864	0.029	0.066	0.041
0.647	0.119	0.177	0.057
0.084	0.242	0.139	0.535
0.001	0.064	0.223	0.712
0.001	0.997	0.001	0.001
>DBGCGHVANB	12-DBGCGHVANB	6.638367	-10.714113	0	T:128.0(3.25%),B:3264.3(2.21%),P:1e-4	Tpos:95.8,Tstd:55.9,Bpos:631.6,Bstd:2037.1,StrandBias:-0.4,Multiplicity:1.08
0.217	0.175	0.246	0.362
0.124	0.329	0.207	0.340
0.001	0.035	0.939	0.025
0.311	0.687	0.001	0.001
0.001	0.001	0.997	0.001
0.383	0.235	0.001	0.382
0.390	0.241	0.368	0.001
0.997	0.001	0.001	0.001
0.200	0.344	0.254	0.202
0.121	0.358	0.254	0.267
>CACGCGCVSV	13-CACGCGCVSV	9.344883	-9.894810	0	T:90.0(2.29%),B:2162.9(1.46%),P:1e-4	Tpos:134.0,Tstd:0.0,Bpos:961.4,Bstd:1549.0,StrandBias:10.0,Multiplicity:1.00
0.001	0.997	0.001	0.001
0.860	0.001	0.094	0.045
0.004	0.859	0.001	0.136
0.029	0.054	0.916	0.001
0.159	0.839	0.001	0.001
0.001	0.244	0.554	0.201
0.001	0.613	0.385	0.001
0.294	0.235	0.321	0.150
0.001	0.550	0.448	0.001
0.351	0.288	0.360	0.001
>GSCACGCCVV	14-GSCACGCCVV	9.525703	-9.783444	0	T:250.0(6.35%),B:7300.9(4.93%),P:1e-4	Tpos:113.4,Tstd:66.3,Bpos:559.4,Bstd:2016.3,StrandBias:2.5,Multiplicity:1.08
0.168	0.337	0.493	0.001
0.001	0.500	0.498	0.001
0.001	0.834	0.164	0.001
0.983	0.001	0.015	0.001
0.001	0.997	0.001	0.001
0.149	0.001	0.849	0.001
0.001	0.834	0.001	0.164
0.002	0.989	0.008	0.001
0.336	0.358	0.305	0.001
0.334	0.356	0.305	0.004
>TBACGYRACT	15-TBACGYRACT	7.682968	-9.620577	0	T:51.0(1.30%),B:1048.6(0.71%),P:1e-4	Tpos:75.3,Tstd:44.8,Bpos:2236.9,Bstd:4248.3,StrandBias:-10.0,Multiplicity:1.00
0.079	0.079	0.078	0.764
0.055	0.387	0.314	0.244
0.467	0.067	0.250	0.216
0.022	0.770	0.104	0.104
0.030	0.006	0.848	0.116
0.159	0.306	0.127	0.408
0.351	0.168	0.433	0.048
0.816	0.014	0.153	0.017
0.001	0.739	0.153	0.107
0.087	0.228	0.249	0.437
>GGGGGGGGGA	16-GGGGGGGGGA	10.012609	-6.103848	0	T:322.0(8.18%),B:10316.5(6.97%),P:1e-2	Tpos:98.6,Tstd:55.6,Bpos:463.3,Bstd:1406.6,StrandBias:-0.2,Multiplicity:1.13
0.164	0.001	0.617	0.218
0.001	0.001	0.963	0.035
0.001	0.068	0.877	0.054
0.001	0.001	0.997	0.001
0.152	0.001	0.757	0.090
0.298	0.001	0.700	0.001
0.324	0.001	0.617	0.058
0.001	0.010	0.952	0.037
0.106	0.018	0.856	0.020
0.615	0.002	0.361	0.022
>CACGCKNNNN	17-CACGCKNNNN	5.491050	-6.018029	0	T:36.0(0.91%),B:798.7(0.54%),P:1e-2	Tpos:38.5,Tstd:32.5,Bpos:306.6,Bstd:276.2,StrandBias:-10.0,Multiplicity:1.00
0.001	0.842	0.001	0.156
0.633	0.140	0.001	0.226
0.125	0.557	0.001	0.317
0.390	0.001	0.608	0.001
0.245	0.531	0.001	0.223
0.187	0.196	0.351	0.265
0.192	0.296	0.296	0.216
0.199	0.282	0.283	0.236
0.251	0.242	0.284	0.223
0.290	0.258	0.211	0.241
>CRCACGCACR	18-CRCACGCACR	8.599133	-5.153990	0	T:176.0(4.47%),B:5430.2(3.67%),P:1e-2	Tpos:99.4,Tstd:57.5,Bpos:1268.0,Bstd:3476.1,StrandBias:-1.1,Multiplicity:1.00
0.148	0.615	0.001	0.236
0.483	0.001	0.438	0.078
0.001	0.958	0.001	0.040
0.710	0.001	0.288	0.001
0.001	0.997	0.001	0.001
0.392	0.001	0.606	0.001
0.001	0.997	0.001	0.001
0.669	0.001	0.001	0.329
0.188	0.418	0.146	0.247
0.437	0.100	0.364	0.099
>CCGCGTGACG	19-CCGCGTGACG	9.474348	-4.997760	0	T:13.0(0.33%),B:214.7(0.15%),P:1e-2	Tpos:50.3,Tstd:21.8,Bpos:223.2,Bstd:520.8,StrandBias:1.0,Multiplicity:1.00
0.049	0.773	0.164	0.014
0.015	0.718	0.227	0.040
0.001	0.221	0.487	0.291
0.206	0.588	0.133	0.073
0.280	0.102	0.538	0.080
0.070	0.126	0.001	0.803
0.006	0.056	0.772	0.166
0.973	0.005	0.005	0.017
0.016	0.717	0.178	0.089
0.232	0.062	0.562	0.144
>WGGGGGAGGG	20-WGGGGGAGGG	13.112296	-4.981492	0	T:149.0(3.79%),B:4536.5(3.07%),P:1e-2	Tpos:104.8,Tstd:49.3,Bpos:640.5,Bstd:2184.6,StrandBias:0.3,Multiplicity:1.00
0.485	0.001	0.001	0.513
0.001	0.001	0.997	0.001
0.001	0.001	0.997	0.001
0.001	0.001	0.997	0.001
0.001	0.001	0.997	0.001
0.001	0.001	0.997	0.001
0.997	0.001	0.001	0.001
0.001	0.001	0.997	0.001
0.001	0.001	0.997	0.001
0.001	0.001	0.997	0.001
>TATWATGTAC	21-TATWATGTAC	10.557589	-1.720442	0	T:4.0(0.10%),B:81.0(0.05%),P:1e0	Tpos:100.7,Tstd:54.8,Bpos:7381.3,Bstd:5493.9,StrandBias:1.8,Multiplicity:2.25
0.001	0.001	0.001	0.997
0.675	0.001	0.089	0.235
0.001	0.001	0.001	0.997
0.506	0.001	0.001	0.492
0.547	0.389	0.063	0.001
0.001	0.102	0.322	0.575
0.349	0.001	0.649	0.001
0.001	0.001	0.047	0.951
0.997	0.001	0.001	0.001
0.001	0.997	0.001	0.001
>CGHACRWGMG	22-CGHACRWGMG	7.890953	-1.305159	0	T:7.0(0.18%),B:195.8(0.13%),P:1e0	Tpos:107.0,Tstd:62.0,Bpos:274.0,Bstd:534.1,StrandBias:2.3,Multiplicity:1.00
0.001	0.660	0.001	0.338
0.286	0.001	0.457	0.256
0.238	0.346	0.127	0.289
0.997	0.001	0.001	0.001
0.001	0.986	0.012	0.001
0.359	0.048	0.386	0.207
0.460	0.149	0.001	0.391
0.288	0.001	0.516	0.195
0.398	0.400	0.200	0.001
0.001	0.001	0.729	0.269
>GTTGTGCCTT	23-GTTGTGCCTT	10.253211	-0.791214	0	T:1.0(0.03%),B:22.6(0.02%),P:1e0	Tpos:52.0,Tstd:0.0,Bpos:2581.9,Bstd:2925.1,StrandBias:-10.0,Multiplicity:1.00
0.090	0.130	0.710	0.070
0.191	0.068	0.030	0.711
0.076	0.231	0.073	0.620
0.062	0.071	0.796	0.071
0.046	0.108	0.096	0.750
0.028	0.089	0.783	0.100
0.072	0.736	0.130	0.062
0.066	0.590	0.096	0.248
0.035	0.298	0.062	0.605
0.069	0.105	0.122	0.704
>CACACGCACC	24-CACACGCACC	7.948360	-0.779114	0	T:165.0(4.19%),B:6140.4(4.15%),P:1e0	Tpos:99.2,Tstd:54.9,Bpos:820.6,Bstd:2469.0,StrandBias:-0.4,Multiplicity:1.04
0.001	0.997	0.001	0.001
0.669	0.001	0.329	0.001
0.001	0.997	0.001	0.001
0.997	0.001	0.001	0.001
0.001	0.997	0.001	0.001
0.021	0.001	0.977	0.001
0.001	0.997	0.001	0.001
0.648	0.318	0.001	0.033
0.001	0.614	0.384	0.001
0.001	0.997	0.001	0.001
>GCGCGCGGGC	25-GCGCGCGGGC	13.596162	-0.000067	0	T:86.0(2.18%),B:4732.8(3.20%),P:1e0	Tpos:98.0,Tstd:52.9,Bpos:252.1,Bstd:536.3,StrandBias:-0.5,Multiplicity:1.00
0.051	0.001	0.947	0.001
0.001	0.997	0.001	0.001
0.001	0.001	0.997	0.001
0.001	0.997	0.001	0.001
0.001	0.001	0.997	0.001
0.041	0.957	0.001	0.001
0.001	0.001	0.997	0.001
0.001	0.001	0.997	0.001
0.001	0.135	0.863	0.001
0.001	0.997	0.001	0.001
