>GSCACGTG	1-GSCACGTG	5.129162	-950.631444	0	T:2593.0(65.88%),B:46680.3(31.55%),P:1e-412	Tpos:98.6,Tstd:45.0,Bpos:818.7,Bstd:2721.2,StrandBias:0.0,Multiplicity:1.38
0.178	0.263	0.448	0.110
0.146	0.452	0.342	0.061
0.010	0.985	0.001	0.004
0.804	0.001	0.109	0.086
0.001	0.881	0.001	0.117
0.139	0.001	0.850	0.010
0.045	0.082	0.001	0.872
0.001	0.010	0.977	0.012
>AMGCAYGC	2-AMGCAYGC	4.294544	-190.357534	0	T:2698.0(68.55%),B:78735.7(53.21%),P:1e-82	Tpos:97.5,Tstd:52.7,Bpos:994.5,Bstd:3764.2,StrandBias:-0.0,Multiplicity:1.57
0.614	0.092	0.151	0.143
0.310	0.374	0.168	0.148
0.243	0.091	0.649	0.017
0.060	0.889	0.019	0.032
0.728	0.001	0.247	0.024
0.144	0.372	0.021	0.463
0.057	0.001	0.903	0.039
0.082	0.583	0.113	0.222
>CRCTTCCG	3-CRCTTCCG	7.045796	-187.125060	0	T:885.0(22.48%),B:16999.0(11.49%),P:1e-81	Tpos:95.9,Tstd:53.1,Bpos:874.3,Bstd:4403.5,StrandBias:-0.0,Multiplicity:1.22
0.087	0.498	0.166	0.249
0.492	0.018	0.391	0.099
0.059	0.631	0.133	0.177
0.059	0.001	0.013	0.927
0.041	0.007	0.034	0.918
0.043	0.829	0.069	0.059
0.012	0.953	0.025	0.010
0.001	0.040	0.756	0.203
>CGCCATCT	4-CGCCATCT	4.345134	-161.835992	0	T:3550.0(90.19%),B:117710.7(79.55%),P:1e-70	Tpos:97.9,Tstd:55.9,Bpos:956.2,Bstd:3660.8,StrandBias:0.0,Multiplicity:2.13
0.100	0.700	0.100	0.100
0.100	0.100	0.700	0.100
0.100	0.700	0.100	0.100
0.100	0.700	0.100	0.100
0.700	0.100	0.100	0.100
0.100	0.100	0.100	0.700
0.100	0.700	0.100	0.100
0.100	0.100	0.100	0.700
>MGCGTGTY	5-MGCGTGTY	6.241532	-155.823648	0	T:1025.0(26.04%),B:22341.5(15.10%),P:1e-67	Tpos:95.6,Tstd:52.0,Bpos:842.3,Bstd:2847.2,StrandBias:0.1,Multiplicity:1.05
0.395	0.523	0.037	0.045
0.115	0.001	0.683	0.201
0.001	0.967	0.001	0.031
0.239	0.001	0.759	0.001
0.001	0.001	0.001	0.997
0.143	0.001	0.855	0.001
0.142	0.001	0.165	0.692
0.065	0.405	0.204	0.327
>GCGGAAVB	6-GCGGAAVB	4.648832	-140.225323	0	T:2713.0(68.93%),B:82703.2(55.89%),P:1e-60	Tpos:95.7,Tstd:55.1,Bpos:1914.9,Bstd:6838.1,StrandBias:-0.0,Multiplicity:1.50
0.236	0.281	0.458	0.025
0.344	0.591	0.001	0.064
0.180	0.104	0.715	0.001
0.308	0.053	0.601	0.038
0.935	0.015	0.001	0.049
0.819	0.009	0.001	0.171
0.365	0.216	0.340	0.078
0.163	0.338	0.232	0.266
>CCGGAAGC	7-CCGGAAGC	4.018389	-124.128157	0	T:712.0(18.09%),B:14541.6(9.83%),P:1e-53	Tpos:100.6,Tstd:54.3,Bpos:454.2,Bstd:1600.1,StrandBias:-0.2,Multiplicity:1.05
0.075	0.864	0.001	0.060
0.001	0.997	0.001	0.001
0.001	0.001	0.997	0.001
0.001	0.001	0.997	0.001
0.997	0.001	0.001	0.001
0.997	0.001	0.001	0.001
0.001	0.001	0.997	0.001
0.001	0.575	0.001	0.423
>TTCCGGTT	8-TTCCGGTT	6.500156	-101.334063	0	T:572.0(14.53%),B:11527.4(7.79%),P:1e-44	Tpos:100.5,Tstd:53.9,Bpos:1915.2,Bstd:7742.4,StrandBias:0.0,Multiplicity:1.08
0.019	0.043	0.001	0.937
0.001	0.001	0.001	0.997
0.005	0.967	0.001	0.027
0.001	0.980	0.001	0.018
0.001	0.001	0.860	0.138
0.029	0.081	0.839	0.051
0.046	0.063	0.125	0.766
0.038	0.113	0.106	0.743
>GGAAGTGA	9-GGAAGTGA	10.401843	-51.115350	0	T:168.0(4.27%),B:2642.0(1.79%),P:1e-22	Tpos:85.8,Tstd:59.6,Bpos:2011.7,Bstd:4741.4,StrandBias:-0.6,Multiplicity:1.00
0.001	0.001	0.997	0.001
0.001	0.001	0.997	0.001
0.997	0.001	0.001	0.001
0.997	0.001	0.001	0.001
0.001	0.001	0.997	0.001
0.001	0.001	0.001	0.997
0.001	0.001	0.997	0.001
0.513	0.178	0.162	0.147
>CGYCACGT	10-CGYCACGT	7.445935	-43.756570	0	T:391.0(9.93%),B:9072.2(6.13%),P:1e-19	Tpos:104.9,Tstd:56.3,Bpos:299.0,Bstd:719.2,StrandBias:-0.0,Multiplicity:1.09
0.122	0.653	0.107	0.118
0.172	0.093	0.734	0.001
0.064	0.526	0.001	0.409
0.043	0.782	0.118	0.057
0.997	0.001	0.001	0.001
0.001	0.754	0.001	0.244
0.026	0.048	0.900	0.026
0.168	0.252	0.001	0.579
>TGACGCAA	11-TGACGCAA	6.430376	-42.310208	0	T:339.0(8.61%),B:7616.4(5.15%),P:1e-18	Tpos:94.8,Tstd:52.4,Bpos:618.0,Bstd:1834.1,StrandBias:-0.1,Multiplicity:1.05
0.117	0.087	0.052	0.744
0.072	0.112	0.755	0.061
0.791	0.049	0.113	0.047
0.039	0.885	0.049	0.027
0.047	0.033	0.837	0.083
0.041	0.577	0.162	0.220
0.631	0.187	0.133	0.049
0.785	0.020	0.079	0.116
>AAGATGGC	12-AAGATGGC	9.053105	-37.540964	0	T:293.0(7.44%),B:6531.2(4.41%),P:1e-16	Tpos:98.3,Tstd:53.0,Bpos:1515.0,Bstd:4347.7,StrandBias:-0.1,Multiplicity:1.08
0.995	0.001	0.001	0.003
0.973	0.021	0.005	0.001
0.209	0.149	0.519	0.123
0.987	0.001	0.011	0.001
0.001	0.001	0.013	0.985
0.001	0.057	0.941	0.001
0.001	0.001	0.997	0.001
0.001	0.991	0.007	0.001
>YGCGCGTG	13-YGCGCGTG	7.087070	-27.341825	0	T:438.0(11.13%),B:11684.6(7.90%),P:1e-11	Tpos:39.8,Tstd:25.2,Bpos:483.3,Bstd:1514.3,StrandBias:0.0,Multiplicity:1.00
0.162	0.406	0.081	0.351
0.184	0.001	0.759	0.056
0.001	0.782	0.001	0.216
0.217	0.001	0.781	0.001
0.001	0.810	0.001	0.188
0.378	0.001	0.599	0.022
0.161	0.246	0.001	0.592
0.189	0.137	0.619	0.055
>RATGGCGG	14-RATGGCGG	7.288703	-22.967569	0	T:228.0(5.79%),B:5460.1(3.69%),P:1e-9	Tpos:94.7,Tstd:58.8,Bpos:467.9,Bstd:1661.8,StrandBias:-0.1,Multiplicity:1.03
0.455	0.215	0.329	0.001
0.804	0.001	0.087	0.108
0.060	0.026	0.230	0.684
0.170	0.049	0.696	0.085
0.186	0.182	0.590	0.042
0.117	0.723	0.035	0.125
0.148	0.001	0.783	0.068
0.087	0.180	0.531	0.202
>VSSMGGAA	15-VSSMGGAA	6.700104	-15.367051	0	T:1117.0(28.38%),B:36676.2(24.79%),P:1e-6	Tpos:89.1,Tstd:62.0,Bpos:1492.4,Bstd:4076.7,StrandBias:-0.3,Multiplicity:1.00
0.319	0.194	0.332	0.155
0.162	0.326	0.378	0.134
0.218	0.437	0.344	0.001
0.550	0.448	0.001	0.001
0.001	0.001	0.997	0.001
0.248	0.001	0.750	0.001
0.997	0.001	0.001	0.001
0.997	0.001	0.001	0.001
>GAAACGTG	16-GAAACGTG	6.785961	-8.472384	0	T:131.0(3.33%),B:3546.2(2.40%),P:1e-3	Tpos:91.1,Tstd:60.1,Bpos:2329.6,Bstd:7685.1,StrandBias:0.0,Multiplicity:1.00
0.214	0.055	0.704	0.027
0.826	0.034	0.054	0.086
0.842	0.001	0.092	0.065
0.628	0.001	0.345	0.026
0.123	0.660	0.046	0.171
0.256	0.078	0.584	0.082
0.118	0.226	0.152	0.504
0.108	0.073	0.744	0.075
>AAATGGCG	17-AAATGGCG	8.771577	-7.846129	0	T:51.0(1.30%),B:1134.7(0.77%),P:1e-3	Tpos:120.5,Tstd:50.5,Bpos:811.6,Bstd:3200.8,StrandBias:-0.2,Multiplicity:1.00
0.726	0.048	0.136	0.090
0.695	0.140	0.131	0.034
0.818	0.040	0.100	0.042
0.142	0.053	0.131	0.674
0.083	0.145	0.702	0.070
0.060	0.131	0.739	0.070
0.047	0.848	0.083	0.022
0.102	0.071	0.804	0.023
>GTCGCGTG	18-GTCGCGTG	8.250493	-5.381134	0	T:35.0(0.89%),B:803.4(0.54%),P:1e-2	Tpos:82.5,Tstd:14.7,Bpos:231.6,Bstd:791.8,StrandBias:-2.8,Multiplicity:1.00
0.054	0.054	0.833	0.059
0.223	0.100	0.196	0.481
0.181	0.552	0.229	0.038
0.137	0.061	0.777	0.025
0.007	0.939	0.053	0.001
0.195	0.051	0.593	0.161
0.111	0.097	0.001	0.791
0.039	0.079	0.772	0.110
>GRAASSDK	19-GRAASSDK	6.108665	-0.379855	0	T:55.0(1.40%),B:2191.3(1.48%),P:1e0	Tpos:86.9,Tstd:58.3,Bpos:507.4,Bstd:2239.4,StrandBias:-0.5,Multiplicity:1.00
0.023	0.110	0.794	0.073
0.539	0.010	0.450	0.001
0.897	0.080	0.001	0.022
0.966	0.001	0.001	0.032
0.244	0.314	0.412	0.031
0.067	0.390	0.335	0.208
0.313	0.156	0.330	0.201
0.198	0.161	0.349	0.292
>CTCMGGAA	20-CTCMGGAA	9.392551	-0.085251	0	T:92.0(2.34%),B:3971.8(2.68%),P:1e0	Tpos:90.9,Tstd:59.3,Bpos:2155.8,Bstd:6521.7,StrandBias:-0.4,Multiplicity:1.00
0.119	0.556	0.163	0.162
0.003	0.006	0.158	0.833
0.004	0.837	0.158	0.001
0.520	0.478	0.001	0.001
0.001	0.001	0.997	0.001
0.001	0.001	0.997	0.001
0.997	0.001	0.001	0.001
0.997	0.001	0.001	0.001
>CGCGCGCT	21-CGCGCGCT	10.595297	-0.025346	0	T:263.0(6.68%),B:11084.2(7.49%),P:1e0	Tpos:105.2,Tstd:59.5,Bpos:265.7,Bstd:639.2,StrandBias:-0.2,Multiplicity:1.00
0.001	0.997	0.001	0.001
0.001	0.001	0.997	0.001
0.001	0.997	0.001	0.001
0.001	0.001	0.997	0.001
0.001	0.997	0.001	0.001
0.001	0.001	0.997	0.001
0.001	0.982	0.001	0.016
0.001	0.001	0.366	0.632
>GGSAGGAA	22-GGSAGGAA	7.907880	-0.015930	0	T:284.0(7.22%),B:12041.2(8.14%),P:1e0	Tpos:110.6,Tstd:61.3,Bpos:1415.2,Bstd:3684.4,StrandBias:-0.2,Multiplicity:1.00
0.155	0.199	0.589	0.057
0.133	0.188	0.578	0.101
0.124	0.498	0.377	0.001
0.822	0.166	0.011	0.001
0.001	0.001	0.997	0.001
0.077	0.033	0.889	0.001
0.997	0.001	0.001	0.001
0.997	0.001	0.001	0.001
>CGCGCGCG	23-CGCGCGCG	10.208166	-0.014933	0	T:257.0(6.53%),B:10983.9(7.42%),P:1e0	Tpos:108.0,Tstd:53.2,Bpos:290.6,Bstd:816.2,StrandBias:0.0,Multiplicity:1.00
0.001	0.997	0.001	0.001
0.106	0.001	0.823	0.070
0.001	0.893	0.001	0.105
0.001	0.001	0.997	0.001
0.001	0.964	0.001	0.034
0.001	0.001	0.928	0.070
0.001	0.778	0.001	0.220
0.001	0.184	0.814	0.001
>TTCCTGDG	24-TTCCTGDG	8.707891	-0.002064	0	T:115.0(2.92%),B:5563.0(3.76%),P:1e0	Tpos:120.4,Tstd:52.8,Bpos:2279.9,Bstd:5100.8,StrandBias:0.4,Multiplicity:1.00
0.001	0.001	0.001	0.997
0.001	0.001	0.001	0.997
0.001	0.997	0.001	0.001
0.001	0.997	0.001	0.001
0.001	0.001	0.157	0.841
0.001	0.242	0.756	0.001
0.244	0.045	0.379	0.331
0.265	0.290	0.444	0.001
>CYSTTCCT	25-CYSTTCCT	8.616075	-0.000003	0	T:209.0(5.31%),B:10498.3(7.09%),P:1e0	Tpos:92.4,Tstd:56.3,Bpos:1846.3,Bstd:4957.7,StrandBias:-0.6,Multiplicity:1.00
0.093	0.715	0.063	0.129
0.159	0.331	0.171	0.339
0.001	0.435	0.303	0.261
0.001	0.001	0.001	0.997
0.001	0.001	0.001	0.997
0.001	0.997	0.001	0.001
0.001	0.997	0.001	0.001
0.001	0.001	0.170	0.828
