>NCCACGTGSBBN	1-NCCACGTGSBBN	6.662975	-1737.181733	0	T:2275.0(38.34%),B:15867.4(9.21%),P:1e-754	Tpos:51.5,Tstd:20.5,Bpos:2315.7,Bstd:7320.4,StrandBias:0.0,Multiplicity:1.07
0.286	0.246	0.282	0.186
0.197	0.479	0.323	0.001
0.001	0.997	0.001	0.001
0.994	0.001	0.004	0.001
0.001	0.816	0.001	0.182
0.084	0.001	0.914	0.001
0.001	0.001	0.001	0.997
0.001	0.001	0.997	0.001
0.001	0.333	0.482	0.184
0.166	0.269	0.233	0.332
0.160	0.329	0.241	0.270
0.192	0.269	0.308	0.231
>GCCACGTGACNS	2-GCCACGTGACNS	8.106036	-225.008710	0	T:655.0(11.04%),B:7412.5(4.30%),P:1e-97	Tpos:50.7,Tstd:24.8,Bpos:1330.3,Bstd:4675.0,StrandBias:-0.2,Multiplicity:1.07
0.136	0.191	0.517	0.156
0.004	0.519	0.119	0.358
0.001	0.997	0.001	0.001
0.947	0.001	0.031	0.021
0.001	0.711	0.001	0.287
0.001	0.001	0.997	0.001
0.027	0.113	0.001	0.859
0.001	0.001	0.997	0.001
0.773	0.001	0.225	0.001
0.005	0.678	0.243	0.074
0.233	0.277	0.189	0.300
0.093	0.399	0.332	0.176
>CCACGTGGCBGC	3-CCACGTGGCBGC	9.834701	-151.028394	0	T:249.0(4.20%),B:1857.6(1.08%),P:1e-65	Tpos:50.6,Tstd:22.0,Bpos:407.0,Bstd:1517.0,StrandBias:0.2,Multiplicity:1.02
0.047	0.620	0.181	0.152
0.035	0.939	0.009	0.017
0.564	0.006	0.254	0.176
0.001	0.912	0.033	0.054
0.064	0.010	0.918	0.008
0.218	0.246	0.008	0.528
0.007	0.003	0.968	0.022
0.134	0.080	0.753	0.033
0.077	0.639	0.103	0.181
0.163	0.267	0.248	0.321
0.083	0.237	0.525	0.155
0.125	0.479	0.322	0.074
>NNNNVCACGCGG	4-NNNNVCACGCGG	7.617592	-139.147594	0	T:729.0(12.29%),B:10911.3(6.33%),P:1e-60	Tpos:48.7,Tstd:21.9,Bpos:485.7,Bstd:1892.2,StrandBias:-0.0,Multiplicity:1.04
0.226	0.293	0.267	0.214
0.216	0.295	0.269	0.220
0.238	0.262	0.311	0.190
0.236	0.266	0.267	0.231
0.349	0.331	0.296	0.024
0.043	0.905	0.038	0.014
0.826	0.060	0.063	0.051
0.045	0.750	0.086	0.119
0.074	0.064	0.821	0.041
0.379	0.585	0.034	0.002
0.044	0.066	0.794	0.096
0.026	0.233	0.702	0.039
>GWGCACATGDCT	5-GWGCACATGDCT	9.797468	-113.675093	0	T:149.0(2.51%),B:895.9(0.52%),P:1e-49	Tpos:50.1,Tstd:24.4,Bpos:3885.7,Bstd:8980.0,StrandBias:-0.5,Multiplicity:1.00
0.338	0.001	0.548	0.113
0.573	0.001	0.001	0.425
0.023	0.117	0.821	0.039
0.001	0.997	0.001	0.001
0.578	0.001	0.288	0.133
0.001	0.824	0.174	0.001
0.777	0.070	0.152	0.001
0.001	0.001	0.116	0.882
0.001	0.001	0.985	0.013
0.280	0.001	0.397	0.322
0.158	0.737	0.016	0.089
0.281	0.089	0.001	0.629
>GAGGAAGTGAAA	6-GAGGAAGTGAAA	10.754275	-81.012997	0	T:113.0(1.90%),B:727.0(0.42%),P:1e-35	Tpos:48.3,Tstd:25.8,Bpos:5325.9,Bstd:9923.5,StrandBias:-0.5,Multiplicity:1.03
0.204	0.084	0.660	0.052
0.557	0.078	0.319	0.046
0.097	0.001	0.868	0.034
0.019	0.001	0.979	0.001
0.967	0.012	0.001	0.020
0.984	0.001	0.001	0.014
0.039	0.342	0.577	0.042
0.089	0.061	0.029	0.821
0.017	0.063	0.852	0.068
0.801	0.112	0.040	0.047
0.788	0.105	0.106	0.001
0.837	0.054	0.051	0.058
>NGCCACGTGTTS	7-NGCCACGTGTTS	8.131356	-70.544735	0	T:88.0(1.48%),B:507.2(0.29%),P:1e-30	Tpos:72.3,Tstd:21.5,Bpos:2167.5,Bstd:5355.8,StrandBias:-1.0,Multiplicity:1.00
0.301	0.244	0.223	0.231
0.093	0.128	0.683	0.096
0.091	0.679	0.137	0.093
0.108	0.709	0.097	0.086
0.576	0.136	0.152	0.136
0.101	0.619	0.150	0.130
0.129	0.145	0.615	0.111
0.109	0.154	0.128	0.609
0.067	0.131	0.681	0.121
0.100	0.182	0.142	0.576
0.104	0.139	0.178	0.579
0.170	0.376	0.255	0.199
>ACTTCCTCTTTY	8-ACTTCCTCTTTY	10.455021	-66.346103	0	T:119.0(2.01%),B:961.9(0.56%),P:1e-28	Tpos:48.0,Tstd:25.2,Bpos:3516.7,Bstd:8660.4,StrandBias:-0.4,Multiplicity:1.02
0.703	0.028	0.253	0.016
0.001	0.663	0.242	0.094
0.034	0.001	0.001	0.964
0.007	0.001	0.001	0.991
0.001	0.981	0.005	0.013
0.001	0.897	0.001	0.101
0.015	0.279	0.183	0.523
0.022	0.531	0.262	0.185
0.140	0.120	0.097	0.643
0.037	0.057	0.045	0.861
0.085	0.179	0.041	0.695
0.085	0.410	0.119	0.387
>RGTTTCASTTCC	9-RGTTTCASTTCC	9.644692	-63.571374	0	T:147.0(2.48%),B:1431.1(0.83%),P:1e-27	Tpos:48.2,Tstd:26.6,Bpos:3635.8,Bstd:8459.4,StrandBias:0.4,Multiplicity:1.00
0.301	0.141	0.411	0.146
0.001	0.317	0.489	0.193
0.095	0.096	0.121	0.688
0.086	0.214	0.059	0.641
0.021	0.284	0.092	0.603
0.001	0.900	0.001	0.098
0.504	0.050	0.186	0.260
0.008	0.534	0.454	0.004
0.082	0.001	0.001	0.916
0.021	0.001	0.001	0.977
0.001	0.807	0.001	0.191
0.001	0.747	0.001	0.251
>GCCMCCTAGTGG	10-GCCMCCTAGTGG	11.469462	-35.743897	0	T:60.0(1.01%),B:469.5(0.27%),P:1e-15	Tpos:51.5,Tstd:27.1,Bpos:1005.5,Bstd:3559.7,StrandBias:-0.6,Multiplicity:1.00
0.030	0.023	0.901	0.046
0.058	0.856	0.067	0.019
0.021	0.915	0.063	0.001
0.436	0.464	0.065	0.035
0.021	0.752	0.010	0.217
0.001	0.997	0.001	0.001
0.055	0.044	0.083	0.818
0.438	0.108	0.277	0.177
0.021	0.152	0.826	0.001
0.081	0.112	0.026	0.781
0.018	0.025	0.956	0.001
0.021	0.042	0.904	0.033
>VVVCAYGCDNYN	11-VVVCAYGCDNYN	7.006035	-35.218843	0	T:354.0(5.97%),B:6499.7(3.77%),P:1e-15	Tpos:54.3,Tstd:23.2,Bpos:444.0,Bstd:1890.1,StrandBias:-0.4,Multiplicity:1.01
0.302	0.229	0.317	0.153
0.303	0.384	0.288	0.024
0.318	0.281	0.385	0.015
0.042	0.867	0.051	0.040
0.741	0.067	0.127	0.065
0.026	0.530	0.025	0.419
0.048	0.057	0.861	0.034
0.126	0.741	0.048	0.085
0.215	0.195	0.364	0.226
0.206	0.233	0.303	0.259
0.075	0.464	0.092	0.370
0.260	0.215	0.285	0.239
>YCACTTCCTCTT	12-YCACTTCCTCTT	11.515118	-24.462871	0	T:31.0(0.52%),B:192.8(0.11%),P:1e-10	Tpos:51.3,Tstd:19.8,Bpos:2621.6,Bstd:5730.7,StrandBias:-0.8,Multiplicity:1.00
0.158	0.301	0.126	0.415
0.043	0.671	0.079	0.207
0.773	0.074	0.027	0.126
0.007	0.681	0.142	0.170
0.031	0.001	0.001	0.967
0.001	0.011	0.001	0.987
0.001	0.954	0.001	0.044
0.001	0.990	0.001	0.008
0.011	0.218	0.097	0.674
0.029	0.602	0.254	0.115
0.153	0.178	0.004	0.665
0.231	0.178	0.051	0.540
>ACATGTGCWBNN	13-ACATGTGCWBNN	11.084527	-23.980913	0	T:21.0(0.35%),B:84.3(0.05%),P:1e-10	Tpos:35.1,Tstd:22.8,Bpos:4624.8,Bstd:11544.1,StrandBias:-0.8,Multiplicity:1.00
0.634	0.001	0.144	0.221
0.081	0.905	0.013	0.001
0.997	0.001	0.001	0.001
0.015	0.001	0.096	0.888
0.001	0.157	0.841	0.001
0.001	0.001	0.001	0.997
0.001	0.001	0.997	0.001
0.034	0.752	0.001	0.213
0.475	0.001	0.013	0.511
0.126	0.226	0.354	0.295
0.249	0.294	0.202	0.255
0.196	0.246	0.283	0.275
>AAAGCAGAAGTG	14-AAAGCAGAAGTG	12.570024	-22.535003	0	T:24.0(0.40%),B:124.2(0.07%),P:1e-9	Tpos:53.2,Tstd:22.9,Bpos:5088.1,Bstd:8316.5,StrandBias:-1.3,Multiplicity:1.00
0.899	0.047	0.001	0.053
0.862	0.037	0.047	0.054
0.997	0.001	0.001	0.001
0.060	0.001	0.938	0.001
0.001	0.975	0.023	0.001
0.945	0.001	0.001	0.053
0.001	0.001	0.997	0.001
0.997	0.001	0.001	0.001
0.970	0.001	0.001	0.028
0.031	0.236	0.732	0.001
0.001	0.001	0.029	0.969
0.047	0.033	0.887	0.033
>GWGGGGGARGGR	15-GWGGGGGARGGR	11.276280	-7.844677	0	T:34.0(0.57%),B:508.9(0.30%),P:1e-3	Tpos:45.5,Tstd:24.4,Bpos:1019.0,Bstd:4682.4,StrandBias:0.9,Multiplicity:1.00
0.203	0.278	0.491	0.028
0.294	0.136	0.187	0.382
0.001	0.001	0.997	0.001
0.001	0.001	0.695	0.303
0.213	0.214	0.572	0.001
0.001	0.001	0.997	0.001
0.001	0.001	0.997	0.001
0.517	0.001	0.261	0.221
0.447	0.001	0.379	0.173
0.001	0.014	0.938	0.047
0.001	0.023	0.623	0.353
0.442	0.001	0.556	0.001
>GKGCRCAYGTGC	16-GKGCRCAYGTGC	10.506654	-6.572693	0	T:12.0(0.20%),B:118.6(0.07%),P:1e-2	Tpos:52.8,Tstd:7.5,Bpos:1642.4,Bstd:3098.4,StrandBias:1.6,Multiplicity:1.00
0.218	0.225	0.391	0.165
0.187	0.117	0.330	0.367
0.181	0.111	0.570	0.138
0.178	0.680	0.010	0.132
0.379	0.040	0.446	0.135
0.001	0.997	0.001	0.001
0.626	0.001	0.372	0.001
0.001	0.433	0.001	0.565
0.001	0.001	0.973	0.025
0.020	0.332	0.001	0.647
0.068	0.032	0.836	0.064
0.154	0.557	0.097	0.192
>CACCCCTCCCCC	17-CACCCCTCCCCC	15.812484	-4.295161	0	T:13.0(0.22%),B:181.2(0.11%),P:1e-1	Tpos:56.7,Tstd:21.9,Bpos:1813.3,Bstd:5336.5,StrandBias:0.7,Multiplicity:1.00
0.020	0.936	0.043	0.001
0.674	0.068	0.122	0.136
0.001	0.974	0.001	0.024
0.026	0.931	0.028	0.015
0.001	0.977	0.021	0.001
0.034	0.897	0.001	0.068
0.030	0.028	0.001	0.941
0.013	0.985	0.001	0.001
0.001	0.997	0.001	0.001
0.001	0.997	0.001	0.001
0.001	0.973	0.025	0.001
0.001	0.977	0.016	0.006
>GCCGCCATCTTG	18-GCCGCCATCTTG	11.876910	-2.956942	0	T:51.0(0.86%),B:1156.7(0.67%),P:1e-1	Tpos:46.4,Tstd:25.6,Bpos:482.7,Bstd:2085.7,StrandBias:0.0,Multiplicity:1.00
0.066	0.030	0.843	0.061
0.080	0.780	0.061	0.079
0.065	0.809	0.064	0.062
0.040	0.042	0.864	0.054
0.012	0.897	0.066	0.025
0.001	0.911	0.087	0.001
0.897	0.068	0.001	0.034
0.037	0.022	0.061	0.880
0.039	0.762	0.098	0.101
0.025	0.095	0.139	0.741
0.025	0.034	0.132	0.809
0.080	0.034	0.809	0.077
>NANACACATGCN	19-NANACACATGCN	8.673256	-1.859985	0	T:1.0(0.02%),B:4.1(0.00%),P:1e0	Tpos:32.0,Tstd:0.0,Bpos:2565.9,Bstd:1678.7,StrandBias:-10.0,Multiplicity:1.00
0.251	0.238	0.291	0.219
0.522	0.164	0.166	0.148
0.218	0.239	0.238	0.304
0.522	0.170	0.200	0.108
0.115	0.723	0.114	0.048
0.641	0.137	0.125	0.097
0.095	0.728	0.133	0.044
0.597	0.164	0.130	0.109
0.139	0.152	0.178	0.531
0.070	0.122	0.733	0.075
0.091	0.709	0.091	0.109
0.235	0.261	0.243	0.260
>ACTCTCTCTCTC	20-ACTCTCTCTCTC	13.745675	-0.545576	0	T:3.0(0.05%),B:87.9(0.05%),P:1e0	Tpos:50.0,Tstd:18.0,Bpos:5738.9,Bstd:9681.0,StrandBias:0.0,Multiplicity:1.00
0.707	0.001	0.023	0.269
0.074	0.850	0.019	0.057
0.060	0.001	0.284	0.655
0.001	0.713	0.256	0.030
0.001	0.025	0.001	0.973
0.001	0.853	0.064	0.082
0.001	0.028	0.052	0.919
0.001	0.852	0.055	0.092
0.001	0.001	0.056	0.942
0.001	0.953	0.001	0.045
0.097	0.001	0.001	0.901
0.050	0.869	0.080	0.001
>GAGAAAGAGAGA	21-GAGAAAGAGAGA	14.629106	-0.272644	0	T:4.0(0.07%),B:151.4(0.09%),P:1e0	Tpos:49.0,Tstd:28.9,Bpos:6616.9,Bstd:9995.9,StrandBias:10.0,Multiplicity:1.00
0.001	0.130	0.868	0.001
0.944	0.001	0.001	0.054
0.001	0.097	0.901	0.001
0.922	0.001	0.076	0.001
0.513	0.144	0.342	0.001
0.997	0.001	0.001	0.001
0.042	0.001	0.956	0.001
0.997	0.001	0.001	0.001
0.001	0.001	0.997	0.001
0.875	0.123	0.001	0.001
0.150	0.114	0.735	0.001
0.632	0.269	0.001	0.098
>VNRHGCATGCDN	22-VNRHGCATGCDN	8.368792	-0.263736	0	T:62.0(1.05%),B:1965.8(1.14%),P:1e0	Tpos:41.7,Tstd:24.9,Bpos:426.9,Bstd:1546.2,StrandBias:-0.3,Multiplicity:1.00
0.249	0.271	0.321	0.159
0.214	0.328	0.214	0.243
0.429	0.001	0.569	0.001
0.311	0.373	0.001	0.315
0.383	0.001	0.615	0.001
0.001	0.997	0.001	0.001
0.997	0.001	0.001	0.001
0.001	0.411	0.001	0.587
0.001	0.001	0.997	0.001
0.001	0.450	0.250	0.299
0.264	0.001	0.381	0.354
0.184	0.317	0.262	0.237
>RCRCRCRCRCRC	23-RCRCRCRCRCRC	10.586218	-0.208497	0	T:10.0(0.17%),B:369.3(0.21%),P:1e0	Tpos:79.0,Tstd:9.3,Bpos:237.6,Bstd:384.6,StrandBias:-1.0,Multiplicity:1.00
0.467	0.031	0.468	0.034
0.027	0.539	0.126	0.308
0.490	0.021	0.456	0.034
0.048	0.859	0.039	0.054
0.500	0.039	0.419	0.043
0.028	0.856	0.068	0.048
0.470	0.041	0.461	0.028
0.017	0.634	0.034	0.315
0.462	0.026	0.497	0.015
0.046	0.870	0.034	0.050
0.441	0.027	0.495	0.037
0.024	0.830	0.086	0.060
>CACACACACACA	24-CACACACACACA	8.785522	-0.162453	0	T:146.0(2.46%),B:4606.3(2.67%),P:1e0	Tpos:47.8,Tstd:29.7,Bpos:2700.9,Bstd:7398.1,StrandBias:-0.1,Multiplicity:1.14
0.001	0.997	0.001	0.001
0.944	0.001	0.054	0.001
0.001	0.997	0.001	0.001
0.864	0.001	0.134	0.001
0.001	0.997	0.001	0.001
0.769	0.001	0.229	0.001
0.001	0.997	0.001	0.001
0.788	0.001	0.210	0.001
0.001	0.997	0.001	0.001
0.903	0.001	0.095	0.001
0.001	0.997	0.001	0.001
0.815	0.001	0.183	0.001
>AGAGAGARAGAG	25-AGAGAGARAGAG	12.355666	-0.124215	0	T:15.0(0.25%),B:574.1(0.33%),P:1e0	Tpos:45.5,Tstd:25.9,Bpos:5021.7,Bstd:9347.7,StrandBias:1.7,Multiplicity:1.08
0.623	0.026	0.173	0.178
0.139	0.014	0.825	0.022
0.965	0.001	0.033	0.001
0.001	0.028	0.949	0.022
0.778	0.016	0.011	0.195
0.229	0.200	0.521	0.050
0.918	0.035	0.008	0.039
0.371	0.215	0.394	0.020
0.764	0.001	0.026	0.209
0.187	0.021	0.737	0.055
0.562	0.385	0.013	0.040
0.338	0.027	0.634	0.001
