>GSCACGTG	1-GSCACGTG	5.961454	-1835.050133	0	T:3115.0(52.50%),B:29577.6(17.16%),P:1e-796	Tpos:50.9,Tstd:21.7,Bpos:2906.8,Bstd:8381.8,StrandBias:-0.0,Multiplicity:1.14
0.222	0.209	0.423	0.146
0.196	0.402	0.382	0.020
0.006	0.992	0.001	0.001
0.876	0.001	0.062	0.061
0.001	0.808	0.001	0.190
0.223	0.001	0.775	0.001
0.034	0.043	0.001	0.922
0.001	0.001	0.997	0.001
>VHCACGTG	2-VHCACGTG	6.510770	-1005.500056	0	T:1840.0(31.01%),B:16532.2(9.59%),P:1e-436	Tpos:45.5,Tstd:32.8,Bpos:1140.6,Bstd:3181.5,StrandBias:1.2,Multiplicity:1.00
0.256	0.251	0.336	0.156
0.295	0.358	0.008	0.339
0.201	0.752	0.041	0.006
0.553	0.001	0.343	0.103
0.001	0.729	0.001	0.269
0.288	0.001	0.710	0.001
0.058	0.100	0.001	0.841
0.001	0.001	0.997	0.001
>MCGCRTGY	3-MCGCRTGY	6.417398	-463.631370	0	T:2020.0(34.05%),B:29905.5(17.35%),P:1e-201	Tpos:50.6,Tstd:24.6,Bpos:898.7,Bstd:3532.2,StrandBias:0.0,Multiplicity:1.09
0.450	0.329	0.180	0.042
0.219	0.713	0.034	0.034
0.265	0.001	0.593	0.141
0.001	0.997	0.001	0.001
0.530	0.001	0.468	0.001
0.001	0.100	0.001	0.898
0.001	0.005	0.990	0.004
0.145	0.374	0.185	0.296
>CCACGAGG	4-CCACGAGG	8.837513	-52.530816	0	T:299.0(5.04%),B:4583.7(2.66%),P:1e-22	Tpos:49.0,Tstd:23.7,Bpos:881.0,Bstd:2922.1,StrandBias:-0.1,Multiplicity:1.01
0.124	0.649	0.226	0.001
0.001	0.997	0.001	0.001
0.997	0.001	0.001	0.001
0.001	0.863	0.001	0.135
0.001	0.001	0.997	0.001
0.997	0.001	0.001	0.001
0.001	0.001	0.997	0.001
0.001	0.001	0.997	0.001
>GNCGCRTG	5-GNCGCRTG	7.341948	-42.629145	0	T:577.0(9.73%),B:11386.6(6.61%),P:1e-18	Tpos:51.4,Tstd:25.6,Bpos:486.3,Bstd:2044.9,StrandBias:-0.2,Multiplicity:1.02
0.217	0.202	0.412	0.169
0.187	0.259	0.302	0.252
0.265	0.733	0.001	0.001
0.242	0.001	0.685	0.072
0.001	0.997	0.001	0.001
0.523	0.001	0.475	0.001
0.001	0.041	0.001	0.957
0.001	0.001	0.997	0.001
>CGCACGCG	6-CGCACGCG	8.582989	-19.802685	0	T:411.0(6.93%),B:8840.2(5.13%),P:1e-8	Tpos:57.1,Tstd:27.6,Bpos:336.2,Bstd:920.9,StrandBias:-0.7,Multiplicity:1.00
0.233	0.412	0.218	0.137
0.238	0.151	0.610	0.001
0.001	0.997	0.001	0.001
0.997	0.001	0.001	0.001
0.001	0.997	0.001	0.001
0.127	0.001	0.871	0.001
0.001	0.997	0.001	0.001
0.209	0.001	0.712	0.078
>GGAAGTGA	7-GGAAGTGA	10.538881	-9.431075	0	T:137.0(2.31%),B:2812.8(1.63%),P:1e-4	Tpos:48.1,Tstd:28.7,Bpos:3859.5,Bstd:8278.8,StrandBias:0.0,Multiplicity:1.00
0.154	0.001	0.844	0.001
0.001	0.001	0.997	0.001
0.997	0.001	0.001	0.001
0.997	0.001	0.001	0.001
0.001	0.001	0.997	0.001
0.001	0.001	0.001	0.997
0.001	0.001	0.997	0.001
0.695	0.001	0.202	0.102
>CACGTGAG	8-CACGTGAG	9.215172	-8.838168	0	T:82.0(1.38%),B:1533.6(0.89%),P:1e-3	Tpos:64.4,Tstd:18.9,Bpos:1540.0,Bstd:4611.8,StrandBias:-2.0,Multiplicity:1.00
0.001	0.997	0.001	0.001
0.997	0.001	0.001	0.001
0.001	0.667	0.001	0.331
0.224	0.001	0.774	0.001
0.001	0.001	0.001	0.997
0.001	0.001	0.997	0.001
0.677	0.001	0.001	0.321
0.163	0.230	0.444	0.163
>NAAVCAYR	9-NAAVCAYR	6.102554	-6.961091	0	T:39.0(0.66%),B:644.3(0.37%),P:1e-3	Tpos:56.6,Tstd:24.2,Bpos:2171.5,Bstd:6212.4,StrandBias:1.5,Multiplicity:1.00
0.308	0.249	0.186	0.257
0.529	0.074	0.291	0.106
0.553	0.285	0.158	0.004
0.276	0.263	0.398	0.062
0.002	0.962	0.001	0.035
0.963	0.004	0.010	0.023
0.096	0.419	0.181	0.304
0.382	0.083	0.490	0.045
>AACWGAAA	10-AACWGAAA	9.374493	-6.846823	0	T:89.0(1.50%),B:1815.6(1.05%),P:1e-2	Tpos:47.1,Tstd:27.7,Bpos:7248.6,Bstd:11268.2,StrandBias:-0.3,Multiplicity:1.02
0.997	0.001	0.001	0.001
0.997	0.001	0.001	0.001
0.001	0.577	0.421	0.001
0.421	0.040	0.001	0.538
0.001	0.001	0.997	0.001
0.588	0.001	0.410	0.001
0.997	0.001	0.001	0.001
0.997	0.001	0.001	0.001
>ACTTCCGC	11-ACTTCCGC	7.743825	-6.282676	0	T:298.0(5.02%),B:7280.7(4.22%),P:1e-2	Tpos:47.9,Tstd:28.9,Bpos:1427.2,Bstd:4927.2,StrandBias:-0.0,Multiplicity:1.06
0.703	0.039	0.204	0.054
0.036	0.717	0.099	0.148
0.059	0.001	0.019	0.921
0.044	0.004	0.034	0.918
0.013	0.904	0.025	0.058
0.022	0.893	0.012	0.073
0.022	0.158	0.485	0.334
0.048	0.462	0.278	0.211
>AMACAYGY	12-AMACAYGY	5.903710	-6.141228	0	T:247.0(4.16%),B:5941.1(3.45%),P:1e-2	Tpos:44.1,Tstd:28.1,Bpos:2587.9,Bstd:8147.8,StrandBias:-0.7,Multiplicity:1.00
0.419	0.227	0.213	0.142
0.359	0.454	0.089	0.098
0.571	0.047	0.311	0.071
0.001	0.882	0.012	0.105
0.618	0.072	0.309	0.001
0.127	0.410	0.044	0.419
0.225	0.068	0.631	0.076
0.200	0.419	0.015	0.365
>CACTTCCT	13-CACTTCCT	8.738732	-4.186167	0	T:146.0(2.46%),B:3512.8(2.04%),P:1e-1	Tpos:51.6,Tstd:26.3,Bpos:2691.2,Bstd:7165.9,StrandBias:-0.1,Multiplicity:1.05
0.094	0.599	0.122	0.185
0.855	0.012	0.089	0.044
0.016	0.502	0.248	0.234
0.040	0.001	0.003	0.956
0.034	0.001	0.010	0.955
0.024	0.873	0.024	0.079
0.008	0.904	0.001	0.087
0.001	0.126	0.359	0.514
>VNCACGTG	14-VNCACGTG	7.261522	-4.050485	0	T:110.0(1.85%),B:2580.5(1.50%),P:1e-1	Tpos:42.7,Tstd:28.7,Bpos:480.5,Bstd:1482.1,StrandBias:-0.3,Multiplicity:1.03
0.275	0.270	0.363	0.093
0.205	0.282	0.205	0.308
0.185	0.813	0.001	0.001
0.733	0.001	0.233	0.033
0.001	0.679	0.001	0.319
0.240	0.001	0.758	0.001
0.123	0.193	0.001	0.683
0.001	0.001	0.928	0.070
>TTCCTSTT	15-TTCCTSTT	8.544720	-3.523128	0	T:100.0(1.69%),B:2376.7(1.38%),P:1e-1	Tpos:48.2,Tstd:27.8,Bpos:4136.3,Bstd:8113.2,StrandBias:0.6,Multiplicity:1.01
0.001	0.102	0.001	0.896
0.001	0.001	0.001	0.997
0.001	0.997	0.001	0.001
0.195	0.702	0.102	0.001
0.001	0.239	0.238	0.522
0.001	0.456	0.486	0.057
0.137	0.001	0.114	0.748
0.077	0.065	0.197	0.661
>RYGTGGYT	16-RYGTGGYT	7.150165	-2.982683	0	T:34.0(0.57%),B:723.6(0.42%),P:1e-1	Tpos:42.4,Tstd:27.0,Bpos:1319.6,Bstd:3332.7,StrandBias:0.9,Multiplicity:1.00
0.393	0.028	0.458	0.121
0.023	0.499	0.025	0.453
0.073	0.006	0.889	0.032
0.033	0.042	0.001	0.924
0.027	0.005	0.962	0.006
0.018	0.376	0.533	0.073
0.045	0.338	0.225	0.393
0.165	0.241	0.080	0.514
>RCATGYBN	17-RCATGYBN	5.356033	-1.074963	0	T:77.0(1.30%),B:2123.9(1.23%),P:1e0	Tpos:46.7,Tstd:25.5,Bpos:6398.9,Bstd:11398.0,StrandBias:-1.0,Multiplicity:1.00
0.360	0.001	0.482	0.157
0.021	0.643	0.001	0.335
0.560	0.010	0.338	0.092
0.012	0.396	0.001	0.591
0.036	0.001	0.962	0.001
0.111	0.393	0.225	0.271
0.161	0.206	0.316	0.317
0.263	0.188	0.231	0.318
>CACGCWYN	18-CACGCWYN	6.213397	-0.979059	0	T:77.0(1.30%),B:2146.1(1.25%),P:1e0	Tpos:51.9,Tstd:27.2,Bpos:529.5,Bstd:2553.5,StrandBias:-0.3,Multiplicity:1.18
0.073	0.704	0.007	0.216
0.703	0.001	0.202	0.094
0.025	0.652	0.001	0.322
0.384	0.022	0.589	0.005
0.049	0.949	0.001	0.001
0.412	0.043	0.210	0.335
0.135	0.377	0.158	0.330
0.231	0.252	0.272	0.245
>CACACACG	19-CACACACG	10.099811	-0.648207	0	T:104.0(1.75%),B:3028.3(1.76%),P:1e0	Tpos:48.8,Tstd:28.1,Bpos:1996.2,Bstd:6475.2,StrandBias:1.2,Multiplicity:1.05
0.001	0.949	0.001	0.049
0.814	0.001	0.184	0.001
0.001	0.997	0.001	0.001
0.952	0.001	0.046	0.001
0.001	0.997	0.001	0.001
0.805	0.001	0.193	0.001
0.001	0.997	0.001	0.001
0.365	0.001	0.633	0.001
>TGCGYRYG	20-TGCGYRYG	8.495632	-0.358530	0	T:97.0(1.63%),B:2960.2(1.72%),P:1e0	Tpos:50.2,Tstd:24.8,Bpos:428.7,Bstd:1486.4,StrandBias:0.4,Multiplicity:1.00
0.002	0.315	0.001	0.682
0.001	0.001	0.997	0.001
0.001	0.758	0.001	0.240
0.001	0.001	0.997	0.001
0.001	0.501	0.001	0.497
0.446	0.001	0.552	0.001
0.001	0.471	0.001	0.527
0.001	0.001	0.997	0.001
>AAGCGGAA	21-AAGCGGAA	8.601267	-0.284863	0	T:35.0(0.59%),B:1129.5(0.66%),P:1e0	Tpos:49.3,Tstd:24.1,Bpos:1094.9,Bstd:5927.6,StrandBias:0.2,Multiplicity:1.00
0.782	0.050	0.097	0.071
0.766	0.082	0.074	0.078
0.080	0.311	0.566	0.043
0.269	0.462	0.058	0.211
0.058	0.012	0.866	0.064
0.194	0.049	0.731	0.026
0.897	0.041	0.034	0.028
0.933	0.005	0.013	0.049
>RCRCAYGC	22-RCRCAYGC	6.162034	-0.125009	0	T:72.0(1.21%),B:2390.6(1.39%),P:1e0	Tpos:53.4,Tstd:24.9,Bpos:1842.2,Bstd:6419.1,StrandBias:0.2,Multiplicity:1.05
0.367	0.194	0.315	0.124
0.126	0.464	0.217	0.194
0.352	0.165	0.321	0.162
0.001	0.997	0.001	0.001
0.700	0.001	0.298	0.001
0.066	0.474	0.001	0.460
0.262	0.001	0.736	0.001
0.190	0.496	0.001	0.312
>TGTGCATG	23-TGTGCATG	9.108224	-0.035497	0	T:57.0(0.96%),B:2079.1(1.21%),P:1e0	Tpos:51.4,Tstd:27.8,Bpos:4276.8,Bstd:9187.9,StrandBias:-0.8,Multiplicity:1.00
0.018	0.001	0.001	0.980
0.001	0.001	0.997	0.001
0.001	0.358	0.001	0.640
0.021	0.001	0.977	0.001
0.001	0.593	0.001	0.405
0.596	0.001	0.402	0.001
0.001	0.358	0.001	0.640
0.001	0.001	0.997	0.001
>CACAYGCT	24-CACAYGCT	7.812154	-0.001187	0	T:33.0(0.56%),B:1553.9(0.90%),P:1e0	Tpos:46.6,Tstd:24.8,Bpos:1147.9,Bstd:5113.6,StrandBias:0.6,Multiplicity:1.00
0.146	0.687	0.113	0.054
0.591	0.064	0.331	0.014
0.004	0.956	0.001	0.039
0.778	0.001	0.219	0.002
0.088	0.525	0.001	0.386
0.091	0.001	0.890	0.018
0.241	0.543	0.089	0.127
0.153	0.051	0.305	0.492
>RCATGCHY	25-RCATGCHY	7.718942	-0.000116	0	T:18.0(0.30%),B:1110.0(0.64%),P:1e0	Tpos:61.0,Tstd:27.0,Bpos:7265.5,Bstd:11984.9,StrandBias:0.0,Multiplicity:1.00
0.482	0.076	0.441	0.001
0.001	0.997	0.001	0.001
0.907	0.001	0.080	0.012
0.050	0.289	0.001	0.660
0.109	0.001	0.889	0.001
0.001	0.961	0.001	0.037
0.386	0.275	0.079	0.260
0.105	0.359	0.174	0.362
