>NRSCACGTGG	1-NRSCACGTGG	5.943730	-1840.002291	0	T:2998.0(50.53%),B:27244.7(15.81%),P:1e-799	Tpos:51.1,Tstd:21.3,Bpos:2875.6,Bstd:8316.7,StrandBias:-0.0,Multiplicity:1.12
0.232	0.212	0.342	0.214
0.396	0.177	0.271	0.155
0.198	0.434	0.346	0.022
0.001	0.997	0.001	0.001
0.880	0.001	0.076	0.043
0.001	0.758	0.001	0.240
0.297	0.001	0.701	0.001
0.068	0.045	0.001	0.886
0.001	0.001	0.995	0.003
0.022	0.295	0.479	0.204
>CAYGYGNNNN	2-CAYGYGNNNN	5.256937	-773.968550	0	T:1410.0(23.77%),B:12222.0(7.09%),P:1e-336	Tpos:50.4,Tstd:24.0,Bpos:677.7,Bstd:3767.4,StrandBias:0.4,Multiplicity:1.00
0.107	0.891	0.001	0.001
0.612	0.001	0.232	0.155
0.001	0.535	0.062	0.402
0.343	0.083	0.573	0.001
0.153	0.398	0.013	0.437
0.126	0.092	0.527	0.255
0.166	0.279	0.302	0.252
0.199	0.274	0.255	0.273
0.229	0.266	0.277	0.228
0.259	0.241	0.238	0.261
>CRCGTGBBNN	3-CRCGTGBBNN	5.631368	-390.088871	0	T:868.0(14.63%),B:8399.5(4.87%),P:1e-169	Tpos:48.0,Tstd:25.2,Bpos:630.4,Bstd:2780.5,StrandBias:0.0,Multiplicity:1.02
0.180	0.576	0.076	0.168
0.433	0.045	0.401	0.120
0.011	0.624	0.009	0.356
0.289	0.042	0.626	0.043
0.060	0.371	0.013	0.556
0.011	0.027	0.777	0.185
0.111	0.319	0.243	0.327
0.115	0.239	0.291	0.355
0.198	0.280	0.264	0.258
0.199	0.290	0.246	0.264
>GCCACGTGAS	4-GCCACGTGAS	8.110911	-169.313921	0	T:595.0(10.03%),B:7429.4(4.31%),P:1e-73	Tpos:46.7,Tstd:23.7,Bpos:1209.2,Bstd:4581.9,StrandBias:-0.2,Multiplicity:1.04
0.159	0.100	0.692	0.049
0.079	0.775	0.084	0.062
0.001	0.986	0.001	0.012
0.616	0.001	0.194	0.189
0.001	0.882	0.001	0.116
0.105	0.001	0.893	0.001
0.029	0.050	0.013	0.908
0.001	0.001	0.977	0.021
0.696	0.250	0.001	0.053
0.185	0.415	0.372	0.029
>VCAYGYGNBN	5-VCAYGYGNBN	6.159518	-79.600026	0	T:154.0(2.60%),B:1315.8(0.76%),P:1e-34	Tpos:32.0,Tstd:17.8,Bpos:4737.4,Bstd:6581.7,StrandBias:-1.0,Multiplicity:1.50
0.328	0.305	0.311	0.056
0.089	0.846	0.026	0.039
0.709	0.076	0.133	0.082
0.017	0.474	0.029	0.480
0.086	0.076	0.739	0.099
0.068	0.391	0.048	0.494
0.029	0.001	0.565	0.405
0.232	0.239	0.252	0.277
0.048	0.268	0.328	0.357
0.255	0.256	0.240	0.249
>GAASTGAAAS	6-GAASTGAAAS	7.454845	-68.540650	0	T:86.0(1.45%),B:499.5(0.29%),P:1e-29	Tpos:51.9,Tstd:28.0,Bpos:5728.8,Bstd:13534.4,StrandBias:-0.1,Multiplicity:1.04
0.274	0.191	0.521	0.014
0.690	0.011	0.130	0.169
0.731	0.027	0.013	0.229
0.124	0.314	0.422	0.140
0.222	0.233	0.018	0.527
0.211	0.067	0.639	0.083
0.587	0.064	0.191	0.158
0.639	0.023	0.319	0.019
0.502	0.153	0.215	0.130
0.111	0.413	0.315	0.162
>GGAAGTGAAA	7-GGAAGTGAAA	10.753196	-65.469234	0	T:73.0(1.23%),B:372.2(0.22%),P:1e-28	Tpos:48.2,Tstd:26.8,Bpos:4143.0,Bstd:7656.8,StrandBias:-0.6,Multiplicity:1.01
0.114	0.018	0.843	0.025
0.154	0.036	0.799	0.011
0.914	0.015	0.014	0.057
0.935	0.020	0.017	0.028
0.055	0.274	0.624	0.047
0.052	0.191	0.006	0.751
0.078	0.036	0.834	0.052
0.787	0.027	0.120	0.066
0.720	0.077	0.147	0.056
0.797	0.044	0.095	0.064
>ACTTCCKCTT	8-ACTTCCKCTT	7.812893	-34.006175	0	T:237.0(3.99%),B:3913.5(2.27%),P:1e-14	Tpos:46.3,Tstd:26.6,Bpos:3274.2,Bstd:8863.3,StrandBias:-0.2,Multiplicity:1.04
0.636	0.038	0.292	0.034
0.016	0.557	0.271	0.156
0.065	0.013	0.001	0.921
0.071	0.041	0.037	0.851
0.053	0.744	0.030	0.173
0.007	0.866	0.032	0.095
0.183	0.161	0.351	0.305
0.066	0.478	0.309	0.147
0.162	0.099	0.116	0.623
0.164	0.158	0.113	0.565
>MGGAAGTGWR	9-MGGAAGTGWR	8.630047	-18.297778	0	T:66.0(1.11%),B:860.8(0.50%),P:1e-7	Tpos:37.6,Tstd:29.5,Bpos:2261.9,Bstd:6245.9,StrandBias:0.0,Multiplicity:1.00
0.392	0.414	0.185	0.008
0.084	0.001	0.885	0.030
0.091	0.010	0.898	0.001
0.986	0.001	0.001	0.012
0.921	0.001	0.001	0.077
0.270	0.188	0.499	0.043
0.054	0.288	0.022	0.636
0.189	0.100	0.536	0.175
0.399	0.164	0.163	0.274
0.380	0.204	0.278	0.138
>NNNGCRTGYG	10-NNNGCRTGYG	5.874491	-14.984863	0	T:163.0(2.75%),B:3098.5(1.80%),P:1e-6	Tpos:51.2,Tstd:22.4,Bpos:3295.3,Bstd:8226.3,StrandBias:0.9,Multiplicity:1.00
0.247	0.251	0.260	0.242
0.277	0.257	0.279	0.186
0.258	0.246	0.185	0.311
0.001	0.001	0.997	0.001
0.001	0.626	0.040	0.333
0.484	0.001	0.381	0.134
0.001	0.421	0.001	0.577
0.366	0.001	0.576	0.057
0.146	0.352	0.121	0.381
0.256	0.001	0.499	0.244
>ASMGGAAGTG	11-ASMGGAAGTG	8.414087	-8.455614	0	T:70.0(1.18%),B:1275.7(0.74%),P:1e-3	Tpos:48.5,Tstd:27.7,Bpos:1299.7,Bstd:3795.7,StrandBias:0.7,Multiplicity:1.00
0.560	0.116	0.177	0.147
0.225	0.353	0.392	0.030
0.371	0.476	0.146	0.007
0.144	0.001	0.830	0.025
0.063	0.001	0.935	0.001
0.976	0.001	0.001	0.022
0.970	0.001	0.001	0.028
0.269	0.247	0.461	0.024
0.171	0.296	0.025	0.508
0.249	0.198	0.410	0.143
>RCRCACRCGS	12-RCRCACRCGS	9.189872	-4.036852	0	T:259.0(4.37%),B:6575.5(3.81%),P:1e-1	Tpos:50.5,Tstd:26.1,Bpos:598.4,Bstd:2926.2,StrandBias:0.8,Multiplicity:1.03
0.369	0.082	0.469	0.081
0.185	0.662	0.020	0.133
0.535	0.025	0.402	0.038
0.013	0.985	0.001	0.001
0.728	0.001	0.270	0.001
0.001	0.997	0.001	0.001
0.434	0.001	0.564	0.001
0.004	0.973	0.001	0.022
0.207	0.001	0.758	0.034
0.001	0.510	0.363	0.126
>CACACGCRSN	13-CACACGCRSN	6.735643	-1.645877	0	T:31.0(0.52%),B:756.9(0.44%),P:1e0	Tpos:49.7,Tstd:23.8,Bpos:457.7,Bstd:1878.5,StrandBias:-0.8,Multiplicity:1.04
0.236	0.496	0.189	0.078
0.437	0.137	0.251	0.175
0.193	0.736	0.051	0.020
0.617	0.022	0.264	0.097
0.113	0.494	0.050	0.343
0.208	0.019	0.684	0.089
0.137	0.679	0.077	0.107
0.311	0.139	0.365	0.185
0.212	0.385	0.248	0.154
0.253	0.291	0.203	0.254
>VACGCAYGCD	14-VACGCAYGCD	6.020643	-1.369844	0	T:217.0(3.66%),B:6015.3(3.49%),P:1e0	Tpos:41.9,Tstd:24.5,Bpos:744.1,Bstd:2981.4,StrandBias:-0.1,Multiplicity:1.00
0.258	0.348	0.271	0.123
0.476	0.168	0.217	0.139
0.246	0.398	0.181	0.175
0.297	0.179	0.494	0.030
0.001	0.979	0.001	0.019
0.608	0.004	0.324	0.064
0.088	0.438	0.134	0.340
0.280	0.051	0.647	0.022
0.121	0.505	0.202	0.172
0.246	0.178	0.337	0.240
>NCACRCRCRB	15-NCACRCRCRB	6.423303	-1.309006	0	T:62.0(1.05%),B:1653.2(0.96%),P:1e0	Tpos:51.0,Tstd:29.9,Bpos:2219.7,Bstd:5196.8,StrandBias:-0.6,Multiplicity:1.00
0.303	0.212	0.303	0.182
0.324	0.493	0.001	0.182
0.436	0.173	0.245	0.145
0.074	0.633	0.130	0.163
0.514	0.096	0.389	0.001
0.001	0.997	0.001	0.001
0.464	0.022	0.381	0.133
0.001	0.589	0.199	0.211
0.266	0.156	0.370	0.208
0.155	0.329	0.241	0.275
>VBGYGYGTGY	16-VBGYGYGTGY	7.670253	-1.221116	0	T:55.0(0.93%),B:1473.9(0.86%),P:1e0	Tpos:39.8,Tstd:24.0,Bpos:360.1,Bstd:932.4,StrandBias:-1.0,Multiplicity:1.00
0.234	0.243	0.357	0.166
0.148	0.294	0.209	0.348
0.001	0.243	0.755	0.001
0.001	0.563	0.001	0.435
0.001	0.001	0.997	0.001
0.001	0.534	0.019	0.446
0.310	0.024	0.633	0.033
0.001	0.366	0.001	0.632
0.183	0.001	0.620	0.196
0.191	0.326	0.135	0.347
>SMCRCACGCG	17-SMCRCACGCG	7.150511	-0.952625	0	T:41.0(0.69%),B:1127.8(0.65%),P:1e0	Tpos:51.0,Tstd:22.7,Bpos:499.1,Bstd:1393.0,StrandBias:-1.2,Multiplicity:1.00
0.155	0.442	0.363	0.040
0.382	0.266	0.131	0.221
0.260	0.475	0.167	0.097
0.379	0.100	0.354	0.167
0.002	0.994	0.003	0.001
0.595	0.003	0.388	0.014
0.054	0.546	0.017	0.383
0.168	0.038	0.780	0.014
0.119	0.500	0.153	0.228
0.190	0.163	0.414	0.233
>ACACACGCRC	18-ACACACGCRC	7.635897	-0.918869	0	T:98.0(1.65%),B:2763.4(1.60%),P:1e0	Tpos:54.4,Tstd:26.3,Bpos:1409.6,Bstd:5222.7,StrandBias:-0.1,Multiplicity:1.00
0.505	0.123	0.234	0.138
0.168	0.621	0.133	0.078
0.502	0.093	0.296	0.109
0.077	0.823	0.052	0.048
0.637	0.036	0.284	0.043
0.119	0.613	0.057	0.211
0.186	0.048	0.716	0.050
0.070	0.810	0.081	0.039
0.360	0.140	0.312	0.188
0.140	0.446	0.227	0.187
>AYGCACACAC	19-AYGCACACAC	10.388896	-0.723131	0	T:18.0(0.30%),B:508.2(0.29%),P:1e0	Tpos:49.5,Tstd:18.5,Bpos:4594.0,Bstd:10087.7,StrandBias:-10.0,Multiplicity:1.00
0.642	0.001	0.211	0.146
0.001	0.463	0.001	0.535
0.389	0.047	0.563	0.001
0.001	0.566	0.086	0.347
0.706	0.058	0.235	0.001
0.001	0.997	0.001	0.001
0.885	0.113	0.001	0.001
0.001	0.695	0.303	0.001
0.997	0.001	0.001	0.001
0.001	0.656	0.125	0.218
>VYGYGTGCGN	20-VYGYGTGCGN	6.766032	-0.665742	0	T:13.0(0.22%),B:371.7(0.22%),P:1e0	Tpos:64.1,Tstd:28.2,Bpos:279.9,Bstd:516.9,StrandBias:1.6,Multiplicity:1.00
0.257	0.279	0.311	0.153
0.106	0.364	0.082	0.448
0.097	0.100	0.726	0.077
0.035	0.495	0.068	0.402
0.147	0.070	0.637	0.146
0.062	0.282	0.060	0.596
0.128	0.067	0.682	0.123
0.144	0.479	0.124	0.254
0.159	0.133	0.476	0.232
0.222	0.248	0.251	0.280
>MRCAYGCRBV	21-MRCAYGCRBV	7.667730	-0.199831	0	T:43.0(0.72%),B:1422.5(0.83%),P:1e0	Tpos:46.8,Tstd:20.0,Bpos:742.1,Bstd:1935.8,StrandBias:-0.7,Multiplicity:1.00
0.305	0.442	0.001	0.251
0.554	0.001	0.444	0.001
0.001	0.997	0.001	0.001
0.638	0.001	0.360	0.001
0.001	0.534	0.001	0.464
0.276	0.001	0.722	0.001
0.001	0.997	0.001	0.001
0.338	0.069	0.389	0.204
0.136	0.311	0.234	0.319
0.237	0.283	0.324	0.157
>NHDCRCACGC	22-NHDCRCACGC	6.449235	-0.158932	0	T:76.0(1.28%),B:2476.9(1.44%),P:1e0	Tpos:43.0,Tstd:32.2,Bpos:1750.1,Bstd:4461.1,StrandBias:-0.6,Multiplicity:1.00
0.296	0.244	0.256	0.203
0.235	0.334	0.127	0.305
0.364	0.138	0.269	0.228
0.157	0.539	0.075	0.229
0.437	0.085	0.373	0.105
0.061	0.804	0.044	0.091
0.715	0.035	0.218	0.032
0.092	0.619	0.173	0.116
0.378	0.041	0.532	0.049
0.077	0.509	0.243	0.171
>CACRCRCGCG	23-CACRCRCGCG	8.978898	-0.074714	0	T:14.0(0.24%),B:577.8(0.34%),P:1e0	Tpos:65.8,Tstd:32.5,Bpos:337.5,Bstd:1251.3,StrandBias:-0.7,Multiplicity:1.00
0.196	0.483	0.001	0.320
0.575	0.005	0.371	0.049
0.110	0.820	0.001	0.069
0.524	0.029	0.446	0.001
0.001	0.915	0.083	0.001
0.434	0.022	0.543	0.001
0.001	0.829	0.169	0.001
0.325	0.103	0.508	0.064
0.001	0.779	0.219	0.001
0.202	0.205	0.389	0.204
>GCACACACAC	24-GCACACACAC	10.929682	-0.046560	0	T:42.0(0.71%),B:1559.7(0.90%),P:1e0	Tpos:47.7,Tstd:26.5,Bpos:2105.4,Bstd:6846.1,StrandBias:0.3,Multiplicity:1.07
0.297	0.078	0.573	0.052
0.051	0.898	0.001	0.050
0.687	0.027	0.273	0.013
0.044	0.894	0.021	0.041
0.638	0.026	0.323	0.013
0.001	0.966	0.001	0.032
0.707	0.009	0.233	0.051
0.004	0.933	0.037	0.026
0.492	0.094	0.339	0.076
0.017	0.842	0.128	0.013
>ACACACACAC	25-ACACACACAC	11.640871	-0.004308	0	T:84.0(1.42%),B:3202.2(1.86%),P:1e0	Tpos:47.8,Tstd:31.7,Bpos:3461.9,Bstd:7984.9,StrandBias:-0.8,Multiplicity:1.12
0.840	0.108	0.001	0.051
0.020	0.927	0.001	0.052
0.838	0.103	0.058	0.001
0.019	0.855	0.123	0.003
0.464	0.307	0.228	0.001
0.001	0.997	0.001	0.001
0.919	0.079	0.001	0.001
0.001	0.945	0.053	0.001
0.997	0.001	0.001	0.001
0.219	0.485	0.106	0.191
