>NRSCACGTGG	1-NRSCACGTGG	5.943730	-1840.002291	0	T:2998.0(50.53%),B:27244.7(15.81%),P:1e-799	Tpos:51.1,Tstd:21.3,Bpos:2875.6,Bstd:8316.7,StrandBias:-0.0,Multiplicity:1.12
0.232	0.212	0.342	0.214
0.396	0.177	0.271	0.155
0.198	0.434	0.346	0.022
0.001	0.997	0.001	0.001
0.880	0.001	0.076	0.043
0.001	0.758	0.001	0.240
0.297	0.001	0.701	0.001
0.068	0.045	0.001	0.886
0.001	0.001	0.995	0.003
0.022	0.295	0.479	0.204
>CAYGYGNNNN	2-CAYGYGNNNN	5.256937	-773.968550	0	T:1410.0(23.77%),B:12222.0(7.09%),P:1e-336	Tpos:50.4,Tstd:24.0,Bpos:677.7,Bstd:3767.4,StrandBias:0.4,Multiplicity:1.00
0.107	0.891	0.001	0.001
0.612	0.001	0.232	0.155
0.001	0.535	0.062	0.402
0.343	0.083	0.573	0.001
0.153	0.398	0.013	0.437
0.126	0.092	0.527	0.255
0.166	0.279	0.302	0.252
0.199	0.274	0.255	0.273
0.229	0.266	0.277	0.228
0.259	0.241	0.238	0.261
>CRCGTGBBNN	3-CRCGTGBBNN	5.631368	-390.088871	0	T:868.0(14.63%),B:8399.5(4.87%),P:1e-169	Tpos:48.0,Tstd:25.2,Bpos:630.4,Bstd:2780.5,StrandBias:0.0,Multiplicity:1.02
0.180	0.576	0.076	0.168
0.433	0.045	0.401	0.120
0.011	0.624	0.009	0.356
0.289	0.042	0.626	0.043
0.060	0.371	0.013	0.556
0.011	0.027	0.777	0.185
0.111	0.319	0.243	0.327
0.115	0.239	0.291	0.355
0.198	0.280	0.264	0.258
0.199	0.290	0.246	0.264
>GCCACGTGAS	4-GCCACGTGAS	8.110911	-169.313921	0	T:595.0(10.03%),B:7429.4(4.31%),P:1e-73	Tpos:46.7,Tstd:23.7,Bpos:1209.2,Bstd:4581.9,StrandBias:-0.2,Multiplicity:1.04
0.159	0.100	0.692	0.049
0.079	0.775	0.084	0.062
0.001	0.986	0.001	0.012
0.616	0.001	0.194	0.189
0.001	0.882	0.001	0.116
0.105	0.001	0.893	0.001
0.029	0.050	0.013	0.908
0.001	0.001	0.977	0.021
0.696	0.250	0.001	0.053
0.185	0.415	0.372	0.029
>VCAYGYGNBN	5-VCAYGYGNBN	6.159518	-79.600026	0	T:154.0(2.60%),B:1315.8(0.76%),P:1e-34	Tpos:32.0,Tstd:17.8,Bpos:4737.4,Bstd:6581.7,StrandBias:-1.0,Multiplicity:1.50
0.328	0.305	0.311	0.056
0.089	0.846	0.026	0.039
0.709	0.076	0.133	0.082
0.017	0.474	0.029	0.480
0.086	0.076	0.739	0.099
0.068	0.391	0.048	0.494
0.029	0.001	0.565	0.405
0.232	0.239	0.252	0.277
0.048	0.268	0.328	0.357
0.255	0.256	0.240	0.249
>GAASTGAAAS	6-GAASTGAAAS	7.454845	-68.540650	0	T:86.0(1.45%),B:499.5(0.29%),P:1e-29	Tpos:51.9,Tstd:28.0,Bpos:5728.8,Bstd:13534.4,StrandBias:-0.1,Multiplicity:1.04
0.274	0.191	0.521	0.014
0.690	0.011	0.130	0.169
0.731	0.027	0.013	0.229
0.124	0.314	0.422	0.140
0.222	0.233	0.018	0.527
0.211	0.067	0.639	0.083
0.587	0.064	0.191	0.158
0.639	0.023	0.319	0.019
0.502	0.153	0.215	0.130
0.111	0.413	0.315	0.162
>GGAAGTGAAA	7-GGAAGTGAAA	10.753196	-65.469234	0	T:73.0(1.23%),B:372.2(0.22%),P:1e-28	Tpos:48.2,Tstd:26.8,Bpos:4143.0,Bstd:7656.8,StrandBias:-0.6,Multiplicity:1.01
0.114	0.018	0.843	0.025
0.154	0.036	0.799	0.011
0.914	0.015	0.014	0.057
0.935	0.020	0.017	0.028
0.055	0.274	0.624	0.047
0.052	0.191	0.006	0.751
0.078	0.036	0.834	0.052
0.787	0.027	0.120	0.066
0.720	0.077	0.147	0.056
0.797	0.044	0.095	0.064
>ACTTCCKCTT	8-ACTTCCKCTT	7.812893	-34.006175	0	T:237.0(3.99%),B:3913.5(2.27%),P:1e-14	Tpos:46.3,Tstd:26.6,Bpos:3274.2,Bstd:8863.3,StrandBias:-0.2,Multiplicity:1.04
0.636	0.038	0.292	0.034
0.016	0.557	0.271	0.156
0.065	0.013	0.001	0.921
0.071	0.041	0.037	0.851
0.053	0.744	0.030	0.173
0.007	0.866	0.032	0.095
0.183	0.161	0.351	0.305
0.066	0.478	0.309	0.147
0.162	0.099	0.116	0.623
0.164	0.158	0.113	0.565
>MGGAAGTGWR	9-MGGAAGTGWR	8.630047	-18.297778	0	T:66.0(1.11%),B:860.8(0.50%),P:1e-7	Tpos:37.6,Tstd:29.5,Bpos:2261.9,Bstd:6245.9,StrandBias:0.0,Multiplicity:1.00
0.392	0.414	0.185	0.008
0.084	0.001	0.885	0.030
0.091	0.010	0.898	0.001
0.986	0.001	0.001	0.012
0.921	0.001	0.001	0.077
0.270	0.188	0.499	0.043
0.054	0.288	0.022	0.636
0.189	0.100	0.536	0.175
0.399	0.164	0.163	0.274
0.380	0.204	0.278	0.138
>NNNGCRTGYG	10-NNNGCRTGYG	5.874491	-14.984863	0	T:163.0(2.75%),B:3098.5(1.80%),P:1e-6	Tpos:51.2,Tstd:22.4,Bpos:3295.3,Bstd:8226.3,StrandBias:0.9,Multiplicity:1.00
0.247	0.251	0.260	0.242
0.277	0.257	0.279	0.186
0.258	0.246	0.185	0.311
0.001	0.001	0.997	0.001
0.001	0.626	0.040	0.333
0.484	0.001	0.381	0.134
0.001	0.421	0.001	0.577
0.366	0.001	0.576	0.057
0.146	0.352	0.121	0.381
0.256	0.001	0.499	0.244
>ASMGGAAGTG	11-ASMGGAAGTG	8.414087	-8.455614	0	T:70.0(1.18%),B:1275.7(0.74%),P:1e-3	Tpos:48.5,Tstd:27.7,Bpos:1299.7,Bstd:3795.7,StrandBias:0.7,Multiplicity:1.00
0.560	0.116	0.177	0.147
0.225	0.353	0.392	0.030
0.371	0.476	0.146	0.007
0.144	0.001	0.830	0.025
0.063	0.001	0.935	0.001
0.976	0.001	0.001	0.022
0.970	0.001	0.001	0.028
0.269	0.247	0.461	0.024
0.171	0.296	0.025	0.508
0.249	0.198	0.410	0.143
>RCRCACRCGS	12-RCRCACRCGS	9.189872	-4.036852	0	T:259.0(4.37%),B:6575.5(3.81%),P:1e-1	Tpos:50.5,Tstd:26.1,Bpos:598.4,Bstd:2926.2,StrandBias:0.8,Multiplicity:1.03
0.369	0.082	0.469	0.081
0.185	0.662	0.020	0.133
0.535	0.025	0.402	0.038
0.013	0.985	0.001	0.001
0.728	0.001	0.270	0.001
0.001	0.997	0.001	0.001
0.434	0.001	0.564	0.001
0.004	0.973	0.001	0.022
0.207	0.001	0.758	0.034
0.001	0.510	0.363	0.126
>CACACGCRSN	13-CACACGCRSN	6.735643	-1.645877	0	T:31.0(0.52%),B:756.9(0.44%),P:1e0	Tpos:49.7,Tstd:23.8,Bpos:457.7,Bstd:1878.5,StrandBias:-0.8,Multiplicity:1.04
0.236	0.496	0.189	0.078
0.437	0.137	0.251	0.175
0.193	0.736	0.051	0.020
0.617	0.022	0.264	0.097
0.113	0.494	0.050	0.343
0.208	0.019	0.684	0.089
0.137	0.679	0.077	0.107
0.311	0.139	0.365	0.185
0.212	0.385	0.248	0.154
0.253	0.291	0.203	0.254
>VACGCAYGCD	14-VACGCAYGCD	6.020643	-1.369844	0	T:217.0(3.66%),B:6015.3(3.49%),P:1e0	Tpos:41.9,Tstd:24.5,Bpos:744.1,Bstd:2981.4,StrandBias:-0.1,Multiplicity:1.00
0.258	0.348	0.271	0.123
0.476	0.168	0.217	0.139
0.246	0.398	0.181	0.175
0.297	0.179	0.494	0.030
0.001	0.979	0.001	0.019
0.608	0.004	0.324	0.064
0.088	0.438	0.134	0.340
0.280	0.051	0.647	0.022
0.121	0.505	0.202	0.172
0.246	0.178	0.337	0.240
>NCACRCRCRB	15-NCACRCRCRB	6.423303	-1.309006	0	T:62.0(1.05%),B:1653.2(0.96%),P:1e0	Tpos:51.0,Tstd:29.9,Bpos:2219.7,Bstd:5196.8,StrandBias:-0.6,Multiplicity:1.00
0.303	0.212	0.303	0.182
0.324	0.493	0.001	0.182
0.436	0.173	0.245	0.145
0.074	0.633	0.130	0.163
0.514	0.096	0.389	0.001
0.001	0.997	0.001	0.001
0.464	0.022	0.381	0.133
0.001	0.589	0.199	0.211
0.266	0.156	0.370	0.208
0.155	0.329	0.241	0.275
>VBGYGYGTGY	16-VBGYGYGTGY	7.670253	-1.221116	0	T:55.0(0.93%),B:1473.9(0.86%),P:1e0	Tpos:39.8,Tstd:24.0,Bpos:360.1,Bstd:932.4,StrandBias:-1.0,Multiplicity:1.00
0.234	0.243	0.357	0.166
0.148	0.294	0.209	0.348
0.001	0.243	0.755	0.001
0.001	0.563	0.001	0.435
0.001	0.001	0.997	0.001
0.001	0.534	0.019	0.446
0.310	0.024	0.633	0.033
0.001	0.366	0.001	0.632
0.183	0.001	0.620	0.196
0.191	0.326	0.135	0.347
>SMCRCACGCG	17-SMCRCACGCG	7.150511	-0.952625	0	T:41.0(0.69%),B:1127.8(0.65%),P:1e0	Tpos:51.0,Tstd:22.7,Bpos:499.1,Bstd:1393.0,StrandBias:-1.2,Multiplicity:1.00
0.155	0.442	0.363	0.040
0.382	0.266	0.131	0.221
0.260	0.475	0.167	0.097
0.379	0.100	0.354	0.167
0.002	0.994	0.003	0.001
0.595	0.003	0.388	0.014
0.054	0.546	0.017	0.383
0.168	0.038	0.780	0.014
0.119	0.500	0.153	0.228
0.190	0.163	0.414	0.233
>ACACACGCRC	18-ACACACGCRC	7.635897	-0.918869	0	T:98.0(1.65%),B:2763.4(1.60%),P:1e0	Tpos:54.4,Tstd:26.3,Bpos:1409.6,Bstd:5222.7,StrandBias:-0.1,Multiplicity:1.00
0.505	0.123	0.234	0.138
0.168	0.621	0.133	0.078
0.502	0.093	0.296	0.109
0.077	0.823	0.052	0.048
0.637	0.036	0.284	0.043
0.119	0.613	0.057	0.211
0.186	0.048	0.716	0.050
0.070	0.810	0.081	0.039
0.360	0.140	0.312	0.188
0.140	0.446	0.227	0.187
>AYGCACACAC	19-AYGCACACAC	10.388896	-0.723131	0	T:18.0(0.30%),B:508.2(0.29%),P:1e0	Tpos:49.5,Tstd:18.5,Bpos:4594.0,Bstd:10087.7,StrandBias:-10.0,Multiplicity:1.00
0.642	0.001	0.211	0.146
0.001	0.463	0.001	0.535
0.389	0.047	0.563	0.001
0.001	0.566	0.086	0.347
0.706	0.058	0.235	0.001
0.001	0.997	0.001	0.001
0.885	0.113	0.001	0.001
0.001	0.695	0.303	0.001
0.997	0.001	0.001	0.001
0.001	0.656	0.125	0.218
>VYGYGTGCGN	20-VYGYGTGCGN	6.766032	-0.665742	0	T:13.0(0.22%),B:371.7(0.22%),P:1e0	Tpos:64.1,Tstd:28.2,Bpos:279.9,Bstd:516.9,StrandBias:1.6,Multiplicity:1.00
0.257	0.279	0.311	0.153
0.106	0.364	0.082	0.448
0.097	0.100	0.726	0.077
0.035	0.495	0.068	0.402
0.147	0.070	0.637	0.146
0.062	0.282	0.060	0.596
0.128	0.067	0.682	0.123
0.144	0.479	0.124	0.254
0.159	0.133	0.476	0.232
0.222	0.248	0.251	0.280
>MRCAYGCRBV	21-MRCAYGCRBV	7.667730	-0.199831	0	T:43.0(0.72%),B:1422.5(0.83%),P:1e0	Tpos:46.8,Tstd:20.0,Bpos:742.1,Bstd:1935.8,StrandBias:-0.7,Multiplicity:1.00
0.305	0.442	0.001	0.251
0.554	0.001	0.444	0.001
0.001	0.997	0.001	0.001
0.638	0.001	0.360	0.001
0.001	0.534	0.001	0.464
0.276	0.001	0.722	0.001
0.001	0.997	0.001	0.001
0.338	0.069	0.389	0.204
0.136	0.311	0.234	0.319
0.237	0.283	0.324	0.157
>NHDCRCACGC	22-NHDCRCACGC	6.449235	-0.158932	0	T:76.0(1.28%),B:2476.9(1.44%),P:1e0	Tpos:43.0,Tstd:32.2,Bpos:1750.1,Bstd:4461.1,StrandBias:-0.6,Multiplicity:1.00
0.296	0.244	0.256	0.203
0.235	0.334	0.127	0.305
0.364	0.138	0.269	0.228
0.157	0.539	0.075	0.229
0.437	0.085	0.373	0.105
0.061	0.804	0.044	0.091
0.715	0.035	0.218	0.032
0.092	0.619	0.173	0.116
0.378	0.041	0.532	0.049
0.077	0.509	0.243	0.171
>CACRCRCGCG	23-CACRCRCGCG	8.978898	-0.074714	0	T:14.0(0.24%),B:577.8(0.34%),P:1e0	Tpos:65.8,Tstd:32.5,Bpos:337.5,Bstd:1251.3,StrandBias:-0.7,Multiplicity:1.00
0.196	0.483	0.001	0.320
0.575	0.005	0.371	0.049
0.110	0.820	0.001	0.069
0.524	0.029	0.446	0.001
0.001	0.915	0.083	0.001
0.434	0.022	0.543	0.001
0.001	0.829	0.169	0.001
0.325	0.103	0.508	0.064
0.001	0.779	0.219	0.001
0.202	0.205	0.389	0.204
>GCACACACAC	24-GCACACACAC	10.929682	-0.046560	0	T:42.0(0.71%),B:1559.7(0.90%),P:1e0	Tpos:47.7,Tstd:26.5,Bpos:2105.4,Bstd:6846.1,StrandBias:0.3,Multiplicity:1.07
0.297	0.078	0.573	0.052
0.051	0.898	0.001	0.050
0.687	0.027	0.273	0.013
0.044	0.894	0.021	0.041
0.638	0.026	0.323	0.013
0.001	0.966	0.001	0.032
0.707	0.009	0.233	0.051
0.004	0.933	0.037	0.026
0.492	0.094	0.339	0.076
0.017	0.842	0.128	0.013
>ACACACACAC	25-ACACACACAC	11.640871	-0.004308	0	T:84.0(1.42%),B:3202.2(1.86%),P:1e0	Tpos:47.8,Tstd:31.7,Bpos:3461.9,Bstd:7984.9,StrandBias:-0.8,Multiplicity:1.12
0.840	0.108	0.001	0.051
0.020	0.927	0.001	0.052
0.838	0.103	0.058	0.001
0.019	0.855	0.123	0.003
0.464	0.307	0.228	0.001
0.001	0.997	0.001	0.001
0.919	0.079	0.001	0.001
0.001	0.945	0.053	0.001
0.997	0.001	0.001	0.001
0.219	0.485	0.106	0.191
>NCCACGTGSBBN	1-NCCACGTGSBBN	6.662975	-1737.181733	0	T:2275.0(38.34%),B:15867.4(9.21%),P:1e-754	Tpos:51.5,Tstd:20.5,Bpos:2315.7,Bstd:7320.4,StrandBias:0.0,Multiplicity:1.07
0.286	0.246	0.282	0.186
0.197	0.479	0.323	0.001
0.001	0.997	0.001	0.001
0.994	0.001	0.004	0.001
0.001	0.816	0.001	0.182
0.084	0.001	0.914	0.001
0.001	0.001	0.001	0.997
0.001	0.001	0.997	0.001
0.001	0.333	0.482	0.184
0.166	0.269	0.233	0.332
0.160	0.329	0.241	0.270
0.192	0.269	0.308	0.231
>GCCACGTGACNS	2-GCCACGTGACNS	8.106036	-225.008710	0	T:655.0(11.04%),B:7412.5(4.30%),P:1e-97	Tpos:50.7,Tstd:24.8,Bpos:1330.3,Bstd:4675.0,StrandBias:-0.2,Multiplicity:1.07
0.136	0.191	0.517	0.156
0.004	0.519	0.119	0.358
0.001	0.997	0.001	0.001
0.947	0.001	0.031	0.021
0.001	0.711	0.001	0.287
0.001	0.001	0.997	0.001
0.027	0.113	0.001	0.859
0.001	0.001	0.997	0.001
0.773	0.001	0.225	0.001
0.005	0.678	0.243	0.074
0.233	0.277	0.189	0.300
0.093	0.399	0.332	0.176
>CCACGTGGCBGC	3-CCACGTGGCBGC	9.834701	-151.028394	0	T:249.0(4.20%),B:1857.6(1.08%),P:1e-65	Tpos:50.6,Tstd:22.0,Bpos:407.0,Bstd:1517.0,StrandBias:0.2,Multiplicity:1.02
0.047	0.620	0.181	0.152
0.035	0.939	0.009	0.017
0.564	0.006	0.254	0.176
0.001	0.912	0.033	0.054
0.064	0.010	0.918	0.008
0.218	0.246	0.008	0.528
0.007	0.003	0.968	0.022
0.134	0.080	0.753	0.033
0.077	0.639	0.103	0.181
0.163	0.267	0.248	0.321
0.083	0.237	0.525	0.155
0.125	0.479	0.322	0.074
>NNNNVCACGCGG	4-NNNNVCACGCGG	7.617592	-139.147594	0	T:729.0(12.29%),B:10911.3(6.33%),P:1e-60	Tpos:48.7,Tstd:21.9,Bpos:485.7,Bstd:1892.2,StrandBias:-0.0,Multiplicity:1.04
0.226	0.293	0.267	0.214
0.216	0.295	0.269	0.220
0.238	0.262	0.311	0.190
0.236	0.266	0.267	0.231
0.349	0.331	0.296	0.024
0.043	0.905	0.038	0.014
0.826	0.060	0.063	0.051
0.045	0.750	0.086	0.119
0.074	0.064	0.821	0.041
0.379	0.585	0.034	0.002
0.044	0.066	0.794	0.096
0.026	0.233	0.702	0.039
>GWGCACATGDCT	5-GWGCACATGDCT	9.797468	-113.675093	0	T:149.0(2.51%),B:895.9(0.52%),P:1e-49	Tpos:50.1,Tstd:24.4,Bpos:3885.7,Bstd:8980.0,StrandBias:-0.5,Multiplicity:1.00
0.338	0.001	0.548	0.113
0.573	0.001	0.001	0.425
0.023	0.117	0.821	0.039
0.001	0.997	0.001	0.001
0.578	0.001	0.288	0.133
0.001	0.824	0.174	0.001
0.777	0.070	0.152	0.001
0.001	0.001	0.116	0.882
0.001	0.001	0.985	0.013
0.280	0.001	0.397	0.322
0.158	0.737	0.016	0.089
0.281	0.089	0.001	0.629
>GAGGAAGTGAAA	6-GAGGAAGTGAAA	10.754275	-81.012997	0	T:113.0(1.90%),B:727.0(0.42%),P:1e-35	Tpos:48.3,Tstd:25.8,Bpos:5325.9,Bstd:9923.5,StrandBias:-0.5,Multiplicity:1.03
0.204	0.084	0.660	0.052
0.557	0.078	0.319	0.046
0.097	0.001	0.868	0.034
0.019	0.001	0.979	0.001
0.967	0.012	0.001	0.020
0.984	0.001	0.001	0.014
0.039	0.342	0.577	0.042
0.089	0.061	0.029	0.821
0.017	0.063	0.852	0.068
0.801	0.112	0.040	0.047
0.788	0.105	0.106	0.001
0.837	0.054	0.051	0.058
>NGCCACGTGTTS	7-NGCCACGTGTTS	8.131356	-70.544735	0	T:88.0(1.48%),B:507.2(0.29%),P:1e-30	Tpos:72.3,Tstd:21.5,Bpos:2167.5,Bstd:5355.8,StrandBias:-1.0,Multiplicity:1.00
0.301	0.244	0.223	0.231
0.093	0.128	0.683	0.096
0.091	0.679	0.137	0.093
0.108	0.709	0.097	0.086
0.576	0.136	0.152	0.136
0.101	0.619	0.150	0.130
0.129	0.145	0.615	0.111
0.109	0.154	0.128	0.609
0.067	0.131	0.681	0.121
0.100	0.182	0.142	0.576
0.104	0.139	0.178	0.579
0.170	0.376	0.255	0.199
>ACTTCCTCTTTY	8-ACTTCCTCTTTY	10.455021	-66.346103	0	T:119.0(2.01%),B:961.9(0.56%),P:1e-28	Tpos:48.0,Tstd:25.2,Bpos:3516.7,Bstd:8660.4,StrandBias:-0.4,Multiplicity:1.02
0.703	0.028	0.253	0.016
0.001	0.663	0.242	0.094
0.034	0.001	0.001	0.964
0.007	0.001	0.001	0.991
0.001	0.981	0.005	0.013
0.001	0.897	0.001	0.101
0.015	0.279	0.183	0.523
0.022	0.531	0.262	0.185
0.140	0.120	0.097	0.643
0.037	0.057	0.045	0.861
0.085	0.179	0.041	0.695
0.085	0.410	0.119	0.387
>RGTTTCASTTCC	9-RGTTTCASTTCC	9.644692	-63.571374	0	T:147.0(2.48%),B:1431.1(0.83%),P:1e-27	Tpos:48.2,Tstd:26.6,Bpos:3635.8,Bstd:8459.4,StrandBias:0.4,Multiplicity:1.00
0.301	0.141	0.411	0.146
0.001	0.317	0.489	0.193
0.095	0.096	0.121	0.688
0.086	0.214	0.059	0.641
0.021	0.284	0.092	0.603
0.001	0.900	0.001	0.098
0.504	0.050	0.186	0.260
0.008	0.534	0.454	0.004
0.082	0.001	0.001	0.916
0.021	0.001	0.001	0.977
0.001	0.807	0.001	0.191
0.001	0.747	0.001	0.251
>GCCMCCTAGTGG	10-GCCMCCTAGTGG	11.469462	-35.743897	0	T:60.0(1.01%),B:469.5(0.27%),P:1e-15	Tpos:51.5,Tstd:27.1,Bpos:1005.5,Bstd:3559.7,StrandBias:-0.6,Multiplicity:1.00
0.030	0.023	0.901	0.046
0.058	0.856	0.067	0.019
0.021	0.915	0.063	0.001
0.436	0.464	0.065	0.035
0.021	0.752	0.010	0.217
0.001	0.997	0.001	0.001
0.055	0.044	0.083	0.818
0.438	0.108	0.277	0.177
0.021	0.152	0.826	0.001
0.081	0.112	0.026	0.781
0.018	0.025	0.956	0.001
0.021	0.042	0.904	0.033
>VVVCAYGCDNYN	11-VVVCAYGCDNYN	7.006035	-35.218843	0	T:354.0(5.97%),B:6499.7(3.77%),P:1e-15	Tpos:54.3,Tstd:23.2,Bpos:444.0,Bstd:1890.1,StrandBias:-0.4,Multiplicity:1.01
0.302	0.229	0.317	0.153
0.303	0.384	0.288	0.024
0.318	0.281	0.385	0.015
0.042	0.867	0.051	0.040
0.741	0.067	0.127	0.065
0.026	0.530	0.025	0.419
0.048	0.057	0.861	0.034
0.126	0.741	0.048	0.085
0.215	0.195	0.364	0.226
0.206	0.233	0.303	0.259
0.075	0.464	0.092	0.370
0.260	0.215	0.285	0.239
>YCACTTCCTCTT	12-YCACTTCCTCTT	11.515118	-24.462871	0	T:31.0(0.52%),B:192.8(0.11%),P:1e-10	Tpos:51.3,Tstd:19.8,Bpos:2621.6,Bstd:5730.7,StrandBias:-0.8,Multiplicity:1.00
0.158	0.301	0.126	0.415
0.043	0.671	0.079	0.207
0.773	0.074	0.027	0.126
0.007	0.681	0.142	0.170
0.031	0.001	0.001	0.967
0.001	0.011	0.001	0.987
0.001	0.954	0.001	0.044
0.001	0.990	0.001	0.008
0.011	0.218	0.097	0.674
0.029	0.602	0.254	0.115
0.153	0.178	0.004	0.665
0.231	0.178	0.051	0.540
>ACATGTGCWBNN	13-ACATGTGCWBNN	11.084527	-23.980913	0	T:21.0(0.35%),B:84.3(0.05%),P:1e-10	Tpos:35.1,Tstd:22.8,Bpos:4624.8,Bstd:11544.1,StrandBias:-0.8,Multiplicity:1.00
0.634	0.001	0.144	0.221
0.081	0.905	0.013	0.001
0.997	0.001	0.001	0.001
0.015	0.001	0.096	0.888
0.001	0.157	0.841	0.001
0.001	0.001	0.001	0.997
0.001	0.001	0.997	0.001
0.034	0.752	0.001	0.213
0.475	0.001	0.013	0.511
0.126	0.226	0.354	0.295
0.249	0.294	0.202	0.255
0.196	0.246	0.283	0.275
>AAAGCAGAAGTG	14-AAAGCAGAAGTG	12.570024	-22.535003	0	T:24.0(0.40%),B:124.2(0.07%),P:1e-9	Tpos:53.2,Tstd:22.9,Bpos:5088.1,Bstd:8316.5,StrandBias:-1.3,Multiplicity:1.00
0.899	0.047	0.001	0.053
0.862	0.037	0.047	0.054
0.997	0.001	0.001	0.001
0.060	0.001	0.938	0.001
0.001	0.975	0.023	0.001
0.945	0.001	0.001	0.053
0.001	0.001	0.997	0.001
0.997	0.001	0.001	0.001
0.970	0.001	0.001	0.028
0.031	0.236	0.732	0.001
0.001	0.001	0.029	0.969
0.047	0.033	0.887	0.033
>GWGGGGGARGGR	15-GWGGGGGARGGR	11.276280	-7.844677	0	T:34.0(0.57%),B:508.9(0.30%),P:1e-3	Tpos:45.5,Tstd:24.4,Bpos:1019.0,Bstd:4682.4,StrandBias:0.9,Multiplicity:1.00
0.203	0.278	0.491	0.028
0.294	0.136	0.187	0.382
0.001	0.001	0.997	0.001
0.001	0.001	0.695	0.303
0.213	0.214	0.572	0.001
0.001	0.001	0.997	0.001
0.001	0.001	0.997	0.001
0.517	0.001	0.261	0.221
0.447	0.001	0.379	0.173
0.001	0.014	0.938	0.047
0.001	0.023	0.623	0.353
0.442	0.001	0.556	0.001
>GKGCRCAYGTGC	16-GKGCRCAYGTGC	10.506654	-6.572693	0	T:12.0(0.20%),B:118.6(0.07%),P:1e-2	Tpos:52.8,Tstd:7.5,Bpos:1642.4,Bstd:3098.4,StrandBias:1.6,Multiplicity:1.00
0.218	0.225	0.391	0.165
0.187	0.117	0.330	0.367
0.181	0.111	0.570	0.138
0.178	0.680	0.010	0.132
0.379	0.040	0.446	0.135
0.001	0.997	0.001	0.001
0.626	0.001	0.372	0.001
0.001	0.433	0.001	0.565
0.001	0.001	0.973	0.025
0.020	0.332	0.001	0.647
0.068	0.032	0.836	0.064
0.154	0.557	0.097	0.192
>CACCCCTCCCCC	17-CACCCCTCCCCC	15.812484	-4.295161	0	T:13.0(0.22%),B:181.2(0.11%),P:1e-1	Tpos:56.7,Tstd:21.9,Bpos:1813.3,Bstd:5336.5,StrandBias:0.7,Multiplicity:1.00
0.020	0.936	0.043	0.001
0.674	0.068	0.122	0.136
0.001	0.974	0.001	0.024
0.026	0.931	0.028	0.015
0.001	0.977	0.021	0.001
0.034	0.897	0.001	0.068
0.030	0.028	0.001	0.941
0.013	0.985	0.001	0.001
0.001	0.997	0.001	0.001
0.001	0.997	0.001	0.001
0.001	0.973	0.025	0.001
0.001	0.977	0.016	0.006
>GCCGCCATCTTG	18-GCCGCCATCTTG	11.876910	-2.956942	0	T:51.0(0.86%),B:1156.7(0.67%),P:1e-1	Tpos:46.4,Tstd:25.6,Bpos:482.7,Bstd:2085.7,StrandBias:0.0,Multiplicity:1.00
0.066	0.030	0.843	0.061
0.080	0.780	0.061	0.079
0.065	0.809	0.064	0.062
0.040	0.042	0.864	0.054
0.012	0.897	0.066	0.025
0.001	0.911	0.087	0.001
0.897	0.068	0.001	0.034
0.037	0.022	0.061	0.880
0.039	0.762	0.098	0.101
0.025	0.095	0.139	0.741
0.025	0.034	0.132	0.809
0.080	0.034	0.809	0.077
>NANACACATGCN	19-NANACACATGCN	8.673256	-1.859985	0	T:1.0(0.02%),B:4.1(0.00%),P:1e0	Tpos:32.0,Tstd:0.0,Bpos:2565.9,Bstd:1678.7,StrandBias:-10.0,Multiplicity:1.00
0.251	0.238	0.291	0.219
0.522	0.164	0.166	0.148
0.218	0.239	0.238	0.304
0.522	0.170	0.200	0.108
0.115	0.723	0.114	0.048
0.641	0.137	0.125	0.097
0.095	0.728	0.133	0.044
0.597	0.164	0.130	0.109
0.139	0.152	0.178	0.531
0.070	0.122	0.733	0.075
0.091	0.709	0.091	0.109
0.235	0.261	0.243	0.260
>ACTCTCTCTCTC	20-ACTCTCTCTCTC	13.745675	-0.545576	0	T:3.0(0.05%),B:87.9(0.05%),P:1e0	Tpos:50.0,Tstd:18.0,Bpos:5738.9,Bstd:9681.0,StrandBias:0.0,Multiplicity:1.00
0.707	0.001	0.023	0.269
0.074	0.850	0.019	0.057
0.060	0.001	0.284	0.655
0.001	0.713	0.256	0.030
0.001	0.025	0.001	0.973
0.001	0.853	0.064	0.082
0.001	0.028	0.052	0.919
0.001	0.852	0.055	0.092
0.001	0.001	0.056	0.942
0.001	0.953	0.001	0.045
0.097	0.001	0.001	0.901
0.050	0.869	0.080	0.001
>GAGAAAGAGAGA	21-GAGAAAGAGAGA	14.629106	-0.272644	0	T:4.0(0.07%),B:151.4(0.09%),P:1e0	Tpos:49.0,Tstd:28.9,Bpos:6616.9,Bstd:9995.9,StrandBias:10.0,Multiplicity:1.00
0.001	0.130	0.868	0.001
0.944	0.001	0.001	0.054
0.001	0.097	0.901	0.001
0.922	0.001	0.076	0.001
0.513	0.144	0.342	0.001
0.997	0.001	0.001	0.001
0.042	0.001	0.956	0.001
0.997	0.001	0.001	0.001
0.001	0.001	0.997	0.001
0.875	0.123	0.001	0.001
0.150	0.114	0.735	0.001
0.632	0.269	0.001	0.098
>VNRHGCATGCDN	22-VNRHGCATGCDN	8.368792	-0.263736	0	T:62.0(1.05%),B:1965.8(1.14%),P:1e0	Tpos:41.7,Tstd:24.9,Bpos:426.9,Bstd:1546.2,StrandBias:-0.3,Multiplicity:1.00
0.249	0.271	0.321	0.159
0.214	0.328	0.214	0.243
0.429	0.001	0.569	0.001
0.311	0.373	0.001	0.315
0.383	0.001	0.615	0.001
0.001	0.997	0.001	0.001
0.997	0.001	0.001	0.001
0.001	0.411	0.001	0.587
0.001	0.001	0.997	0.001
0.001	0.450	0.250	0.299
0.264	0.001	0.381	0.354
0.184	0.317	0.262	0.237
>RCRCRCRCRCRC	23-RCRCRCRCRCRC	10.586218	-0.208497	0	T:10.0(0.17%),B:369.3(0.21%),P:1e0	Tpos:79.0,Tstd:9.3,Bpos:237.6,Bstd:384.6,StrandBias:-1.0,Multiplicity:1.00
0.467	0.031	0.468	0.034
0.027	0.539	0.126	0.308
0.490	0.021	0.456	0.034
0.048	0.859	0.039	0.054
0.500	0.039	0.419	0.043
0.028	0.856	0.068	0.048
0.470	0.041	0.461	0.028
0.017	0.634	0.034	0.315
0.462	0.026	0.497	0.015
0.046	0.870	0.034	0.050
0.441	0.027	0.495	0.037
0.024	0.830	0.086	0.060
>CACACACACACA	24-CACACACACACA	8.785522	-0.162453	0	T:146.0(2.46%),B:4606.3(2.67%),P:1e0	Tpos:47.8,Tstd:29.7,Bpos:2700.9,Bstd:7398.1,StrandBias:-0.1,Multiplicity:1.14
0.001	0.997	0.001	0.001
0.944	0.001	0.054	0.001
0.001	0.997	0.001	0.001
0.864	0.001	0.134	0.001
0.001	0.997	0.001	0.001
0.769	0.001	0.229	0.001
0.001	0.997	0.001	0.001
0.788	0.001	0.210	0.001
0.001	0.997	0.001	0.001
0.903	0.001	0.095	0.001
0.001	0.997	0.001	0.001
0.815	0.001	0.183	0.001
>AGAGAGARAGAG	25-AGAGAGARAGAG	12.355666	-0.124215	0	T:15.0(0.25%),B:574.1(0.33%),P:1e0	Tpos:45.5,Tstd:25.9,Bpos:5021.7,Bstd:9347.7,StrandBias:1.7,Multiplicity:1.08
0.623	0.026	0.173	0.178
0.139	0.014	0.825	0.022
0.965	0.001	0.033	0.001
0.001	0.028	0.949	0.022
0.778	0.016	0.011	0.195
0.229	0.200	0.521	0.050
0.918	0.035	0.008	0.039
0.371	0.215	0.394	0.020
0.764	0.001	0.026	0.209
0.187	0.021	0.737	0.055
0.562	0.385	0.013	0.040
0.338	0.027	0.634	0.001
>GSCACGTG	1-GSCACGTG	5.961454	-1835.050133	0	T:3115.0(52.50%),B:29577.6(17.16%),P:1e-796	Tpos:50.9,Tstd:21.7,Bpos:2906.8,Bstd:8381.8,StrandBias:-0.0,Multiplicity:1.14
0.222	0.209	0.423	0.146
0.196	0.402	0.382	0.020
0.006	0.992	0.001	0.001
0.876	0.001	0.062	0.061
0.001	0.808	0.001	0.190
0.223	0.001	0.775	0.001
0.034	0.043	0.001	0.922
0.001	0.001	0.997	0.001
>VHCACGTG	2-VHCACGTG	6.510770	-1005.500056	0	T:1840.0(31.01%),B:16532.2(9.59%),P:1e-436	Tpos:45.5,Tstd:32.8,Bpos:1140.6,Bstd:3181.5,StrandBias:1.2,Multiplicity:1.00
0.256	0.251	0.336	0.156
0.295	0.358	0.008	0.339
0.201	0.752	0.041	0.006
0.553	0.001	0.343	0.103
0.001	0.729	0.001	0.269
0.288	0.001	0.710	0.001
0.058	0.100	0.001	0.841
0.001	0.001	0.997	0.001
>MCGCRTGY	3-MCGCRTGY	6.417398	-463.631370	0	T:2020.0(34.05%),B:29905.5(17.35%),P:1e-201	Tpos:50.6,Tstd:24.6,Bpos:898.7,Bstd:3532.2,StrandBias:0.0,Multiplicity:1.09
0.450	0.329	0.180	0.042
0.219	0.713	0.034	0.034
0.265	0.001	0.593	0.141
0.001	0.997	0.001	0.001
0.530	0.001	0.468	0.001
0.001	0.100	0.001	0.898
0.001	0.005	0.990	0.004
0.145	0.374	0.185	0.296
>CCACGAGG	4-CCACGAGG	8.837513	-52.530816	0	T:299.0(5.04%),B:4583.7(2.66%),P:1e-22	Tpos:49.0,Tstd:23.7,Bpos:881.0,Bstd:2922.1,StrandBias:-0.1,Multiplicity:1.01
0.124	0.649	0.226	0.001
0.001	0.997	0.001	0.001
0.997	0.001	0.001	0.001
0.001	0.863	0.001	0.135
0.001	0.001	0.997	0.001
0.997	0.001	0.001	0.001
0.001	0.001	0.997	0.001
0.001	0.001	0.997	0.001
>GNCGCRTG	5-GNCGCRTG	7.341948	-42.629145	0	T:577.0(9.73%),B:11386.6(6.61%),P:1e-18	Tpos:51.4,Tstd:25.6,Bpos:486.3,Bstd:2044.9,StrandBias:-0.2,Multiplicity:1.02
0.217	0.202	0.412	0.169
0.187	0.259	0.302	0.252
0.265	0.733	0.001	0.001
0.242	0.001	0.685	0.072
0.001	0.997	0.001	0.001
0.523	0.001	0.475	0.001
0.001	0.041	0.001	0.957
0.001	0.001	0.997	0.001
>CGCACGCG	6-CGCACGCG	8.582989	-19.802685	0	T:411.0(6.93%),B:8840.2(5.13%),P:1e-8	Tpos:57.1,Tstd:27.6,Bpos:336.2,Bstd:920.9,StrandBias:-0.7,Multiplicity:1.00
0.233	0.412	0.218	0.137
0.238	0.151	0.610	0.001
0.001	0.997	0.001	0.001
0.997	0.001	0.001	0.001
0.001	0.997	0.001	0.001
0.127	0.001	0.871	0.001
0.001	0.997	0.001	0.001
0.209	0.001	0.712	0.078
>GGAAGTGA	7-GGAAGTGA	10.538881	-9.431075	0	T:137.0(2.31%),B:2812.8(1.63%),P:1e-4	Tpos:48.1,Tstd:28.7,Bpos:3859.5,Bstd:8278.8,StrandBias:0.0,Multiplicity:1.00
0.154	0.001	0.844	0.001
0.001	0.001	0.997	0.001
0.997	0.001	0.001	0.001
0.997	0.001	0.001	0.001
0.001	0.001	0.997	0.001
0.001	0.001	0.001	0.997
0.001	0.001	0.997	0.001
0.695	0.001	0.202	0.102
>CACGTGAG	8-CACGTGAG	9.215172	-8.838168	0	T:82.0(1.38%),B:1533.6(0.89%),P:1e-3	Tpos:64.4,Tstd:18.9,Bpos:1540.0,Bstd:4611.8,StrandBias:-2.0,Multiplicity:1.00
0.001	0.997	0.001	0.001
0.997	0.001	0.001	0.001
0.001	0.667	0.001	0.331
0.224	0.001	0.774	0.001
0.001	0.001	0.001	0.997
0.001	0.001	0.997	0.001
0.677	0.001	0.001	0.321
0.163	0.230	0.444	0.163
>NAAVCAYR	9-NAAVCAYR	6.102554	-6.961091	0	T:39.0(0.66%),B:644.3(0.37%),P:1e-3	Tpos:56.6,Tstd:24.2,Bpos:2171.5,Bstd:6212.4,StrandBias:1.5,Multiplicity:1.00
0.308	0.249	0.186	0.257
0.529	0.074	0.291	0.106
0.553	0.285	0.158	0.004
0.276	0.263	0.398	0.062
0.002	0.962	0.001	0.035
0.963	0.004	0.010	0.023
0.096	0.419	0.181	0.304
0.382	0.083	0.490	0.045
>AACWGAAA	10-AACWGAAA	9.374493	-6.846823	0	T:89.0(1.50%),B:1815.6(1.05%),P:1e-2	Tpos:47.1,Tstd:27.7,Bpos:7248.6,Bstd:11268.2,StrandBias:-0.3,Multiplicity:1.02
0.997	0.001	0.001	0.001
0.997	0.001	0.001	0.001
0.001	0.577	0.421	0.001
0.421	0.040	0.001	0.538
0.001	0.001	0.997	0.001
0.588	0.001	0.410	0.001
0.997	0.001	0.001	0.001
0.997	0.001	0.001	0.001
>ACTTCCGC	11-ACTTCCGC	7.743825	-6.282676	0	T:298.0(5.02%),B:7280.7(4.22%),P:1e-2	Tpos:47.9,Tstd:28.9,Bpos:1427.2,Bstd:4927.2,StrandBias:-0.0,Multiplicity:1.06
0.703	0.039	0.204	0.054
0.036	0.717	0.099	0.148
0.059	0.001	0.019	0.921
0.044	0.004	0.034	0.918
0.013	0.904	0.025	0.058
0.022	0.893	0.012	0.073
0.022	0.158	0.485	0.334
0.048	0.462	0.278	0.211
>AMACAYGY	12-AMACAYGY	5.903710	-6.141228	0	T:247.0(4.16%),B:5941.1(3.45%),P:1e-2	Tpos:44.1,Tstd:28.1,Bpos:2587.9,Bstd:8147.8,StrandBias:-0.7,Multiplicity:1.00
0.419	0.227	0.213	0.142
0.359	0.454	0.089	0.098
0.571	0.047	0.311	0.071
0.001	0.882	0.012	0.105
0.618	0.072	0.309	0.001
0.127	0.410	0.044	0.419
0.225	0.068	0.631	0.076
0.200	0.419	0.015	0.365
>CACTTCCT	13-CACTTCCT	8.738732	-4.186167	0	T:146.0(2.46%),B:3512.8(2.04%),P:1e-1	Tpos:51.6,Tstd:26.3,Bpos:2691.2,Bstd:7165.9,StrandBias:-0.1,Multiplicity:1.05
0.094	0.599	0.122	0.185
0.855	0.012	0.089	0.044
0.016	0.502	0.248	0.234
0.040	0.001	0.003	0.956
0.034	0.001	0.010	0.955
0.024	0.873	0.024	0.079
0.008	0.904	0.001	0.087
0.001	0.126	0.359	0.514
>VNCACGTG	14-VNCACGTG	7.261522	-4.050485	0	T:110.0(1.85%),B:2580.5(1.50%),P:1e-1	Tpos:42.7,Tstd:28.7,Bpos:480.5,Bstd:1482.1,StrandBias:-0.3,Multiplicity:1.03
0.275	0.270	0.363	0.093
0.205	0.282	0.205	0.308
0.185	0.813	0.001	0.001
0.733	0.001	0.233	0.033
0.001	0.679	0.001	0.319
0.240	0.001	0.758	0.001
0.123	0.193	0.001	0.683
0.001	0.001	0.928	0.070
>TTCCTSTT	15-TTCCTSTT	8.544720	-3.523128	0	T:100.0(1.69%),B:2376.7(1.38%),P:1e-1	Tpos:48.2,Tstd:27.8,Bpos:4136.3,Bstd:8113.2,StrandBias:0.6,Multiplicity:1.01
0.001	0.102	0.001	0.896
0.001	0.001	0.001	0.997
0.001	0.997	0.001	0.001
0.195	0.702	0.102	0.001
0.001	0.239	0.238	0.522
0.001	0.456	0.486	0.057
0.137	0.001	0.114	0.748
0.077	0.065	0.197	0.661
>RYGTGGYT	16-RYGTGGYT	7.150165	-2.982683	0	T:34.0(0.57%),B:723.6(0.42%),P:1e-1	Tpos:42.4,Tstd:27.0,Bpos:1319.6,Bstd:3332.7,StrandBias:0.9,Multiplicity:1.00
0.393	0.028	0.458	0.121
0.023	0.499	0.025	0.453
0.073	0.006	0.889	0.032
0.033	0.042	0.001	0.924
0.027	0.005	0.962	0.006
0.018	0.376	0.533	0.073
0.045	0.338	0.225	0.393
0.165	0.241	0.080	0.514
>RCATGYBN	17-RCATGYBN	5.356033	-1.074963	0	T:77.0(1.30%),B:2123.9(1.23%),P:1e0	Tpos:46.7,Tstd:25.5,Bpos:6398.9,Bstd:11398.0,StrandBias:-1.0,Multiplicity:1.00
0.360	0.001	0.482	0.157
0.021	0.643	0.001	0.335
0.560	0.010	0.338	0.092
0.012	0.396	0.001	0.591
0.036	0.001	0.962	0.001
0.111	0.393	0.225	0.271
0.161	0.206	0.316	0.317
0.263	0.188	0.231	0.318
>CACGCWYN	18-CACGCWYN	6.213397	-0.979059	0	T:77.0(1.30%),B:2146.1(1.25%),P:1e0	Tpos:51.9,Tstd:27.2,Bpos:529.5,Bstd:2553.5,StrandBias:-0.3,Multiplicity:1.18
0.073	0.704	0.007	0.216
0.703	0.001	0.202	0.094
0.025	0.652	0.001	0.322
0.384	0.022	0.589	0.005
0.049	0.949	0.001	0.001
0.412	0.043	0.210	0.335
0.135	0.377	0.158	0.330
0.231	0.252	0.272	0.245
>CACACACG	19-CACACACG	10.099811	-0.648207	0	T:104.0(1.75%),B:3028.3(1.76%),P:1e0	Tpos:48.8,Tstd:28.1,Bpos:1996.2,Bstd:6475.2,StrandBias:1.2,Multiplicity:1.05
0.001	0.949	0.001	0.049
0.814	0.001	0.184	0.001
0.001	0.997	0.001	0.001
0.952	0.001	0.046	0.001
0.001	0.997	0.001	0.001
0.805	0.001	0.193	0.001
0.001	0.997	0.001	0.001
0.365	0.001	0.633	0.001
>TGCGYRYG	20-TGCGYRYG	8.495632	-0.358530	0	T:97.0(1.63%),B:2960.2(1.72%),P:1e0	Tpos:50.2,Tstd:24.8,Bpos:428.7,Bstd:1486.4,StrandBias:0.4,Multiplicity:1.00
0.002	0.315	0.001	0.682
0.001	0.001	0.997	0.001
0.001	0.758	0.001	0.240
0.001	0.001	0.997	0.001
0.001	0.501	0.001	0.497
0.446	0.001	0.552	0.001
0.001	0.471	0.001	0.527
0.001	0.001	0.997	0.001
>AAGCGGAA	21-AAGCGGAA	8.601267	-0.284863	0	T:35.0(0.59%),B:1129.5(0.66%),P:1e0	Tpos:49.3,Tstd:24.1,Bpos:1094.9,Bstd:5927.6,StrandBias:0.2,Multiplicity:1.00
0.782	0.050	0.097	0.071
0.766	0.082	0.074	0.078
0.080	0.311	0.566	0.043
0.269	0.462	0.058	0.211
0.058	0.012	0.866	0.064
0.194	0.049	0.731	0.026
0.897	0.041	0.034	0.028
0.933	0.005	0.013	0.049
>RCRCAYGC	22-RCRCAYGC	6.162034	-0.125009	0	T:72.0(1.21%),B:2390.6(1.39%),P:1e0	Tpos:53.4,Tstd:24.9,Bpos:1842.2,Bstd:6419.1,StrandBias:0.2,Multiplicity:1.05
0.367	0.194	0.315	0.124
0.126	0.464	0.217	0.194
0.352	0.165	0.321	0.162
0.001	0.997	0.001	0.001
0.700	0.001	0.298	0.001
0.066	0.474	0.001	0.460
0.262	0.001	0.736	0.001
0.190	0.496	0.001	0.312
>TGTGCATG	23-TGTGCATG	9.108224	-0.035497	0	T:57.0(0.96%),B:2079.1(1.21%),P:1e0	Tpos:51.4,Tstd:27.8,Bpos:4276.8,Bstd:9187.9,StrandBias:-0.8,Multiplicity:1.00
0.018	0.001	0.001	0.980
0.001	0.001	0.997	0.001
0.001	0.358	0.001	0.640
0.021	0.001	0.977	0.001
0.001	0.593	0.001	0.405
0.596	0.001	0.402	0.001
0.001	0.358	0.001	0.640
0.001	0.001	0.997	0.001
>CACAYGCT	24-CACAYGCT	7.812154	-0.001187	0	T:33.0(0.56%),B:1553.9(0.90%),P:1e0	Tpos:46.6,Tstd:24.8,Bpos:1147.9,Bstd:5113.6,StrandBias:0.6,Multiplicity:1.00
0.146	0.687	0.113	0.054
0.591	0.064	0.331	0.014
0.004	0.956	0.001	0.039
0.778	0.001	0.219	0.002
0.088	0.525	0.001	0.386
0.091	0.001	0.890	0.018
0.241	0.543	0.089	0.127
0.153	0.051	0.305	0.492
>RCATGCHY	25-RCATGCHY	7.718942	-0.000116	0	T:18.0(0.30%),B:1110.0(0.64%),P:1e0	Tpos:61.0,Tstd:27.0,Bpos:7265.5,Bstd:11984.9,StrandBias:0.0,Multiplicity:1.00
0.482	0.076	0.441	0.001
0.001	0.997	0.001	0.001
0.907	0.001	0.080	0.012
0.050	0.289	0.001	0.660
0.109	0.001	0.889	0.001
0.001	0.961	0.001	0.037
0.386	0.275	0.079	0.260
0.105	0.359	0.174	0.362
