# universalmotif version 1.4.6

---
name: CMYC_1H_merged
alphabet: DNA
type: PPM
icscore: 12.41
nsites: 4207.0
pseudocount: 0.3333333
bkg:
  A: 0.2740777
  C: 0.2257795
  G: 0.2258661
  T: 0.2742767
  AA: 0.0865103
  AC: 0.0500859
  AG: 0.0716263
  AT: 0.065725
  CA: 0.0720356
  CC: 0.0630787
  CG: 0.0190438
  CT: 0.0717093
  GA: 0.060255
  GC: 0.05251
  GG: 0.0631446
  GT: 0.0500351
  TA: 0.0551315
  TC: 0.0602242
  TG: 0.0721309
  TT: 0.0867538
consensus: CCACGTGS
strand: +-
pval: 0.0
qval: 0.0
eval: 0.0
extrainfo:
- target:2598/1343/7256,bkg:384/205/7256,score:Inf
motif:
- 7.734e-02 6.633e-01 2.477e-01 1.171e-02
- 0.000e+00 1.000e+00 0.000e+00 0.000e+00
- 9.827e-01 0.000e+00 1.735e-02 0.000e+00
- 0.000e+00 9.232e-01 0.000e+00 7.680e-02
- 5.117e-02 0.000e+00 9.488e-01 0.000e+00
- 0.000e+00 1.842e-02 0.000e+00 9.816e-01
- 0.000e+00 0.000e+00 1.000e+00 0.000e+00
- 8.793e-03 2.939e-01 5.831e-01 1.143e-01

