>VVSCACGTGS	1-VVSCACGTGS	6.183497	-962.287481	0	T:1292.0(32.83%),B:11651.7(7.94%),P:1e-417	Tpos:174.1,Tstd:126.5,Bpos:1273.3,Bstd:3847.5,StrandBias:0.0,Multiplicity:1.16
0.228	0.288	0.355	0.130
0.275	0.291	0.331	0.104
0.137	0.495	0.366	0.001
0.001	0.997	0.001	0.001
0.997	0.001	0.001	0.001
0.001	0.997	0.001	0.001
0.113	0.001	0.885	0.001
0.001	0.001	0.001	0.997
0.001	0.001	0.997	0.001
0.001	0.449	0.379	0.171
>NCGCGTGBGN	2-NCGCGTGBGN	4.481369	-592.685441	0	T:3089.0(78.48%),B:75915.4(51.72%),P:1e-257	Tpos:179.3,Tstd:140.1,Bpos:332.6,Bstd:1058.2,StrandBias:0.0,Multiplicity:2.29
0.173	0.286	0.298	0.243
0.130	0.558	0.106	0.206
0.183	0.075	0.576	0.166
0.074	0.651	0.055	0.220
0.092	0.043	0.758	0.107
0.099	0.226	0.050	0.625
0.144	0.048	0.660	0.148
0.159	0.360	0.211	0.269
0.115	0.253	0.437	0.195
0.204	0.268	0.257	0.271
>CCGGAAGTGR	3-CCGGAAGTGR	5.921119	-455.514415	0	T:2022.0(51.37%),B:41447.7(28.24%),P:1e-197	Tpos:168.6,Tstd:129.8,Bpos:747.8,Bstd:3082.8,StrandBias:-0.0,Multiplicity:1.59
0.172	0.529	0.221	0.078
0.169	0.767	0.063	0.001
0.005	0.015	0.958	0.022
0.110	0.032	0.830	0.028
0.937	0.002	0.007	0.054
0.903	0.009	0.004	0.084
0.235	0.143	0.546	0.076
0.105	0.325	0.034	0.536
0.197	0.186	0.475	0.141
0.295	0.204	0.356	0.145
>CHCCCCCYYC	4-CHCCCCCYYC	4.599902	-370.692728	0	T:3555.0(90.32%),B:106757.8(72.74%),P:1e-160	Tpos:177.6,Tstd:141.6,Bpos:344.2,Bstd:1075.9,StrandBias:-0.0,Multiplicity:1.78
0.152	0.477	0.148	0.224
0.215	0.291	0.138	0.355
0.001	0.669	0.173	0.157
0.090	0.692	0.064	0.154
0.110	0.548	0.155	0.187
0.102	0.620	0.001	0.277
0.063	0.655	0.002	0.280
0.098	0.389	0.119	0.394
0.024	0.384	0.232	0.360
0.038	0.548	0.163	0.251
>CRCAWSCACR	5-CRCAWSCACR	3.790842	-270.850381	0	T:3044.0(77.34%),B:87654.0(59.72%),P:1e-117	Tpos:174.4,Tstd:141.4,Bpos:1421.4,Bstd:4692.3,StrandBias:0.1,Multiplicity:1.65
0.028	0.839	0.040	0.093
0.447	0.035	0.496	0.022
0.283	0.674	0.002	0.041
0.848	0.025	0.075	0.052
0.437	0.123	0.039	0.400
0.051	0.421	0.520	0.008
0.040	0.846	0.054	0.060
0.842	0.033	0.112	0.013
0.059	0.863	0.050	0.028
0.433	0.027	0.529	0.011
>GGGCGGGGAG	6-GGGCGGGGAG	5.067119	-261.862425	0	T:3542.0(89.99%),B:111055.0(75.66%),P:1e-113	Tpos:182.6,Tstd:147.1,Bpos:316.2,Bstd:1006.8,StrandBias:0.0,Multiplicity:1.87
0.123	0.020	0.836	0.021
0.164	0.112	0.669	0.055
0.016	0.121	0.831	0.032
0.048	0.752	0.091	0.109
0.028	0.152	0.609	0.211
0.199	0.065	0.720	0.016
0.016	0.022	0.830	0.132
0.043	0.097	0.788	0.072
0.456	0.203	0.036	0.305
0.037	0.257	0.477	0.229
>NHRGCGTGSY	7-NHRGCGTGSY	4.753299	-243.446969	0	T:2940.0(74.70%),B:84761.9(57.75%),P:1e-105	Tpos:176.3,Tstd:141.9,Bpos:931.9,Bstd:3442.6,StrandBias:-0.1,Multiplicity:1.69
0.262	0.227	0.291	0.220
0.307	0.187	0.172	0.335
0.533	0.001	0.438	0.028
0.093	0.041	0.816	0.050
0.054	0.786	0.064	0.096
0.113	0.052	0.781	0.054
0.065	0.059	0.055	0.821
0.058	0.039	0.815	0.088
0.036	0.482	0.456	0.026
0.044	0.298	0.254	0.404
>ATATTTTATG	8-ATATTTTATG	0.566642	-222.706687	0	T:3790.0(96.29%),B:126687.5(86.31%),P:1e-96	Tpos:170.2,Tstd:143.9,Bpos:5168.9,Bstd:12003.7,StrandBias:-0.0,Multiplicity:4.22
0.700	0.100	0.100	0.100
0.100	0.100	0.100	0.700
0.700	0.100	0.100	0.100
0.100	0.100	0.100	0.700
0.100	0.100	0.100	0.700
0.100	0.100	0.100	0.700
0.100	0.100	0.100	0.700
0.700	0.100	0.100	0.100
0.100	0.100	0.100	0.700
0.100	0.100	0.700	0.100
>CCYCCCCCCC	9-CCYCCCCCCC	3.464600	-195.779045	0	T:3278.0(83.28%),B:102035.2(69.52%),P:1e-85	Tpos:187.0,Tstd:150.7,Bpos:483.2,Bstd:1492.5,StrandBias:0.0,Multiplicity:1.94
0.001	0.886	0.001	0.112
0.001	0.960	0.001	0.038
0.193	0.393	0.001	0.413
0.001	0.723	0.001	0.275
0.001	0.933	0.001	0.065
0.380	0.591	0.001	0.028
0.057	0.862	0.001	0.080
0.132	0.753	0.001	0.114
0.343	0.548	0.001	0.108
0.286	0.600	0.047	0.067
>AGGAAAAGCC	10-AGGAAAAGCC	2.512553	-153.409256	0	T:3935.0(99.97%),B:140905.6(96.00%),P:1e-66	Tpos:175.0,Tstd:137.6,Bpos:655.9,Bstd:2647.1,StrandBias:-0.1,Multiplicity:2.31
0.700	0.100	0.100	0.100
0.100	0.100	0.700	0.100
0.100	0.100	0.700	0.100
0.700	0.100	0.100	0.100
0.700	0.100	0.100	0.100
0.700	0.100	0.100	0.100
0.700	0.100	0.100	0.100
0.100	0.100	0.700	0.100
0.100	0.700	0.100	0.100
0.100	0.700	0.100	0.100
>AAAATGGCGG	11-AAAATGGCGG	8.668420	-130.821428	0	T:368.0(9.35%),B:5272.1(3.59%),P:1e-56	Tpos:180.6,Tstd:140.6,Bpos:784.7,Bstd:2386.3,StrandBias:0.3,Multiplicity:1.09
0.848	0.019	0.132	0.001
0.639	0.114	0.066	0.181
0.619	0.145	0.235	0.001
0.994	0.004	0.001	0.001
0.001	0.001	0.001	0.997
0.065	0.028	0.841	0.066
0.035	0.022	0.913	0.030
0.001	0.997	0.001	0.001
0.091	0.096	0.640	0.173
0.126	0.107	0.685	0.082
>TTTATGTACA	12-TTTATGTACA	0.566642	-109.730382	0	T:3890.0(98.83%),B:138435.7(94.32%),P:1e-47	Tpos:177.7,Tstd:144.7,Bpos:1327.7,Bstd:4756.3,StrandBias:0.0,Multiplicity:2.46
0.100	0.100	0.100	0.700
0.100	0.100	0.100	0.700
0.100	0.100	0.100	0.700
0.700	0.100	0.100	0.100
0.100	0.100	0.100	0.700
0.100	0.100	0.700	0.100
0.100	0.100	0.100	0.700
0.700	0.100	0.100	0.100
0.100	0.700	0.100	0.100
0.700	0.100	0.100	0.100
>TTTTATGTAC	13-TTTTATGTAC	-2.343143	-108.517557	0	T:2636.0(66.97%),B:81443.7(55.49%),P:1e-47	Tpos:173.6,Tstd:149.4,Bpos:5953.6,Bstd:12273.5,StrandBias:-0.0,Multiplicity:2.23
0.076	0.001	0.001	0.922
0.376	0.001	0.001	0.622
0.171	0.001	0.001	0.827
0.001	0.001	0.048	0.950
0.796	0.126	0.077	0.001
0.077	0.144	0.001	0.778
0.377	0.077	0.545	0.001
0.077	0.095	0.077	0.751
0.904	0.094	0.001	0.001
0.001	0.950	0.048	0.001
>CACTTCCGCT	14-CACTTCCGCT	2.487942	-78.085049	0	T:2468.0(62.70%),B:77659.0(52.91%),P:1e-33	Tpos:173.6,Tstd:141.3,Bpos:2416.4,Bstd:8161.7,StrandBias:0.2,Multiplicity:1.55
0.072	0.918	0.001	0.009
0.996	0.002	0.001	0.001
0.001	0.623	0.375	0.001
0.108	0.035	0.007	0.850
0.084	0.001	0.001	0.914
0.007	0.937	0.001	0.055
0.075	0.730	0.088	0.107
0.001	0.334	0.565	0.100
0.308	0.690	0.001	0.001
0.076	0.117	0.020	0.787
>CCAGCAGGCC	15-CCAGCAGGCC	2.512553	-36.501877	0	T:3930.0(99.85%),B:144751.1(98.62%),P:1e-15	Tpos:179.6,Tstd:145.2,Bpos:455.4,Bstd:1500.4,StrandBias:-0.0,Multiplicity:2.05
0.100	0.700	0.100	0.100
0.100	0.700	0.100	0.100
0.700	0.100	0.100	0.100
0.100	0.100	0.700	0.100
0.100	0.700	0.100	0.100
0.700	0.100	0.100	0.100
0.100	0.100	0.700	0.100
0.100	0.100	0.700	0.100
0.100	0.700	0.100	0.100
0.100	0.700	0.100	0.100
>TCTGGGAGGG	16-TCTGGGAGGG	2.512553	-32.014918	0	T:3933.0(99.92%),B:145217.3(98.94%),P:1e-13	Tpos:177.1,Tstd:141.0,Bpos:509.4,Bstd:1926.1,StrandBias:-0.0,Multiplicity:2.54
0.100	0.100	0.100	0.700
0.100	0.700	0.100	0.100
0.100	0.100	0.100	0.700
0.100	0.100	0.700	0.100
0.100	0.100	0.700	0.100
0.100	0.100	0.700	0.100
0.700	0.100	0.100	0.100
0.100	0.100	0.700	0.100
0.100	0.100	0.700	0.100
0.100	0.100	0.700	0.100
>GGGCGTGGCC	17-GGGCGTGGCC	0.000000	-10.607608	0	T:3935.0(99.97%),B:146275.8(99.66%),P:1e-4
0.100	0.100	0.700	0.100
0.100	0.100	0.700	0.100
0.100	0.100	0.700	0.100
0.100	0.700	0.100	0.100
0.100	0.100	0.700	0.100
0.100	0.100	0.100	0.700
0.100	0.100	0.700	0.100
0.100	0.100	0.700	0.100
0.100	0.700	0.100	0.100
0.100	0.700	0.100	0.100
>TGCGGCGCAG	18-TGCGGCGCAG	0.566642	-7.019004	0	T:3936.0(100.00%),B:146510.8(99.82%),P:1e-3	Tpos:181.0,Tstd:144.5,Bpos:476.7,Bstd:1739.7,StrandBias:0.0,Multiplicity:1.85
0.100	0.100	0.100	0.700
0.100	0.100	0.700	0.100
0.100	0.700	0.100	0.100
0.100	0.100	0.700	0.100
0.100	0.100	0.700	0.100
0.100	0.700	0.100	0.100
0.100	0.100	0.700	0.100
0.100	0.700	0.100	0.100
0.700	0.100	0.100	0.100
0.100	0.100	0.700	0.100
>CGCGTGCTCG	19-CGCGTGCTCG	0.000000	-6.276782	0	T:3936.0(100.00%),B:146538.6(99.84%),P:1e-2
0.100	0.700	0.100	0.100
0.100	0.100	0.700	0.100
0.100	0.700	0.100	0.100
0.100	0.100	0.700	0.100
0.100	0.100	0.100	0.700
0.100	0.100	0.700	0.100
0.100	0.700	0.100	0.100
0.100	0.100	0.100	0.700
0.100	0.700	0.100	0.100
0.100	0.100	0.700	0.100
>CCCGCCCACT	20-CCCGCCCACT	0.000000	-4.474824	0	T:3936.0(100.00%),B:146606.4(99.88%),P:1e-1
0.100	0.700	0.100	0.100
0.100	0.700	0.100	0.100
0.100	0.700	0.100	0.100
0.100	0.100	0.700	0.100
0.100	0.700	0.100	0.100
0.100	0.700	0.100	0.100
0.100	0.700	0.100	0.100
0.700	0.100	0.100	0.100
0.100	0.700	0.100	0.100
0.100	0.100	0.100	0.700
>ACGCCCCGCC	21-ACGCCCCGCC	10.797803	-3.557288	0	T:132.0(3.35%),B:4140.3(2.82%),P:1e-1	Tpos:221.1,Tstd:147.5,Bpos:361.5,Bstd:1019.1,StrandBias:-0.2,Multiplicity:1.00
0.960	0.038	0.001	0.001
0.001	0.997	0.001	0.001
0.177	0.001	0.681	0.141
0.001	0.997	0.001	0.001
0.001	0.997	0.001	0.001
0.001	0.997	0.001	0.001
0.282	0.603	0.001	0.114
0.140	0.001	0.858	0.001
0.001	0.997	0.001	0.001
0.001	0.858	0.001	0.140
>CTGCCTCTTT	22-CTGCCTCTTT	10.476699	-0.319841	0	T:71.0(1.80%),B:2828.6(1.93%),P:1e0	Tpos:175.7,Tstd:125.6,Bpos:1124.1,Bstd:4037.8,StrandBias:1.2,Multiplicity:1.00
0.001	0.997	0.001	0.001
0.107	0.107	0.001	0.785
0.001	0.001	0.997	0.001
0.001	0.997	0.001	0.001
0.001	0.891	0.107	0.001
0.001	0.107	0.001	0.891
0.001	0.997	0.001	0.001
0.215	0.107	0.001	0.677
0.001	0.107	0.107	0.785
0.001	0.137	0.001	0.861
>GACTTCCGCT	23-GACTTCCGCT	0.000000	-0.052927	0	T:3936.0(100.00%),B:146774.0(100.00%),P:1e0
0.100	0.100	0.700	0.100
0.700	0.100	0.100	0.100
0.100	0.700	0.100	0.100
0.100	0.100	0.100	0.700
0.100	0.100	0.100	0.700
0.100	0.700	0.100	0.100
0.100	0.700	0.100	0.100
0.100	0.100	0.700	0.100
0.100	0.700	0.100	0.100
0.100	0.100	0.100	0.700
>GCGGAAGTGA	24-GCGGAAGTGA	0.000000	-0.026463	0	T:3936.0(100.00%),B:146774.4(100.00%),P:1e0
0.100	0.100	0.700	0.100
0.100	0.700	0.100	0.100
0.100	0.100	0.700	0.100
0.100	0.100	0.700	0.100
0.700	0.100	0.100	0.100
0.700	0.100	0.100	0.100
0.100	0.100	0.700	0.100
0.100	0.100	0.100	0.700
0.100	0.100	0.700	0.100
0.700	0.100	0.100	0.100
>CCCTCCCCCT	25-CCCTCCCCCT	-7.216998	0.000000	0	T:3936.0(100.00%),B:146775.6(100.00%),P:1e0	Tpos:173.6,Tstd:144.1,Bpos:1417.4,Bstd:4747.6,StrandBias:0.0,Multiplicity:1.42
0.100	0.700	0.100	0.100
0.100	0.700	0.100	0.100
0.100	0.700	0.100	0.100
0.100	0.100	0.100	0.700
0.100	0.700	0.100	0.100
0.100	0.700	0.100	0.100
0.100	0.700	0.100	0.100
0.100	0.700	0.100	0.100
0.100	0.700	0.100	0.100
0.100	0.100	0.100	0.700
