>VVSCACGTGS	1-VVSCACGTGS	6.183497	-962.287481	0	T:1292.0(32.83%),B:11651.7(7.94%),P:1e-417	Tpos:174.1,Tstd:126.5,Bpos:1273.3,Bstd:3847.5,StrandBias:0.0,Multiplicity:1.16
0.228	0.288	0.355	0.130
0.275	0.291	0.331	0.104
0.137	0.495	0.366	0.001
0.001	0.997	0.001	0.001
0.997	0.001	0.001	0.001
0.001	0.997	0.001	0.001
0.113	0.001	0.885	0.001
0.001	0.001	0.001	0.997
0.001	0.001	0.997	0.001
0.001	0.449	0.379	0.171
>NCGCGTGBGN	2-NCGCGTGBGN	4.481369	-592.685441	0	T:3089.0(78.48%),B:75915.4(51.72%),P:1e-257	Tpos:179.3,Tstd:140.1,Bpos:332.6,Bstd:1058.2,StrandBias:0.0,Multiplicity:2.29
0.173	0.286	0.298	0.243
0.130	0.558	0.106	0.206
0.183	0.075	0.576	0.166
0.074	0.651	0.055	0.220
0.092	0.043	0.758	0.107
0.099	0.226	0.050	0.625
0.144	0.048	0.660	0.148
0.159	0.360	0.211	0.269
0.115	0.253	0.437	0.195
0.204	0.268	0.257	0.271
>CCGGAAGTGR	3-CCGGAAGTGR	5.921119	-455.514415	0	T:2022.0(51.37%),B:41447.7(28.24%),P:1e-197	Tpos:168.6,Tstd:129.8,Bpos:747.8,Bstd:3082.8,StrandBias:-0.0,Multiplicity:1.59
0.172	0.529	0.221	0.078
0.169	0.767	0.063	0.001
0.005	0.015	0.958	0.022
0.110	0.032	0.830	0.028
0.937	0.002	0.007	0.054
0.903	0.009	0.004	0.084
0.235	0.143	0.546	0.076
0.105	0.325	0.034	0.536
0.197	0.186	0.475	0.141
0.295	0.204	0.356	0.145
>CHCCCCCYYC	4-CHCCCCCYYC	4.599902	-370.692728	0	T:3555.0(90.32%),B:106757.8(72.74%),P:1e-160	Tpos:177.6,Tstd:141.6,Bpos:344.2,Bstd:1075.9,StrandBias:-0.0,Multiplicity:1.78
0.152	0.477	0.148	0.224
0.215	0.291	0.138	0.355
0.001	0.669	0.173	0.157
0.090	0.692	0.064	0.154
0.110	0.548	0.155	0.187
0.102	0.620	0.001	0.277
0.063	0.655	0.002	0.280
0.098	0.389	0.119	0.394
0.024	0.384	0.232	0.360
0.038	0.548	0.163	0.251
>CRCAWSCACR	5-CRCAWSCACR	3.790842	-270.850381	0	T:3044.0(77.34%),B:87654.0(59.72%),P:1e-117	Tpos:174.4,Tstd:141.4,Bpos:1421.4,Bstd:4692.3,StrandBias:0.1,Multiplicity:1.65
0.028	0.839	0.040	0.093
0.447	0.035	0.496	0.022
0.283	0.674	0.002	0.041
0.848	0.025	0.075	0.052
0.437	0.123	0.039	0.400
0.051	0.421	0.520	0.008
0.040	0.846	0.054	0.060
0.842	0.033	0.112	0.013
0.059	0.863	0.050	0.028
0.433	0.027	0.529	0.011
>GGGCGGGGAG	6-GGGCGGGGAG	5.067119	-261.862425	0	T:3542.0(89.99%),B:111055.0(75.66%),P:1e-113	Tpos:182.6,Tstd:147.1,Bpos:316.2,Bstd:1006.8,StrandBias:0.0,Multiplicity:1.87
0.123	0.020	0.836	0.021
0.164	0.112	0.669	0.055
0.016	0.121	0.831	0.032
0.048	0.752	0.091	0.109
0.028	0.152	0.609	0.211
0.199	0.065	0.720	0.016
0.016	0.022	0.830	0.132
0.043	0.097	0.788	0.072
0.456	0.203	0.036	0.305
0.037	0.257	0.477	0.229
>NHRGCGTGSY	7-NHRGCGTGSY	4.753299	-243.446969	0	T:2940.0(74.70%),B:84761.9(57.75%),P:1e-105	Tpos:176.3,Tstd:141.9,Bpos:931.9,Bstd:3442.6,StrandBias:-0.1,Multiplicity:1.69
0.262	0.227	0.291	0.220
0.307	0.187	0.172	0.335
0.533	0.001	0.438	0.028
0.093	0.041	0.816	0.050
0.054	0.786	0.064	0.096
0.113	0.052	0.781	0.054
0.065	0.059	0.055	0.821
0.058	0.039	0.815	0.088
0.036	0.482	0.456	0.026
0.044	0.298	0.254	0.404
>ATATTTTATG	8-ATATTTTATG	0.566642	-222.706687	0	T:3790.0(96.29%),B:126687.5(86.31%),P:1e-96	Tpos:170.2,Tstd:143.9,Bpos:5168.9,Bstd:12003.7,StrandBias:-0.0,Multiplicity:4.22
0.700	0.100	0.100	0.100
0.100	0.100	0.100	0.700
0.700	0.100	0.100	0.100
0.100	0.100	0.100	0.700
0.100	0.100	0.100	0.700
0.100	0.100	0.100	0.700
0.100	0.100	0.100	0.700
0.700	0.100	0.100	0.100
0.100	0.100	0.100	0.700
0.100	0.100	0.700	0.100
>CCYCCCCCCC	9-CCYCCCCCCC	3.464600	-195.779045	0	T:3278.0(83.28%),B:102035.2(69.52%),P:1e-85	Tpos:187.0,Tstd:150.7,Bpos:483.2,Bstd:1492.5,StrandBias:0.0,Multiplicity:1.94
0.001	0.886	0.001	0.112
0.001	0.960	0.001	0.038
0.193	0.393	0.001	0.413
0.001	0.723	0.001	0.275
0.001	0.933	0.001	0.065
0.380	0.591	0.001	0.028
0.057	0.862	0.001	0.080
0.132	0.753	0.001	0.114
0.343	0.548	0.001	0.108
0.286	0.600	0.047	0.067
>AGGAAAAGCC	10-AGGAAAAGCC	2.512553	-153.409256	0	T:3935.0(99.97%),B:140905.6(96.00%),P:1e-66	Tpos:175.0,Tstd:137.6,Bpos:655.9,Bstd:2647.1,StrandBias:-0.1,Multiplicity:2.31
0.700	0.100	0.100	0.100
0.100	0.100	0.700	0.100
0.100	0.100	0.700	0.100
0.700	0.100	0.100	0.100
0.700	0.100	0.100	0.100
0.700	0.100	0.100	0.100
0.700	0.100	0.100	0.100
0.100	0.100	0.700	0.100
0.100	0.700	0.100	0.100
0.100	0.700	0.100	0.100
>AAAATGGCGG	11-AAAATGGCGG	8.668420	-130.821428	0	T:368.0(9.35%),B:5272.1(3.59%),P:1e-56	Tpos:180.6,Tstd:140.6,Bpos:784.7,Bstd:2386.3,StrandBias:0.3,Multiplicity:1.09
0.848	0.019	0.132	0.001
0.639	0.114	0.066	0.181
0.619	0.145	0.235	0.001
0.994	0.004	0.001	0.001
0.001	0.001	0.001	0.997
0.065	0.028	0.841	0.066
0.035	0.022	0.913	0.030
0.001	0.997	0.001	0.001
0.091	0.096	0.640	0.173
0.126	0.107	0.685	0.082
>TTTATGTACA	12-TTTATGTACA	0.566642	-109.730382	0	T:3890.0(98.83%),B:138435.7(94.32%),P:1e-47	Tpos:177.7,Tstd:144.7,Bpos:1327.7,Bstd:4756.3,StrandBias:0.0,Multiplicity:2.46
0.100	0.100	0.100	0.700
0.100	0.100	0.100	0.700
0.100	0.100	0.100	0.700
0.700	0.100	0.100	0.100
0.100	0.100	0.100	0.700
0.100	0.100	0.700	0.100
0.100	0.100	0.100	0.700
0.700	0.100	0.100	0.100
0.100	0.700	0.100	0.100
0.700	0.100	0.100	0.100
>TTTTATGTAC	13-TTTTATGTAC	-2.343143	-108.517557	0	T:2636.0(66.97%),B:81443.7(55.49%),P:1e-47	Tpos:173.6,Tstd:149.4,Bpos:5953.6,Bstd:12273.5,StrandBias:-0.0,Multiplicity:2.23
0.076	0.001	0.001	0.922
0.376	0.001	0.001	0.622
0.171	0.001	0.001	0.827
0.001	0.001	0.048	0.950
0.796	0.126	0.077	0.001
0.077	0.144	0.001	0.778
0.377	0.077	0.545	0.001
0.077	0.095	0.077	0.751
0.904	0.094	0.001	0.001
0.001	0.950	0.048	0.001
>CACTTCCGCT	14-CACTTCCGCT	2.487942	-78.085049	0	T:2468.0(62.70%),B:77659.0(52.91%),P:1e-33	Tpos:173.6,Tstd:141.3,Bpos:2416.4,Bstd:8161.7,StrandBias:0.2,Multiplicity:1.55
0.072	0.918	0.001	0.009
0.996	0.002	0.001	0.001
0.001	0.623	0.375	0.001
0.108	0.035	0.007	0.850
0.084	0.001	0.001	0.914
0.007	0.937	0.001	0.055
0.075	0.730	0.088	0.107
0.001	0.334	0.565	0.100
0.308	0.690	0.001	0.001
0.076	0.117	0.020	0.787
>CCAGCAGGCC	15-CCAGCAGGCC	2.512553	-36.501877	0	T:3930.0(99.85%),B:144751.1(98.62%),P:1e-15	Tpos:179.6,Tstd:145.2,Bpos:455.4,Bstd:1500.4,StrandBias:-0.0,Multiplicity:2.05
0.100	0.700	0.100	0.100
0.100	0.700	0.100	0.100
0.700	0.100	0.100	0.100
0.100	0.100	0.700	0.100
0.100	0.700	0.100	0.100
0.700	0.100	0.100	0.100
0.100	0.100	0.700	0.100
0.100	0.100	0.700	0.100
0.100	0.700	0.100	0.100
0.100	0.700	0.100	0.100
>TCTGGGAGGG	16-TCTGGGAGGG	2.512553	-32.014918	0	T:3933.0(99.92%),B:145217.3(98.94%),P:1e-13	Tpos:177.1,Tstd:141.0,Bpos:509.4,Bstd:1926.1,StrandBias:-0.0,Multiplicity:2.54
0.100	0.100	0.100	0.700
0.100	0.700	0.100	0.100
0.100	0.100	0.100	0.700
0.100	0.100	0.700	0.100
0.100	0.100	0.700	0.100
0.100	0.100	0.700	0.100
0.700	0.100	0.100	0.100
0.100	0.100	0.700	0.100
0.100	0.100	0.700	0.100
0.100	0.100	0.700	0.100
>GGGCGTGGCC	17-GGGCGTGGCC	0.000000	-10.607608	0	T:3935.0(99.97%),B:146275.8(99.66%),P:1e-4
0.100	0.100	0.700	0.100
0.100	0.100	0.700	0.100
0.100	0.100	0.700	0.100
0.100	0.700	0.100	0.100
0.100	0.100	0.700	0.100
0.100	0.100	0.100	0.700
0.100	0.100	0.700	0.100
0.100	0.100	0.700	0.100
0.100	0.700	0.100	0.100
0.100	0.700	0.100	0.100
>TGCGGCGCAG	18-TGCGGCGCAG	0.566642	-7.019004	0	T:3936.0(100.00%),B:146510.8(99.82%),P:1e-3	Tpos:181.0,Tstd:144.5,Bpos:476.7,Bstd:1739.7,StrandBias:0.0,Multiplicity:1.85
0.100	0.100	0.100	0.700
0.100	0.100	0.700	0.100
0.100	0.700	0.100	0.100
0.100	0.100	0.700	0.100
0.100	0.100	0.700	0.100
0.100	0.700	0.100	0.100
0.100	0.100	0.700	0.100
0.100	0.700	0.100	0.100
0.700	0.100	0.100	0.100
0.100	0.100	0.700	0.100
>CGCGTGCTCG	19-CGCGTGCTCG	0.000000	-6.276782	0	T:3936.0(100.00%),B:146538.6(99.84%),P:1e-2
0.100	0.700	0.100	0.100
0.100	0.100	0.700	0.100
0.100	0.700	0.100	0.100
0.100	0.100	0.700	0.100
0.100	0.100	0.100	0.700
0.100	0.100	0.700	0.100
0.100	0.700	0.100	0.100
0.100	0.100	0.100	0.700
0.100	0.700	0.100	0.100
0.100	0.100	0.700	0.100
>CCCGCCCACT	20-CCCGCCCACT	0.000000	-4.474824	0	T:3936.0(100.00%),B:146606.4(99.88%),P:1e-1
0.100	0.700	0.100	0.100
0.100	0.700	0.100	0.100
0.100	0.700	0.100	0.100
0.100	0.100	0.700	0.100
0.100	0.700	0.100	0.100
0.100	0.700	0.100	0.100
0.100	0.700	0.100	0.100
0.700	0.100	0.100	0.100
0.100	0.700	0.100	0.100
0.100	0.100	0.100	0.700
>ACGCCCCGCC	21-ACGCCCCGCC	10.797803	-3.557288	0	T:132.0(3.35%),B:4140.3(2.82%),P:1e-1	Tpos:221.1,Tstd:147.5,Bpos:361.5,Bstd:1019.1,StrandBias:-0.2,Multiplicity:1.00
0.960	0.038	0.001	0.001
0.001	0.997	0.001	0.001
0.177	0.001	0.681	0.141
0.001	0.997	0.001	0.001
0.001	0.997	0.001	0.001
0.001	0.997	0.001	0.001
0.282	0.603	0.001	0.114
0.140	0.001	0.858	0.001
0.001	0.997	0.001	0.001
0.001	0.858	0.001	0.140
>CTGCCTCTTT	22-CTGCCTCTTT	10.476699	-0.319841	0	T:71.0(1.80%),B:2828.6(1.93%),P:1e0	Tpos:175.7,Tstd:125.6,Bpos:1124.1,Bstd:4037.8,StrandBias:1.2,Multiplicity:1.00
0.001	0.997	0.001	0.001
0.107	0.107	0.001	0.785
0.001	0.001	0.997	0.001
0.001	0.997	0.001	0.001
0.001	0.891	0.107	0.001
0.001	0.107	0.001	0.891
0.001	0.997	0.001	0.001
0.215	0.107	0.001	0.677
0.001	0.107	0.107	0.785
0.001	0.137	0.001	0.861
>GACTTCCGCT	23-GACTTCCGCT	0.000000	-0.052927	0	T:3936.0(100.00%),B:146774.0(100.00%),P:1e0
0.100	0.100	0.700	0.100
0.700	0.100	0.100	0.100
0.100	0.700	0.100	0.100
0.100	0.100	0.100	0.700
0.100	0.100	0.100	0.700
0.100	0.700	0.100	0.100
0.100	0.700	0.100	0.100
0.100	0.100	0.700	0.100
0.100	0.700	0.100	0.100
0.100	0.100	0.100	0.700
>GCGGAAGTGA	24-GCGGAAGTGA	0.000000	-0.026463	0	T:3936.0(100.00%),B:146774.4(100.00%),P:1e0
0.100	0.100	0.700	0.100
0.100	0.700	0.100	0.100
0.100	0.100	0.700	0.100
0.100	0.100	0.700	0.100
0.700	0.100	0.100	0.100
0.700	0.100	0.100	0.100
0.100	0.100	0.700	0.100
0.100	0.100	0.100	0.700
0.100	0.100	0.700	0.100
0.700	0.100	0.100	0.100
>CCCTCCCCCT	25-CCCTCCCCCT	-7.216998	0.000000	0	T:3936.0(100.00%),B:146775.6(100.00%),P:1e0	Tpos:173.6,Tstd:144.1,Bpos:1417.4,Bstd:4747.6,StrandBias:0.0,Multiplicity:1.42
0.100	0.700	0.100	0.100
0.100	0.700	0.100	0.100
0.100	0.700	0.100	0.100
0.100	0.100	0.100	0.700
0.100	0.700	0.100	0.100
0.100	0.700	0.100	0.100
0.100	0.700	0.100	0.100
0.100	0.700	0.100	0.100
0.100	0.700	0.100	0.100
0.100	0.100	0.100	0.700
>CACGTGSNNSCV	1-CACGTGSNNSCV	3.922248	-823.193129	0	T:1142.0(29.01%),B:10423.5(7.10%),P:1e-357	Tpos:176.2,Tstd:127.1,Bpos:773.8,Bstd:2703.5,StrandBias:0.0,Multiplicity:2.06
0.001	0.997	0.001	0.001
0.997	0.001	0.001	0.001
0.001	0.997	0.001	0.001
0.001	0.001	0.997	0.001
0.001	0.001	0.001	0.997
0.001	0.001	0.997	0.001
0.001	0.362	0.490	0.146
0.161	0.269	0.272	0.298
0.192	0.319	0.264	0.226
0.173	0.379	0.269	0.178
0.153	0.396	0.225	0.225
0.233	0.227	0.357	0.183
>RAASCGGAAGTG	2-RAASCGGAAGTG	7.548108	-313.989992	0	T:1165.0(29.60%),B:20462.8(13.94%),P:1e-136	Tpos:163.9,Tstd:129.7,Bpos:830.5,Bstd:2624.8,StrandBias:-0.1,Multiplicity:1.23
0.417	0.139	0.423	0.021
0.623	0.133	0.243	0.001
0.513	0.038	0.265	0.184
0.182	0.381	0.433	0.004
0.283	0.441	0.223	0.053
0.074	0.004	0.921	0.001
0.062	0.001	0.936	0.001
0.988	0.010	0.001	0.001
0.995	0.001	0.003	0.001
0.052	0.250	0.697	0.001
0.036	0.354	0.008	0.602
0.143	0.189	0.518	0.150
>GTGGCCACGCSG	3-GTGGCCACGCSG	-5.859994	-286.074747	0	T:3120.0(79.27%),B:90136.3(61.41%),P:1e-124	Tpos:181.9,Tstd:144.5,Bpos:380.2,Bstd:1216.5,StrandBias:-0.0,Multiplicity:1.91
0.001	0.001	0.997	0.001
0.001	0.001	0.001	0.997
0.001	0.419	0.579	0.001
0.001	0.001	0.997	0.001
0.001	0.997	0.001	0.001
0.001	0.997	0.001	0.001
0.997	0.001	0.001	0.001
0.001	0.997	0.001	0.001
0.001	0.001	0.997	0.001
0.001	0.997	0.001	0.001
0.001	0.488	0.510	0.001
0.001	0.412	0.586	0.001
>CACACACACACA	4-CACACACACACA	2.625881	-265.971047	0	T:3764.0(95.63%),B:123154.3(83.91%),P:1e-115	Tpos:177.0,Tstd:146.5,Bpos:1600.7,Bstd:5639.8,StrandBias:0.0,Multiplicity:2.71
0.100	0.700	0.100	0.100
0.700	0.100	0.100	0.100
0.100	0.700	0.100	0.100
0.700	0.100	0.100	0.100
0.100	0.700	0.100	0.100
0.700	0.100	0.100	0.100
0.100	0.700	0.100	0.100
0.700	0.100	0.100	0.100
0.100	0.700	0.100	0.100
0.700	0.100	0.100	0.100
0.100	0.700	0.100	0.100
0.700	0.100	0.100	0.100
>GGYVGGGSSCTC	5-GGYVGGGSSCTC	3.792706	-254.686912	0	T:3842.0(97.61%),B:128759.5(87.73%),P:1e-110	Tpos:163.1,Tstd:120.9,Bpos:1830.4,Bstd:7036.1,StrandBias:0.9,Multiplicity:1.00
0.191	0.173	0.463	0.173
0.001	0.356	0.510	0.133
0.001	0.501	0.018	0.480
0.315	0.355	0.329	0.001
0.165	0.164	0.670	0.001
0.337	0.001	0.498	0.164
0.001	0.338	0.519	0.142
0.173	0.338	0.480	0.009
0.001	0.510	0.472	0.017
0.001	0.643	0.001	0.355
0.001	0.001	0.172	0.826
0.001	0.511	0.191	0.297
>ARGCCCCGCCYC	6-ARGCCCCGCCYC	4.901146	-253.323634	0	T:3134.0(79.62%),B:92449.0(62.99%),P:1e-110	Tpos:180.6,Tstd:142.5,Bpos:538.7,Bstd:1867.5,StrandBias:0.1,Multiplicity:1.69
0.536	0.055	0.026	0.383
0.441	0.001	0.384	0.174
0.195	0.032	0.551	0.222
0.072	0.517	0.199	0.212
0.002	0.667	0.060	0.271
0.001	0.772	0.004	0.223
0.193	0.797	0.009	0.001
0.155	0.251	0.593	0.001
0.001	0.997	0.001	0.001
0.086	0.706	0.182	0.026
0.223	0.416	0.064	0.297
0.213	0.781	0.002	0.004
>NGGGGGRGGGGS	7-NGGGGGRGGGGS	5.984491	-198.375453	0	T:3131.0(79.55%),B:95416.7(65.01%),P:1e-86	Tpos:185.9,Tstd:147.9,Bpos:335.6,Bstd:1006.1,StrandBias:-0.1,Multiplicity:1.88
0.244	0.274	0.282	0.200
0.080	0.070	0.795	0.055
0.037	0.252	0.671	0.040
0.051	0.272	0.635	0.042
0.200	0.052	0.697	0.051
0.226	0.027	0.504	0.243
0.290	0.254	0.434	0.023
0.345	0.085	0.543	0.027
0.205	0.199	0.566	0.030
0.035	0.042	0.873	0.050
0.033	0.198	0.720	0.049
0.077	0.293	0.390	0.240
>RYGCRCACGCGC	8-RYGCRCACGCGC	3.457687	-189.082097	0	T:2649.0(67.30%),B:76254.0(51.95%),P:1e-82	Tpos:179.2,Tstd:140.3,Bpos:377.0,Bstd:1205.9,StrandBias:0.0,Multiplicity:2.17
0.481	0.037	0.449	0.033
0.006	0.459	0.022	0.513
0.053	0.054	0.863	0.030
0.027	0.891	0.038	0.044
0.518	0.011	0.453	0.018
0.041	0.881	0.048	0.030
0.593	0.002	0.399	0.006
0.029	0.889	0.047	0.035
0.392	0.016	0.566	0.026
0.042	0.856	0.070	0.032
0.064	0.045	0.838	0.053
0.362	0.596	0.041	0.001
>STTTTMTGTACA	9-STTTTMTGTACA	2.523238	-180.058082	0	T:3533.0(89.76%),B:114880.9(78.27%),P:1e-78	Tpos:175.8,Tstd:138.2,Bpos:1642.3,Bstd:5828.2,StrandBias:0.0,Multiplicity:1.51
0.024	0.420	0.297	0.259
0.048	0.098	0.075	0.779
0.012	0.190	0.177	0.621
0.050	0.207	0.095	0.648
0.126	0.119	0.198	0.557
0.480	0.335	0.152	0.033
0.123	0.168	0.184	0.525
0.024	0.159	0.711	0.106
0.060	0.276	0.185	0.478
0.554	0.193	0.150	0.103
0.131	0.682	0.153	0.034
0.952	0.012	0.012	0.024
>GCACGCACGCAC	10-GCACGCACGCAC	2.625881	-158.206653	0	T:3919.0(99.57%),B:138818.3(94.58%),P:1e-68	Tpos:178.4,Tstd:143.0,Bpos:526.0,Bstd:2086.5,StrandBias:-0.0,Multiplicity:2.66
0.100	0.100	0.700	0.100
0.100	0.700	0.100	0.100
0.700	0.100	0.100	0.100
0.100	0.700	0.100	0.100
0.100	0.100	0.700	0.100
0.100	0.700	0.100	0.100
0.700	0.100	0.100	0.100
0.100	0.700	0.100	0.100
0.100	0.100	0.700	0.100
0.100	0.700	0.100	0.100
0.700	0.100	0.100	0.100
0.100	0.700	0.100	0.100
>CAAVATGGCGGC	11-CAAVATGGCGGC	9.622548	-149.260771	0	T:354.0(8.99%),B:4561.0(3.11%),P:1e-64	Tpos:178.9,Tstd:135.0,Bpos:536.9,Bstd:1670.7,StrandBias:0.3,Multiplicity:1.08
0.190	0.520	0.130	0.160
0.872	0.001	0.126	0.001
0.850	0.001	0.120	0.029
0.363	0.246	0.390	0.001
0.957	0.041	0.001	0.001
0.001	0.001	0.040	0.958
0.001	0.060	0.938	0.001
0.001	0.001	0.997	0.001
0.001	0.997	0.001	0.001
0.079	0.168	0.690	0.063
0.079	0.239	0.681	0.001
0.199	0.606	0.070	0.125
>CYCBBCYGCCGS	12-CYCBBCYGCCGS	3.092612	-122.892419	0	T:3909.0(99.31%),B:139331.2(94.93%),P:1e-53	Tpos:178.2,Tstd:148.8,Bpos:562.7,Bstd:2083.0,StrandBias:0.1,Multiplicity:1.57
0.084	0.470	0.179	0.267
0.014	0.433	0.220	0.332
0.019	0.719	0.092	0.170
0.099	0.379	0.285	0.237
0.046	0.267	0.408	0.279
0.070	0.642	0.174	0.114
0.178	0.306	0.135	0.381
0.024	0.122	0.510	0.344
0.032	0.676	0.247	0.045
0.148	0.461	0.131	0.260
0.093	0.084	0.660	0.163
0.003	0.513	0.474	0.010
>ATATTTTATGTB	13-ATATTTTATGTB	1.944060	-121.591705	0	T:3236.0(82.22%),B:104988.6(71.53%),P:1e-52	Tpos:176.7,Tstd:141.9,Bpos:4148.1,Bstd:12512.7,StrandBias:0.0,Multiplicity:1.84
0.973	0.013	0.013	0.001
0.119	0.159	0.227	0.495
0.486	0.163	0.197	0.154
0.054	0.170	0.078	0.698
0.081	0.238	0.078	0.603
0.040	0.168	0.078	0.714
0.130	0.230	0.111	0.529
0.568	0.289	0.051	0.092
0.162	0.116	0.192	0.530
0.038	0.186	0.736	0.040
0.149	0.040	0.127	0.684
0.013	0.338	0.297	0.351
>AGCCCCGCCCCT	14-AGCCCCGCCCCT	2.625881	-88.495377	0	T:3924.0(99.70%),B:142062.6(96.79%),P:1e-38	Tpos:176.0,Tstd:138.2,Bpos:568.7,Bstd:1918.2,StrandBias:0.1,Multiplicity:2.72
0.700	0.100	0.100	0.100
0.100	0.100	0.700	0.100
0.100	0.700	0.100	0.100
0.100	0.700	0.100	0.100
0.100	0.700	0.100	0.100
0.100	0.700	0.100	0.100
0.100	0.100	0.700	0.100
0.100	0.700	0.100	0.100
0.100	0.700	0.100	0.100
0.100	0.700	0.100	0.100
0.100	0.700	0.100	0.100
0.100	0.100	0.100	0.700
>TATTTTATGTAC	15-TATTTTATGTAC	2.625881	-66.134345	0	T:2461.0(62.53%),B:78598.4(53.55%),P:1e-28	Tpos:167.3,Tstd:147.6,Bpos:6291.1,Bstd:11202.3,StrandBias:-0.0,Multiplicity:2.43
0.100	0.100	0.100	0.700
0.700	0.100	0.100	0.100
0.100	0.100	0.100	0.700
0.100	0.100	0.100	0.700
0.100	0.100	0.100	0.700
0.100	0.100	0.100	0.700
0.700	0.100	0.100	0.100
0.100	0.100	0.100	0.700
0.100	0.100	0.700	0.100
0.100	0.100	0.100	0.700
0.700	0.100	0.100	0.100
0.100	0.700	0.100	0.100
>CVGGGASTYCAG	16-CVGGGASTYCAG	0.991079	-17.290928	0	T:3934.0(99.95%),B:145912.0(99.41%),P:1e-7	Tpos:177.2,Tstd:146.4,Bpos:1546.1,Bstd:5478.9,StrandBias:0.0,Multiplicity:1.64
0.097	0.712	0.126	0.065
0.312	0.351	0.239	0.098
0.110	0.144	0.627	0.119
0.082	0.194	0.530	0.194
0.086	0.137	0.684	0.093
0.575	0.154	0.121	0.150
0.065	0.404	0.323	0.208
0.082	0.172	0.283	0.463
0.049	0.284	0.237	0.430
0.054	0.816	0.101	0.029
0.488	0.267	0.115	0.129
0.058	0.208	0.662	0.072
>CCACCCCCTCCC	17-CCACCCCCTCCC	10.826988	-4.665860	0	T:88.0(2.24%),B:2513.0(1.71%),P:1e-2	Tpos:118.5,Tstd:44.5,Bpos:332.3,Bstd:37.9,StrandBias:10.0,Multiplicity:1.00
0.057	0.743	0.118	0.082
0.089	0.706	0.114	0.091
0.483	0.159	0.202	0.156
0.081	0.650	0.177	0.092
0.047	0.715	0.122	0.116
0.105	0.606	0.162	0.127
0.056	0.688	0.138	0.118
0.079	0.674	0.134	0.113
0.069	0.105	0.166	0.660
0.066	0.657	0.160	0.117
0.046	0.750	0.109	0.095
0.089	0.667	0.115	0.129
>GGAGTYGGAMCT	18-GGAGTYGGAMCT	7.978000	-1.772504	0	T:395.0(10.04%),B:14045.6(9.57%),P:1e0	Tpos:165.8,Tstd:151.7,Bpos:247.2,Bstd:543.7,StrandBias:-2.3,Multiplicity:1.00
0.001	0.386	0.612	0.001
0.001	0.212	0.575	0.212
0.997	0.001	0.001	0.001
0.001	0.355	0.643	0.001
0.008	0.220	0.159	0.613
0.008	0.393	0.183	0.416
0.001	0.395	0.589	0.015
0.001	0.378	0.620	0.001
0.597	0.212	0.190	0.001
0.567	0.424	0.008	0.001
0.001	0.771	0.227	0.001
0.001	0.408	0.001	0.590
>TCAACCAGCGCT	19-TCAACCAGCGCT	6.564856	-0.004937	0	T:67.0(1.70%),B:3357.5(2.29%),P:1e0	Tpos:160.8,Tstd:104.4,Bpos:601.3,Bstd:649.7,StrandBias:0.0,Multiplicity:1.00
0.001	0.001	0.118	0.880
0.202	0.796	0.001	0.001
0.895	0.001	0.001	0.103
0.900	0.001	0.098	0.001
0.001	0.997	0.001	0.001
0.001	0.997	0.001	0.001
0.997	0.001	0.001	0.001
0.001	0.203	0.782	0.014
0.001	0.997	0.001	0.001
0.015	0.015	0.885	0.085
0.084	0.914	0.001	0.001
0.099	0.118	0.001	0.782
>NNNNNNNNNNNN	20-NNNNNNNNNNNN	-nan	0.000000	0	T:0.0(0.00%),B:0.0(0.00%),P:1e0	Tpos:0.0,Tstd:0.0,Bpos:0.0,Bstd:0.0,StrandBias:0.0,Multiplicity:1.00
-nan	-nan	-nan	-nan
-nan	-nan	-nan	-nan
-nan	-nan	-nan	-nan
-nan	-nan	-nan	-nan
-nan	-nan	-nan	-nan
-nan	-nan	-nan	-nan
-nan	-nan	-nan	-nan
-nan	-nan	-nan	-nan
-nan	-nan	-nan	-nan
-nan	-nan	-nan	-nan
-nan	-nan	-nan	-nan
-nan	-nan	-nan	-nan
>NNNNNNNNNNNN	21-NNNNNNNNNNNN	-nan	0.000000	0	T:0.0(0.00%),B:0.0(0.00%),P:1e0	Tpos:0.0,Tstd:0.0,Bpos:0.0,Bstd:0.0,StrandBias:0.0,Multiplicity:1.00
-nan	-nan	-nan	-nan
-nan	-nan	-nan	-nan
-nan	-nan	-nan	-nan
-nan	-nan	-nan	-nan
-nan	-nan	-nan	-nan
-nan	-nan	-nan	-nan
-nan	-nan	-nan	-nan
-nan	-nan	-nan	-nan
-nan	-nan	-nan	-nan
-nan	-nan	-nan	-nan
-nan	-nan	-nan	-nan
-nan	-nan	-nan	-nan
>NNNNNNNNNNNN	22-NNNNNNNNNNNN	-nan	0.000000	0	T:0.0(0.00%),B:0.0(0.00%),P:1e0	Tpos:0.0,Tstd:0.0,Bpos:0.0,Bstd:0.0,StrandBias:0.0,Multiplicity:1.00
-nan	-nan	-nan	-nan
-nan	-nan	-nan	-nan
-nan	-nan	-nan	-nan
-nan	-nan	-nan	-nan
-nan	-nan	-nan	-nan
-nan	-nan	-nan	-nan
-nan	-nan	-nan	-nan
-nan	-nan	-nan	-nan
-nan	-nan	-nan	-nan
-nan	-nan	-nan	-nan
-nan	-nan	-nan	-nan
-nan	-nan	-nan	-nan
>YTTYYCCHTKBB	23-YTTYYCCHTKBB	-4.313924	0.000000	0	T:3936.0(100.00%),B:146775.6(100.00%),P:1e0	Tpos:172.1,Tstd:141.8,Bpos:3478.4,Bstd:10135.6,StrandBias:0.0,Multiplicity:1.62
0.001	0.480	0.083	0.436
0.007	0.287	0.012	0.694
0.035	0.375	0.042	0.548
0.015	0.433	0.070	0.482
0.110	0.367	0.100	0.422
0.115	0.509	0.032	0.344
0.022	0.582	0.045	0.351
0.257	0.299	0.062	0.382
0.225	0.285	0.028	0.462
0.050	0.177	0.348	0.426
0.109	0.364	0.259	0.267
0.044	0.342	0.256	0.358
>NNNNNNNNNNNN	24-NNNNNNNNNNNN	-nan	0.000000	0	T:0.0(0.00%),B:0.0(0.00%),P:1e0	Tpos:0.0,Tstd:0.0,Bpos:0.0,Bstd:0.0,StrandBias:0.0,Multiplicity:1.00
-nan	-nan	-nan	-nan
-nan	-nan	-nan	-nan
-nan	-nan	-nan	-nan
-nan	-nan	-nan	-nan
-nan	-nan	-nan	-nan
-nan	-nan	-nan	-nan
-nan	-nan	-nan	-nan
-nan	-nan	-nan	-nan
-nan	-nan	-nan	-nan
-nan	-nan	-nan	-nan
-nan	-nan	-nan	-nan
-nan	-nan	-nan	-nan
>NNNNNNNNNNNN	25-NNNNNNNNNNNN	-nan	0.000000	0	T:0.0(0.00%),B:0.0(0.00%),P:1e0	Tpos:0.0,Tstd:0.0,Bpos:0.0,Bstd:0.0,StrandBias:0.0,Multiplicity:1.00
-nan	-nan	-nan	-nan
-nan	-nan	-nan	-nan
-nan	-nan	-nan	-nan
-nan	-nan	-nan	-nan
-nan	-nan	-nan	-nan
-nan	-nan	-nan	-nan
-nan	-nan	-nan	-nan
-nan	-nan	-nan	-nan
-nan	-nan	-nan	-nan
-nan	-nan	-nan	-nan
-nan	-nan	-nan	-nan
-nan	-nan	-nan	-nan
>GSCACGTG	1-GSCACGTG	5.292371	-1252.426288	0	T:2744.0(69.72%),B:44617.8(30.40%),P:1e-543	Tpos:174.5,Tstd:127.0,Bpos:818.6,Bstd:2644.6,StrandBias:0.0,Multiplicity:1.60
0.178	0.263	0.451	0.108
0.152	0.456	0.319	0.073
0.012	0.984	0.001	0.003
0.801	0.003	0.111	0.085
0.001	0.885	0.001	0.113
0.127	0.001	0.864	0.008
0.054	0.082	0.001	0.863
0.003	0.009	0.968	0.020
>CRCGTKNY	2-CRCGTKNY	3.902114	-676.595592	0	T:3438.0(87.35%),B:89045.3(60.67%),P:1e-293	Tpos:176.4,Tstd:142.3,Bpos:2645.7,Bstd:8788.7,StrandBias:-0.0,Multiplicity:1.78
0.209	0.483	0.126	0.182
0.339	0.001	0.460	0.200
0.001	0.632	0.001	0.366
0.204	0.001	0.696	0.099
0.001	0.001	0.001	0.997
0.169	0.001	0.447	0.383
0.283	0.168	0.307	0.242
0.127	0.436	0.027	0.410
>VCGGAAGT	3-VCGGAAGT	6.684972	-464.174334	0	T:1705.0(43.32%),B:31354.8(21.36%),P:1e-201	Tpos:166.0,Tstd:123.9,Bpos:881.9,Bstd:3743.8,StrandBias:0.0,Multiplicity:1.45
0.298	0.369	0.332	0.001
0.147	0.622	0.230	0.001
0.001	0.001	0.997	0.001
0.001	0.001	0.997	0.001
0.997	0.001	0.001	0.001
0.997	0.001	0.001	0.001
0.212	0.217	0.535	0.036
0.113	0.254	0.001	0.632
>GGRRGGRG	4-GGRRGGRG	4.095856	-334.746612	0	T:3685.0(93.62%),B:115464.8(78.67%),P:1e-145	Tpos:182.4,Tstd:147.2,Bpos:507.4,Bstd:1655.1,StrandBias:0.1,Multiplicity:1.59
0.186	0.001	0.523	0.290
0.077	0.207	0.651	0.065
0.442	0.038	0.436	0.084
0.362	0.085	0.453	0.101
0.121	0.061	0.692	0.126
0.331	0.074	0.554	0.041
0.358	0.095	0.457	0.091
0.311	0.098	0.513	0.078
>ACGCATGC	5-ACGCATGC	4.460091	-316.044380	0	T:2877.0(73.09%),B:78434.8(53.44%),P:1e-137	Tpos:178.8,Tstd:139.4,Bpos:657.6,Bstd:2643.0,StrandBias:-0.0,Multiplicity:2.03
0.672	0.120	0.122	0.086
0.105	0.710	0.145	0.040
0.095	0.051	0.812	0.042
0.035	0.873	0.022	0.070
0.756	0.019	0.149	0.076
0.070	0.304	0.053	0.573
0.062	0.064	0.835	0.039
0.056	0.770	0.052	0.122
>TTCCGGTT	6-TTCCGGTT	4.453250	-314.424881	0	T:2490.0(63.26%),B:63436.2(43.22%),P:1e-136	Tpos:171.8,Tstd:131.8,Bpos:2881.1,Bstd:9447.4,StrandBias:0.0,Multiplicity:1.53
0.097	0.036	0.012	0.855
0.024	0.044	0.036	0.896
0.070	0.680	0.105	0.145
0.016	0.863	0.086	0.035
0.065	0.070	0.692	0.173
0.041	0.195	0.625	0.139
0.069	0.173	0.094	0.664
0.067	0.091	0.111	0.731
>SAAGGGWG	7-SAAGGGWG	-0.130061	-233.382668	0	T:3689.0(93.72%),B:120251.0(81.93%),P:1e-101	Tpos:180.4,Tstd:150.1,Bpos:1138.3,Bstd:4289.4,StrandBias:-0.1,Multiplicity:1.62
0.001	0.459	0.505	0.035
0.995	0.001	0.003	0.001
0.997	0.001	0.001	0.001
0.001	0.001	0.962	0.036
0.107	0.001	0.857	0.035
0.004	0.106	0.572	0.318
0.500	0.001	0.001	0.498
0.318	0.001	0.609	0.072
>CMCGCCTC	8-CMCGCCTC	3.869144	-224.868421	0	T:3783.0(96.11%),B:126154.7(85.95%),P:1e-97	Tpos:179.9,Tstd:146.0,Bpos:311.3,Bstd:955.5,StrandBias:0.0,Multiplicity:1.90
0.019	0.765	0.194	0.022
0.291	0.405	0.228	0.076
0.004	0.875	0.106	0.015
0.079	0.045	0.838	0.038
0.064	0.624	0.289	0.023
0.011	0.966	0.015	0.008
0.019	0.217	0.067	0.697
0.019	0.944	0.026	0.011
>CCCTSWAD	9-CCCTSWAD	4.079855	-223.003495	0	T:3701.0(94.03%),B:121420.5(82.73%),P:1e-96	Tpos:175.0,Tstd:137.0,Bpos:1055.4,Bstd:4008.9,StrandBias:0.1,Multiplicity:1.58
0.090	0.453	0.230	0.228
0.001	0.997	0.001	0.001
0.001	0.997	0.001	0.001
0.320	0.001	0.001	0.678
0.001	0.387	0.526	0.086
0.454	0.092	0.095	0.359
0.420	0.251	0.176	0.153
0.238	0.149	0.280	0.333
>AAAAABNN	10-AAAAABNN	1.966939	-206.799884	0	T:3499.0(88.90%),B:111737.7(76.13%),P:1e-89	Tpos:177.7,Tstd:147.4,Bpos:3825.7,Bstd:10774.7,StrandBias:0.0,Multiplicity:1.73
0.437	0.193	0.156	0.215
0.673	0.135	0.191	0.001
0.597	0.145	0.164	0.094
0.556	0.177	0.126	0.141
0.507	0.172	0.142	0.179
0.001	0.264	0.354	0.381
0.253	0.202	0.238	0.307
0.306	0.219	0.216	0.259
>NBCTGGSW	11-NBCTGGSW	3.604695	-190.056691	0	T:3509.0(89.15%),B:113145.1(77.09%),P:1e-82	Tpos:172.9,Tstd:139.3,Bpos:875.0,Bstd:2725.2,StrandBias:0.0,Multiplicity:1.51
0.195	0.257	0.266	0.282
0.144	0.248	0.256	0.352
0.191	0.550	0.258	0.001
0.349	0.001	0.050	0.600
0.097	0.007	0.694	0.202
0.211	0.177	0.605	0.007
0.122	0.343	0.402	0.134
0.439	0.101	0.053	0.407
>TATAGCAA	12-TATAGCAA	-5.779908	-183.535372	0	T:3483.0(88.49%),B:112253.8(76.48%),P:1e-79	Tpos:171.9,Tstd:140.8,Bpos:2668.6,Bstd:8280.0,StrandBias:-0.0,Multiplicity:1.72
0.399	0.001	0.001	0.599
0.799	0.001	0.001	0.199
0.001	0.001	0.001	0.997
0.599	0.001	0.001	0.399
0.001	0.001	0.997	0.001
0.001	0.997	0.001	0.001
0.599	0.001	0.001	0.399
0.799	0.001	0.199	0.001
>MMWSCCWN	13-MMWSCCWN	3.342047	-175.649982	0	T:3238.0(82.27%),B:101467.6(69.13%),P:1e-76	Tpos:171.6,Tstd:137.1,Bpos:1150.4,Bstd:3653.2,StrandBias:0.1,Multiplicity:1.67
0.279	0.355	0.184	0.183
0.384	0.321	0.145	0.150
0.377	0.132	0.120	0.371
0.001	0.507	0.365	0.127
0.032	0.517	0.179	0.272
0.038	0.752	0.001	0.209
0.433	0.192	0.052	0.324
0.310	0.222	0.234	0.234
>NATGTGGN	14-NATGTGGN	3.437490	-172.937435	0	T:3372.0(85.67%),B:107663.5(73.35%),P:1e-75	Tpos:176.8,Tstd:145.9,Bpos:806.4,Bstd:2918.8,StrandBias:-0.1,Multiplicity:1.58
0.223	0.232	0.307	0.238
0.506	0.186	0.135	0.173
0.142	0.091	0.258	0.509
0.120	0.202	0.594	0.084
0.192	0.122	0.187	0.499
0.099	0.094	0.690	0.117
0.109	0.111	0.682	0.098
0.231	0.256	0.299	0.214
>TTTTTWDW	15-TTTTTWDW	2.219309	-164.819074	0	T:3096.0(78.66%),B:96006.2(65.41%),P:1e-71	Tpos:172.2,Tstd:145.7,Bpos:6200.3,Bstd:13627.5,StrandBias:-0.0,Multiplicity:2.01
0.127	0.089	0.252	0.532
0.012	0.037	0.001	0.950
0.016	0.178	0.001	0.805
0.167	0.114	0.135	0.584
0.219	0.159	0.181	0.441
0.339	0.154	0.176	0.331
0.281	0.150	0.210	0.359
0.304	0.137	0.176	0.383
>CAMCMCCC	16-CAMCMCCC	5.358451	-153.370892	0	T:2732.0(69.41%),B:81857.7(55.77%),P:1e-66	Tpos:182.5,Tstd:147.4,Bpos:438.5,Bstd:1370.6,StrandBias:0.0,Multiplicity:2.21
0.131	0.628	0.181	0.060
0.527	0.377	0.016	0.080
0.385	0.426	0.001	0.187
0.256	0.563	0.126	0.055
0.379	0.448	0.134	0.039
0.193	0.734	0.071	0.002
0.011	0.855	0.048	0.086
0.053	0.718	0.180	0.049
>TTGTGTGT	17-TTGTGTGT	1.068389	-131.957640	0	T:2934.0(74.54%),B:91522.0(62.36%),P:1e-57	Tpos:170.9,Tstd:145.0,Bpos:3302.9,Bstd:9422.6,StrandBias:-0.0,Multiplicity:1.70
0.208	0.139	0.191	0.462
0.042	0.021	0.020	0.917
0.018	0.001	0.945	0.036
0.001	0.041	0.012	0.946
0.002	0.001	0.996	0.001
0.001	0.023	0.029	0.947
0.001	0.020	0.938	0.041
0.041	0.001	0.007	0.951
>TGTTTTBT	18-TGTTTTBT	2.567174	-121.113980	0	T:2890.0(73.42%),B:90542.9(61.69%),P:1e-52	Tpos:168.0,Tstd:146.5,Bpos:4907.7,Bstd:10114.6,StrandBias:-0.1,Multiplicity:1.96
0.086	0.017	0.001	0.896
0.049	0.041	0.806	0.104
0.059	0.001	0.104	0.836
0.052	0.063	0.077	0.808
0.018	0.027	0.124	0.831
0.036	0.216	0.028	0.720
0.103	0.258	0.358	0.280
0.106	0.173	0.159	0.562
>HHWSASWW	19-HHWSASWW	2.755172	-108.565761	0	T:3313.0(84.17%),B:109305.0(74.47%),P:1e-47	Tpos:171.4,Tstd:139.3,Bpos:3537.7,Bstd:9737.0,StrandBias:0.0,Multiplicity:1.78
0.344	0.197	0.120	0.338
0.376	0.255	0.001	0.369
0.451	0.001	0.069	0.479
0.001	0.508	0.490	0.001
0.540	0.001	0.165	0.294
0.001	0.477	0.521	0.001
0.372	0.180	0.063	0.385
0.380	0.133	0.163	0.324
>AATATGGC	20-AATATGGC	6.601935	-96.331211	0	T:487.0(12.37%),B:9298.1(6.33%),P:1e-41	Tpos:173.4,Tstd:132.6,Bpos:2058.4,Bstd:5319.8,StrandBias:0.1,Multiplicity:1.12
0.720	0.130	0.114	0.036
0.781	0.006	0.129	0.084
0.108	0.271	0.071	0.550
0.724	0.074	0.173	0.029
0.074	0.072	0.072	0.782
0.012	0.172	0.804	0.012
0.042	0.098	0.812	0.048
0.029	0.835	0.065	0.071
>TTTCTGCC	21-TTTCTGCC	2.399224	-57.552813	0	T:3936.0(100.00%),B:144616.7(98.53%),P:1e-24	Tpos:177.6,Tstd:145.5,Bpos:671.3,Bstd:2813.1,StrandBias:-0.0,Multiplicity:3.15
0.100	0.100	0.100	0.700
0.100	0.100	0.100	0.700
0.100	0.100	0.100	0.700
0.100	0.700	0.100	0.100
0.100	0.100	0.100	0.700
0.100	0.100	0.700	0.100
0.100	0.700	0.100	0.100
0.100	0.700	0.100	0.100
>GGGTTTCC	22-GGGTTTCC	2.399224	-51.830187	0	T:3934.0(99.95%),B:144550.6(98.48%),P:1e-22	Tpos:182.5,Tstd:145.8,Bpos:616.3,Bstd:2575.0,StrandBias:0.0,Multiplicity:2.48
0.100	0.100	0.700	0.100
0.100	0.100	0.700	0.100
0.100	0.100	0.700	0.100
0.100	0.100	0.100	0.700
0.100	0.100	0.100	0.700
0.100	0.100	0.100	0.700
0.100	0.700	0.100	0.100
0.100	0.700	0.100	0.100
>GCCAAGTG	23-GCCAAGTG	2.399224	-18.873918	0	T:3935.0(99.97%),B:145946.4(99.44%),P:1e-8	Tpos:179.6,Tstd:147.8,Bpos:577.5,Bstd:1916.7,StrandBias:-0.0,Multiplicity:2.46
0.100	0.100	0.700	0.100
0.100	0.700	0.100	0.100
0.100	0.700	0.100	0.100
0.700	0.100	0.100	0.100
0.700	0.100	0.100	0.100
0.100	0.100	0.700	0.100
0.100	0.100	0.100	0.700
0.100	0.100	0.700	0.100
>GTGACGTC	24-GTGACGTC	7.842826	-18.083261	0	T:230.0(5.84%),B:5816.9(3.96%),P:1e-7	Tpos:159.7,Tstd:117.2,Bpos:369.6,Bstd:840.4,StrandBias:0.0,Multiplicity:1.00
0.121	0.190	0.688	0.001
0.034	0.001	0.121	0.844
0.001	0.001	0.997	0.001
0.916	0.082	0.001	0.001
0.001	0.982	0.016	0.001
0.001	0.068	0.930	0.001
0.034	0.001	0.052	0.913
0.016	0.982	0.001	0.001
>CAGCWSCT	25-CAGCWSCT	8.229676	-0.000161	0	T:123.0(3.12%),B:6210.5(4.23%),P:1e0	Tpos:152.7,Tstd:93.8,Bpos:782.1,Bstd:2119.2,StrandBias:0.2,Multiplicity:1.00
0.001	0.616	0.382	0.001
0.840	0.001	0.001	0.158
0.001	0.001	0.997	0.001
0.001	0.594	0.404	0.001
0.471	0.001	0.001	0.527
0.001	0.566	0.432	0.001
0.001	0.997	0.001	0.001
0.370	0.001	0.001	0.628
