>GSCACGTG	1-GSCACGTG	5.292371	-1252.426288	0	T:2744.0(69.72%),B:44617.8(30.40%),P:1e-543	Tpos:174.5,Tstd:127.0,Bpos:818.6,Bstd:2644.6,StrandBias:0.0,Multiplicity:1.60
0.178	0.263	0.451	0.108
0.152	0.456	0.319	0.073
0.012	0.984	0.001	0.003
0.801	0.003	0.111	0.085
0.001	0.885	0.001	0.113
0.127	0.001	0.864	0.008
0.054	0.082	0.001	0.863
0.003	0.009	0.968	0.020
>CRCGTKNY	2-CRCGTKNY	3.902114	-676.595592	0	T:3438.0(87.35%),B:89045.3(60.67%),P:1e-293	Tpos:176.4,Tstd:142.3,Bpos:2645.7,Bstd:8788.7,StrandBias:-0.0,Multiplicity:1.78
0.209	0.483	0.126	0.182
0.339	0.001	0.460	0.200
0.001	0.632	0.001	0.366
0.204	0.001	0.696	0.099
0.001	0.001	0.001	0.997
0.169	0.001	0.447	0.383
0.283	0.168	0.307	0.242
0.127	0.436	0.027	0.410
>VCGGAAGT	3-VCGGAAGT	6.684972	-464.174334	0	T:1705.0(43.32%),B:31354.8(21.36%),P:1e-201	Tpos:166.0,Tstd:123.9,Bpos:881.9,Bstd:3743.8,StrandBias:0.0,Multiplicity:1.45
0.298	0.369	0.332	0.001
0.147	0.622	0.230	0.001
0.001	0.001	0.997	0.001
0.001	0.001	0.997	0.001
0.997	0.001	0.001	0.001
0.997	0.001	0.001	0.001
0.212	0.217	0.535	0.036
0.113	0.254	0.001	0.632
>GGRRGGRG	4-GGRRGGRG	4.095856	-334.746612	0	T:3685.0(93.62%),B:115464.8(78.67%),P:1e-145	Tpos:182.4,Tstd:147.2,Bpos:507.4,Bstd:1655.1,StrandBias:0.1,Multiplicity:1.59
0.186	0.001	0.523	0.290
0.077	0.207	0.651	0.065
0.442	0.038	0.436	0.084
0.362	0.085	0.453	0.101
0.121	0.061	0.692	0.126
0.331	0.074	0.554	0.041
0.358	0.095	0.457	0.091
0.311	0.098	0.513	0.078
>ACGCATGC	5-ACGCATGC	4.460091	-316.044380	0	T:2877.0(73.09%),B:78434.8(53.44%),P:1e-137	Tpos:178.8,Tstd:139.4,Bpos:657.6,Bstd:2643.0,StrandBias:-0.0,Multiplicity:2.03
0.672	0.120	0.122	0.086
0.105	0.710	0.145	0.040
0.095	0.051	0.812	0.042
0.035	0.873	0.022	0.070
0.756	0.019	0.149	0.076
0.070	0.304	0.053	0.573
0.062	0.064	0.835	0.039
0.056	0.770	0.052	0.122
>TTCCGGTT	6-TTCCGGTT	4.453250	-314.424881	0	T:2490.0(63.26%),B:63436.2(43.22%),P:1e-136	Tpos:171.8,Tstd:131.8,Bpos:2881.1,Bstd:9447.4,StrandBias:0.0,Multiplicity:1.53
0.097	0.036	0.012	0.855
0.024	0.044	0.036	0.896
0.070	0.680	0.105	0.145
0.016	0.863	0.086	0.035
0.065	0.070	0.692	0.173
0.041	0.195	0.625	0.139
0.069	0.173	0.094	0.664
0.067	0.091	0.111	0.731
>SAAGGGWG	7-SAAGGGWG	-0.130061	-233.382668	0	T:3689.0(93.72%),B:120251.0(81.93%),P:1e-101	Tpos:180.4,Tstd:150.1,Bpos:1138.3,Bstd:4289.4,StrandBias:-0.1,Multiplicity:1.62
0.001	0.459	0.505	0.035
0.995	0.001	0.003	0.001
0.997	0.001	0.001	0.001
0.001	0.001	0.962	0.036
0.107	0.001	0.857	0.035
0.004	0.106	0.572	0.318
0.500	0.001	0.001	0.498
0.318	0.001	0.609	0.072
>CMCGCCTC	8-CMCGCCTC	3.869144	-224.868421	0	T:3783.0(96.11%),B:126154.7(85.95%),P:1e-97	Tpos:179.9,Tstd:146.0,Bpos:311.3,Bstd:955.5,StrandBias:0.0,Multiplicity:1.90
0.019	0.765	0.194	0.022
0.291	0.405	0.228	0.076
0.004	0.875	0.106	0.015
0.079	0.045	0.838	0.038
0.064	0.624	0.289	0.023
0.011	0.966	0.015	0.008
0.019	0.217	0.067	0.697
0.019	0.944	0.026	0.011
>CCCTSWAD	9-CCCTSWAD	4.079855	-223.003495	0	T:3701.0(94.03%),B:121420.5(82.73%),P:1e-96	Tpos:175.0,Tstd:137.0,Bpos:1055.4,Bstd:4008.9,StrandBias:0.1,Multiplicity:1.58
0.090	0.453	0.230	0.228
0.001	0.997	0.001	0.001
0.001	0.997	0.001	0.001
0.320	0.001	0.001	0.678
0.001	0.387	0.526	0.086
0.454	0.092	0.095	0.359
0.420	0.251	0.176	0.153
0.238	0.149	0.280	0.333
>AAAAABNN	10-AAAAABNN	1.966939	-206.799884	0	T:3499.0(88.90%),B:111737.7(76.13%),P:1e-89	Tpos:177.7,Tstd:147.4,Bpos:3825.7,Bstd:10774.7,StrandBias:0.0,Multiplicity:1.73
0.437	0.193	0.156	0.215
0.673	0.135	0.191	0.001
0.597	0.145	0.164	0.094
0.556	0.177	0.126	0.141
0.507	0.172	0.142	0.179
0.001	0.264	0.354	0.381
0.253	0.202	0.238	0.307
0.306	0.219	0.216	0.259
>NBCTGGSW	11-NBCTGGSW	3.604695	-190.056691	0	T:3509.0(89.15%),B:113145.1(77.09%),P:1e-82	Tpos:172.9,Tstd:139.3,Bpos:875.0,Bstd:2725.2,StrandBias:0.0,Multiplicity:1.51
0.195	0.257	0.266	0.282
0.144	0.248	0.256	0.352
0.191	0.550	0.258	0.001
0.349	0.001	0.050	0.600
0.097	0.007	0.694	0.202
0.211	0.177	0.605	0.007
0.122	0.343	0.402	0.134
0.439	0.101	0.053	0.407
>TATAGCAA	12-TATAGCAA	-5.779908	-183.535372	0	T:3483.0(88.49%),B:112253.8(76.48%),P:1e-79	Tpos:171.9,Tstd:140.8,Bpos:2668.6,Bstd:8280.0,StrandBias:-0.0,Multiplicity:1.72
0.399	0.001	0.001	0.599
0.799	0.001	0.001	0.199
0.001	0.001	0.001	0.997
0.599	0.001	0.001	0.399
0.001	0.001	0.997	0.001
0.001	0.997	0.001	0.001
0.599	0.001	0.001	0.399
0.799	0.001	0.199	0.001
>MMWSCCWN	13-MMWSCCWN	3.342047	-175.649982	0	T:3238.0(82.27%),B:101467.6(69.13%),P:1e-76	Tpos:171.6,Tstd:137.1,Bpos:1150.4,Bstd:3653.2,StrandBias:0.1,Multiplicity:1.67
0.279	0.355	0.184	0.183
0.384	0.321	0.145	0.150
0.377	0.132	0.120	0.371
0.001	0.507	0.365	0.127
0.032	0.517	0.179	0.272
0.038	0.752	0.001	0.209
0.433	0.192	0.052	0.324
0.310	0.222	0.234	0.234
>NATGTGGN	14-NATGTGGN	3.437490	-172.937435	0	T:3372.0(85.67%),B:107663.5(73.35%),P:1e-75	Tpos:176.8,Tstd:145.9,Bpos:806.4,Bstd:2918.8,StrandBias:-0.1,Multiplicity:1.58
0.223	0.232	0.307	0.238
0.506	0.186	0.135	0.173
0.142	0.091	0.258	0.509
0.120	0.202	0.594	0.084
0.192	0.122	0.187	0.499
0.099	0.094	0.690	0.117
0.109	0.111	0.682	0.098
0.231	0.256	0.299	0.214
>TTTTTWDW	15-TTTTTWDW	2.219309	-164.819074	0	T:3096.0(78.66%),B:96006.2(65.41%),P:1e-71	Tpos:172.2,Tstd:145.7,Bpos:6200.3,Bstd:13627.5,StrandBias:-0.0,Multiplicity:2.01
0.127	0.089	0.252	0.532
0.012	0.037	0.001	0.950
0.016	0.178	0.001	0.805
0.167	0.114	0.135	0.584
0.219	0.159	0.181	0.441
0.339	0.154	0.176	0.331
0.281	0.150	0.210	0.359
0.304	0.137	0.176	0.383
>CAMCMCCC	16-CAMCMCCC	5.358451	-153.370892	0	T:2732.0(69.41%),B:81857.7(55.77%),P:1e-66	Tpos:182.5,Tstd:147.4,Bpos:438.5,Bstd:1370.6,StrandBias:0.0,Multiplicity:2.21
0.131	0.628	0.181	0.060
0.527	0.377	0.016	0.080
0.385	0.426	0.001	0.187
0.256	0.563	0.126	0.055
0.379	0.448	0.134	0.039
0.193	0.734	0.071	0.002
0.011	0.855	0.048	0.086
0.053	0.718	0.180	0.049
>TTGTGTGT	17-TTGTGTGT	1.068389	-131.957640	0	T:2934.0(74.54%),B:91522.0(62.36%),P:1e-57	Tpos:170.9,Tstd:145.0,Bpos:3302.9,Bstd:9422.6,StrandBias:-0.0,Multiplicity:1.70
0.208	0.139	0.191	0.462
0.042	0.021	0.020	0.917
0.018	0.001	0.945	0.036
0.001	0.041	0.012	0.946
0.002	0.001	0.996	0.001
0.001	0.023	0.029	0.947
0.001	0.020	0.938	0.041
0.041	0.001	0.007	0.951
>TGTTTTBT	18-TGTTTTBT	2.567174	-121.113980	0	T:2890.0(73.42%),B:90542.9(61.69%),P:1e-52	Tpos:168.0,Tstd:146.5,Bpos:4907.7,Bstd:10114.6,StrandBias:-0.1,Multiplicity:1.96
0.086	0.017	0.001	0.896
0.049	0.041	0.806	0.104
0.059	0.001	0.104	0.836
0.052	0.063	0.077	0.808
0.018	0.027	0.124	0.831
0.036	0.216	0.028	0.720
0.103	0.258	0.358	0.280
0.106	0.173	0.159	0.562
>HHWSASWW	19-HHWSASWW	2.755172	-108.565761	0	T:3313.0(84.17%),B:109305.0(74.47%),P:1e-47	Tpos:171.4,Tstd:139.3,Bpos:3537.7,Bstd:9737.0,StrandBias:0.0,Multiplicity:1.78
0.344	0.197	0.120	0.338
0.376	0.255	0.001	0.369
0.451	0.001	0.069	0.479
0.001	0.508	0.490	0.001
0.540	0.001	0.165	0.294
0.001	0.477	0.521	0.001
0.372	0.180	0.063	0.385
0.380	0.133	0.163	0.324
>AATATGGC	20-AATATGGC	6.601935	-96.331211	0	T:487.0(12.37%),B:9298.1(6.33%),P:1e-41	Tpos:173.4,Tstd:132.6,Bpos:2058.4,Bstd:5319.8,StrandBias:0.1,Multiplicity:1.12
0.720	0.130	0.114	0.036
0.781	0.006	0.129	0.084
0.108	0.271	0.071	0.550
0.724	0.074	0.173	0.029
0.074	0.072	0.072	0.782
0.012	0.172	0.804	0.012
0.042	0.098	0.812	0.048
0.029	0.835	0.065	0.071
>TTTCTGCC	21-TTTCTGCC	2.399224	-57.552813	0	T:3936.0(100.00%),B:144616.7(98.53%),P:1e-24	Tpos:177.6,Tstd:145.5,Bpos:671.3,Bstd:2813.1,StrandBias:-0.0,Multiplicity:3.15
0.100	0.100	0.100	0.700
0.100	0.100	0.100	0.700
0.100	0.100	0.100	0.700
0.100	0.700	0.100	0.100
0.100	0.100	0.100	0.700
0.100	0.100	0.700	0.100
0.100	0.700	0.100	0.100
0.100	0.700	0.100	0.100
>GGGTTTCC	22-GGGTTTCC	2.399224	-51.830187	0	T:3934.0(99.95%),B:144550.6(98.48%),P:1e-22	Tpos:182.5,Tstd:145.8,Bpos:616.3,Bstd:2575.0,StrandBias:0.0,Multiplicity:2.48
0.100	0.100	0.700	0.100
0.100	0.100	0.700	0.100
0.100	0.100	0.700	0.100
0.100	0.100	0.100	0.700
0.100	0.100	0.100	0.700
0.100	0.100	0.100	0.700
0.100	0.700	0.100	0.100
0.100	0.700	0.100	0.100
>GCCAAGTG	23-GCCAAGTG	2.399224	-18.873918	0	T:3935.0(99.97%),B:145946.4(99.44%),P:1e-8	Tpos:179.6,Tstd:147.8,Bpos:577.5,Bstd:1916.7,StrandBias:-0.0,Multiplicity:2.46
0.100	0.100	0.700	0.100
0.100	0.700	0.100	0.100
0.100	0.700	0.100	0.100
0.700	0.100	0.100	0.100
0.700	0.100	0.100	0.100
0.100	0.100	0.700	0.100
0.100	0.100	0.100	0.700
0.100	0.100	0.700	0.100
>GTGACGTC	24-GTGACGTC	7.842826	-18.083261	0	T:230.0(5.84%),B:5816.9(3.96%),P:1e-7	Tpos:159.7,Tstd:117.2,Bpos:369.6,Bstd:840.4,StrandBias:0.0,Multiplicity:1.00
0.121	0.190	0.688	0.001
0.034	0.001	0.121	0.844
0.001	0.001	0.997	0.001
0.916	0.082	0.001	0.001
0.001	0.982	0.016	0.001
0.001	0.068	0.930	0.001
0.034	0.001	0.052	0.913
0.016	0.982	0.001	0.001
>CAGCWSCT	25-CAGCWSCT	8.229676	-0.000161	0	T:123.0(3.12%),B:6210.5(4.23%),P:1e0	Tpos:152.7,Tstd:93.8,Bpos:782.1,Bstd:2119.2,StrandBias:0.2,Multiplicity:1.00
0.001	0.616	0.382	0.001
0.840	0.001	0.001	0.158
0.001	0.001	0.997	0.001
0.001	0.594	0.404	0.001
0.471	0.001	0.001	0.527
0.001	0.566	0.432	0.001
0.001	0.997	0.001	0.001
0.370	0.001	0.001	0.628
