>CACGTGSNNSCV	1-CACGTGSNNSCV	3.922248	-823.193129	0	T:1142.0(29.01%),B:10423.5(7.10%),P:1e-357	Tpos:176.2,Tstd:127.1,Bpos:773.8,Bstd:2703.5,StrandBias:0.0,Multiplicity:2.06
0.001	0.997	0.001	0.001
0.997	0.001	0.001	0.001
0.001	0.997	0.001	0.001
0.001	0.001	0.997	0.001
0.001	0.001	0.001	0.997
0.001	0.001	0.997	0.001
0.001	0.362	0.490	0.146
0.161	0.269	0.272	0.298
0.192	0.319	0.264	0.226
0.173	0.379	0.269	0.178
0.153	0.396	0.225	0.225
0.233	0.227	0.357	0.183
>RAASCGGAAGTG	2-RAASCGGAAGTG	7.548108	-313.989992	0	T:1165.0(29.60%),B:20462.8(13.94%),P:1e-136	Tpos:163.9,Tstd:129.7,Bpos:830.5,Bstd:2624.8,StrandBias:-0.1,Multiplicity:1.23
0.417	0.139	0.423	0.021
0.623	0.133	0.243	0.001
0.513	0.038	0.265	0.184
0.182	0.381	0.433	0.004
0.283	0.441	0.223	0.053
0.074	0.004	0.921	0.001
0.062	0.001	0.936	0.001
0.988	0.010	0.001	0.001
0.995	0.001	0.003	0.001
0.052	0.250	0.697	0.001
0.036	0.354	0.008	0.602
0.143	0.189	0.518	0.150
>GTGGCCACGCSG	3-GTGGCCACGCSG	-5.859994	-286.074747	0	T:3120.0(79.27%),B:90136.3(61.41%),P:1e-124	Tpos:181.9,Tstd:144.5,Bpos:380.2,Bstd:1216.5,StrandBias:-0.0,Multiplicity:1.91
0.001	0.001	0.997	0.001
0.001	0.001	0.001	0.997
0.001	0.419	0.579	0.001
0.001	0.001	0.997	0.001
0.001	0.997	0.001	0.001
0.001	0.997	0.001	0.001
0.997	0.001	0.001	0.001
0.001	0.997	0.001	0.001
0.001	0.001	0.997	0.001
0.001	0.997	0.001	0.001
0.001	0.488	0.510	0.001
0.001	0.412	0.586	0.001
>CACACACACACA	4-CACACACACACA	2.625881	-265.971047	0	T:3764.0(95.63%),B:123154.3(83.91%),P:1e-115	Tpos:177.0,Tstd:146.5,Bpos:1600.7,Bstd:5639.8,StrandBias:0.0,Multiplicity:2.71
0.100	0.700	0.100	0.100
0.700	0.100	0.100	0.100
0.100	0.700	0.100	0.100
0.700	0.100	0.100	0.100
0.100	0.700	0.100	0.100
0.700	0.100	0.100	0.100
0.100	0.700	0.100	0.100
0.700	0.100	0.100	0.100
0.100	0.700	0.100	0.100
0.700	0.100	0.100	0.100
0.100	0.700	0.100	0.100
0.700	0.100	0.100	0.100
>GGYVGGGSSCTC	5-GGYVGGGSSCTC	3.792706	-254.686912	0	T:3842.0(97.61%),B:128759.5(87.73%),P:1e-110	Tpos:163.1,Tstd:120.9,Bpos:1830.4,Bstd:7036.1,StrandBias:0.9,Multiplicity:1.00
0.191	0.173	0.463	0.173
0.001	0.356	0.510	0.133
0.001	0.501	0.018	0.480
0.315	0.355	0.329	0.001
0.165	0.164	0.670	0.001
0.337	0.001	0.498	0.164
0.001	0.338	0.519	0.142
0.173	0.338	0.480	0.009
0.001	0.510	0.472	0.017
0.001	0.643	0.001	0.355
0.001	0.001	0.172	0.826
0.001	0.511	0.191	0.297
>ARGCCCCGCCYC	6-ARGCCCCGCCYC	4.901146	-253.323634	0	T:3134.0(79.62%),B:92449.0(62.99%),P:1e-110	Tpos:180.6,Tstd:142.5,Bpos:538.7,Bstd:1867.5,StrandBias:0.1,Multiplicity:1.69
0.536	0.055	0.026	0.383
0.441	0.001	0.384	0.174
0.195	0.032	0.551	0.222
0.072	0.517	0.199	0.212
0.002	0.667	0.060	0.271
0.001	0.772	0.004	0.223
0.193	0.797	0.009	0.001
0.155	0.251	0.593	0.001
0.001	0.997	0.001	0.001
0.086	0.706	0.182	0.026
0.223	0.416	0.064	0.297
0.213	0.781	0.002	0.004
>NGGGGGRGGGGS	7-NGGGGGRGGGGS	5.984491	-198.375453	0	T:3131.0(79.55%),B:95416.7(65.01%),P:1e-86	Tpos:185.9,Tstd:147.9,Bpos:335.6,Bstd:1006.1,StrandBias:-0.1,Multiplicity:1.88
0.244	0.274	0.282	0.200
0.080	0.070	0.795	0.055
0.037	0.252	0.671	0.040
0.051	0.272	0.635	0.042
0.200	0.052	0.697	0.051
0.226	0.027	0.504	0.243
0.290	0.254	0.434	0.023
0.345	0.085	0.543	0.027
0.205	0.199	0.566	0.030
0.035	0.042	0.873	0.050
0.033	0.198	0.720	0.049
0.077	0.293	0.390	0.240
>RYGCRCACGCGC	8-RYGCRCACGCGC	3.457687	-189.082097	0	T:2649.0(67.30%),B:76254.0(51.95%),P:1e-82	Tpos:179.2,Tstd:140.3,Bpos:377.0,Bstd:1205.9,StrandBias:0.0,Multiplicity:2.17
0.481	0.037	0.449	0.033
0.006	0.459	0.022	0.513
0.053	0.054	0.863	0.030
0.027	0.891	0.038	0.044
0.518	0.011	0.453	0.018
0.041	0.881	0.048	0.030
0.593	0.002	0.399	0.006
0.029	0.889	0.047	0.035
0.392	0.016	0.566	0.026
0.042	0.856	0.070	0.032
0.064	0.045	0.838	0.053
0.362	0.596	0.041	0.001
>STTTTMTGTACA	9-STTTTMTGTACA	2.523238	-180.058082	0	T:3533.0(89.76%),B:114880.9(78.27%),P:1e-78	Tpos:175.8,Tstd:138.2,Bpos:1642.3,Bstd:5828.2,StrandBias:0.0,Multiplicity:1.51
0.024	0.420	0.297	0.259
0.048	0.098	0.075	0.779
0.012	0.190	0.177	0.621
0.050	0.207	0.095	0.648
0.126	0.119	0.198	0.557
0.480	0.335	0.152	0.033
0.123	0.168	0.184	0.525
0.024	0.159	0.711	0.106
0.060	0.276	0.185	0.478
0.554	0.193	0.150	0.103
0.131	0.682	0.153	0.034
0.952	0.012	0.012	0.024
>GCACGCACGCAC	10-GCACGCACGCAC	2.625881	-158.206653	0	T:3919.0(99.57%),B:138818.3(94.58%),P:1e-68	Tpos:178.4,Tstd:143.0,Bpos:526.0,Bstd:2086.5,StrandBias:-0.0,Multiplicity:2.66
0.100	0.100	0.700	0.100
0.100	0.700	0.100	0.100
0.700	0.100	0.100	0.100
0.100	0.700	0.100	0.100
0.100	0.100	0.700	0.100
0.100	0.700	0.100	0.100
0.700	0.100	0.100	0.100
0.100	0.700	0.100	0.100
0.100	0.100	0.700	0.100
0.100	0.700	0.100	0.100
0.700	0.100	0.100	0.100
0.100	0.700	0.100	0.100
>CAAVATGGCGGC	11-CAAVATGGCGGC	9.622548	-149.260771	0	T:354.0(8.99%),B:4561.0(3.11%),P:1e-64	Tpos:178.9,Tstd:135.0,Bpos:536.9,Bstd:1670.7,StrandBias:0.3,Multiplicity:1.08
0.190	0.520	0.130	0.160
0.872	0.001	0.126	0.001
0.850	0.001	0.120	0.029
0.363	0.246	0.390	0.001
0.957	0.041	0.001	0.001
0.001	0.001	0.040	0.958
0.001	0.060	0.938	0.001
0.001	0.001	0.997	0.001
0.001	0.997	0.001	0.001
0.079	0.168	0.690	0.063
0.079	0.239	0.681	0.001
0.199	0.606	0.070	0.125
>CYCBBCYGCCGS	12-CYCBBCYGCCGS	3.092612	-122.892419	0	T:3909.0(99.31%),B:139331.2(94.93%),P:1e-53	Tpos:178.2,Tstd:148.8,Bpos:562.7,Bstd:2083.0,StrandBias:0.1,Multiplicity:1.57
0.084	0.470	0.179	0.267
0.014	0.433	0.220	0.332
0.019	0.719	0.092	0.170
0.099	0.379	0.285	0.237
0.046	0.267	0.408	0.279
0.070	0.642	0.174	0.114
0.178	0.306	0.135	0.381
0.024	0.122	0.510	0.344
0.032	0.676	0.247	0.045
0.148	0.461	0.131	0.260
0.093	0.084	0.660	0.163
0.003	0.513	0.474	0.010
>ATATTTTATGTB	13-ATATTTTATGTB	1.944060	-121.591705	0	T:3236.0(82.22%),B:104988.6(71.53%),P:1e-52	Tpos:176.7,Tstd:141.9,Bpos:4148.1,Bstd:12512.7,StrandBias:0.0,Multiplicity:1.84
0.973	0.013	0.013	0.001
0.119	0.159	0.227	0.495
0.486	0.163	0.197	0.154
0.054	0.170	0.078	0.698
0.081	0.238	0.078	0.603
0.040	0.168	0.078	0.714
0.130	0.230	0.111	0.529
0.568	0.289	0.051	0.092
0.162	0.116	0.192	0.530
0.038	0.186	0.736	0.040
0.149	0.040	0.127	0.684
0.013	0.338	0.297	0.351
>AGCCCCGCCCCT	14-AGCCCCGCCCCT	2.625881	-88.495377	0	T:3924.0(99.70%),B:142062.6(96.79%),P:1e-38	Tpos:176.0,Tstd:138.2,Bpos:568.7,Bstd:1918.2,StrandBias:0.1,Multiplicity:2.72
0.700	0.100	0.100	0.100
0.100	0.100	0.700	0.100
0.100	0.700	0.100	0.100
0.100	0.700	0.100	0.100
0.100	0.700	0.100	0.100
0.100	0.700	0.100	0.100
0.100	0.100	0.700	0.100
0.100	0.700	0.100	0.100
0.100	0.700	0.100	0.100
0.100	0.700	0.100	0.100
0.100	0.700	0.100	0.100
0.100	0.100	0.100	0.700
>TATTTTATGTAC	15-TATTTTATGTAC	2.625881	-66.134345	0	T:2461.0(62.53%),B:78598.4(53.55%),P:1e-28	Tpos:167.3,Tstd:147.6,Bpos:6291.1,Bstd:11202.3,StrandBias:-0.0,Multiplicity:2.43
0.100	0.100	0.100	0.700
0.700	0.100	0.100	0.100
0.100	0.100	0.100	0.700
0.100	0.100	0.100	0.700
0.100	0.100	0.100	0.700
0.100	0.100	0.100	0.700
0.700	0.100	0.100	0.100
0.100	0.100	0.100	0.700
0.100	0.100	0.700	0.100
0.100	0.100	0.100	0.700
0.700	0.100	0.100	0.100
0.100	0.700	0.100	0.100
>CVGGGASTYCAG	16-CVGGGASTYCAG	0.991079	-17.290928	0	T:3934.0(99.95%),B:145912.0(99.41%),P:1e-7	Tpos:177.2,Tstd:146.4,Bpos:1546.1,Bstd:5478.9,StrandBias:0.0,Multiplicity:1.64
0.097	0.712	0.126	0.065
0.312	0.351	0.239	0.098
0.110	0.144	0.627	0.119
0.082	0.194	0.530	0.194
0.086	0.137	0.684	0.093
0.575	0.154	0.121	0.150
0.065	0.404	0.323	0.208
0.082	0.172	0.283	0.463
0.049	0.284	0.237	0.430
0.054	0.816	0.101	0.029
0.488	0.267	0.115	0.129
0.058	0.208	0.662	0.072
>CCACCCCCTCCC	17-CCACCCCCTCCC	10.826988	-4.665860	0	T:88.0(2.24%),B:2513.0(1.71%),P:1e-2	Tpos:118.5,Tstd:44.5,Bpos:332.3,Bstd:37.9,StrandBias:10.0,Multiplicity:1.00
0.057	0.743	0.118	0.082
0.089	0.706	0.114	0.091
0.483	0.159	0.202	0.156
0.081	0.650	0.177	0.092
0.047	0.715	0.122	0.116
0.105	0.606	0.162	0.127
0.056	0.688	0.138	0.118
0.079	0.674	0.134	0.113
0.069	0.105	0.166	0.660
0.066	0.657	0.160	0.117
0.046	0.750	0.109	0.095
0.089	0.667	0.115	0.129
>GGAGTYGGAMCT	18-GGAGTYGGAMCT	7.978000	-1.772504	0	T:395.0(10.04%),B:14045.6(9.57%),P:1e0	Tpos:165.8,Tstd:151.7,Bpos:247.2,Bstd:543.7,StrandBias:-2.3,Multiplicity:1.00
0.001	0.386	0.612	0.001
0.001	0.212	0.575	0.212
0.997	0.001	0.001	0.001
0.001	0.355	0.643	0.001
0.008	0.220	0.159	0.613
0.008	0.393	0.183	0.416
0.001	0.395	0.589	0.015
0.001	0.378	0.620	0.001
0.597	0.212	0.190	0.001
0.567	0.424	0.008	0.001
0.001	0.771	0.227	0.001
0.001	0.408	0.001	0.590
>TCAACCAGCGCT	19-TCAACCAGCGCT	6.564856	-0.004937	0	T:67.0(1.70%),B:3357.5(2.29%),P:1e0	Tpos:160.8,Tstd:104.4,Bpos:601.3,Bstd:649.7,StrandBias:0.0,Multiplicity:1.00
0.001	0.001	0.118	0.880
0.202	0.796	0.001	0.001
0.895	0.001	0.001	0.103
0.900	0.001	0.098	0.001
0.001	0.997	0.001	0.001
0.001	0.997	0.001	0.001
0.997	0.001	0.001	0.001
0.001	0.203	0.782	0.014
0.001	0.997	0.001	0.001
0.015	0.015	0.885	0.085
0.084	0.914	0.001	0.001
0.099	0.118	0.001	0.782
>NNNNNNNNNNNN	20-NNNNNNNNNNNN	-nan	0.000000	0	T:0.0(0.00%),B:0.0(0.00%),P:1e0	Tpos:0.0,Tstd:0.0,Bpos:0.0,Bstd:0.0,StrandBias:0.0,Multiplicity:1.00
-nan	-nan	-nan	-nan
-nan	-nan	-nan	-nan
-nan	-nan	-nan	-nan
-nan	-nan	-nan	-nan
-nan	-nan	-nan	-nan
-nan	-nan	-nan	-nan
-nan	-nan	-nan	-nan
-nan	-nan	-nan	-nan
-nan	-nan	-nan	-nan
-nan	-nan	-nan	-nan
-nan	-nan	-nan	-nan
-nan	-nan	-nan	-nan
>NNNNNNNNNNNN	21-NNNNNNNNNNNN	-nan	0.000000	0	T:0.0(0.00%),B:0.0(0.00%),P:1e0	Tpos:0.0,Tstd:0.0,Bpos:0.0,Bstd:0.0,StrandBias:0.0,Multiplicity:1.00
-nan	-nan	-nan	-nan
-nan	-nan	-nan	-nan
-nan	-nan	-nan	-nan
-nan	-nan	-nan	-nan
-nan	-nan	-nan	-nan
-nan	-nan	-nan	-nan
-nan	-nan	-nan	-nan
-nan	-nan	-nan	-nan
-nan	-nan	-nan	-nan
-nan	-nan	-nan	-nan
-nan	-nan	-nan	-nan
-nan	-nan	-nan	-nan
>NNNNNNNNNNNN	22-NNNNNNNNNNNN	-nan	0.000000	0	T:0.0(0.00%),B:0.0(0.00%),P:1e0	Tpos:0.0,Tstd:0.0,Bpos:0.0,Bstd:0.0,StrandBias:0.0,Multiplicity:1.00
-nan	-nan	-nan	-nan
-nan	-nan	-nan	-nan
-nan	-nan	-nan	-nan
-nan	-nan	-nan	-nan
-nan	-nan	-nan	-nan
-nan	-nan	-nan	-nan
-nan	-nan	-nan	-nan
-nan	-nan	-nan	-nan
-nan	-nan	-nan	-nan
-nan	-nan	-nan	-nan
-nan	-nan	-nan	-nan
-nan	-nan	-nan	-nan
>YTTYYCCHTKBB	23-YTTYYCCHTKBB	-4.313924	0.000000	0	T:3936.0(100.00%),B:146775.6(100.00%),P:1e0	Tpos:172.1,Tstd:141.8,Bpos:3478.4,Bstd:10135.6,StrandBias:0.0,Multiplicity:1.62
0.001	0.480	0.083	0.436
0.007	0.287	0.012	0.694
0.035	0.375	0.042	0.548
0.015	0.433	0.070	0.482
0.110	0.367	0.100	0.422
0.115	0.509	0.032	0.344
0.022	0.582	0.045	0.351
0.257	0.299	0.062	0.382
0.225	0.285	0.028	0.462
0.050	0.177	0.348	0.426
0.109	0.364	0.259	0.267
0.044	0.342	0.256	0.358
>NNNNNNNNNNNN	24-NNNNNNNNNNNN	-nan	0.000000	0	T:0.0(0.00%),B:0.0(0.00%),P:1e0	Tpos:0.0,Tstd:0.0,Bpos:0.0,Bstd:0.0,StrandBias:0.0,Multiplicity:1.00
-nan	-nan	-nan	-nan
-nan	-nan	-nan	-nan
-nan	-nan	-nan	-nan
-nan	-nan	-nan	-nan
-nan	-nan	-nan	-nan
-nan	-nan	-nan	-nan
-nan	-nan	-nan	-nan
-nan	-nan	-nan	-nan
-nan	-nan	-nan	-nan
-nan	-nan	-nan	-nan
-nan	-nan	-nan	-nan
-nan	-nan	-nan	-nan
>NNNNNNNNNNNN	25-NNNNNNNNNNNN	-nan	0.000000	0	T:0.0(0.00%),B:0.0(0.00%),P:1e0	Tpos:0.0,Tstd:0.0,Bpos:0.0,Bstd:0.0,StrandBias:0.0,Multiplicity:1.00
-nan	-nan	-nan	-nan
-nan	-nan	-nan	-nan
-nan	-nan	-nan	-nan
-nan	-nan	-nan	-nan
-nan	-nan	-nan	-nan
-nan	-nan	-nan	-nan
-nan	-nan	-nan	-nan
-nan	-nan	-nan	-nan
-nan	-nan	-nan	-nan
-nan	-nan	-nan	-nan
-nan	-nan	-nan	-nan
-nan	-nan	-nan	-nan
