# universalmotif version 1.4.6

---
name: motif1_Raw
alphabet: DNA
type: PPM
icscore: 12.21
nsites: 2393
pseudocount: 0.3333333
bkg:
  A: 0.2740777
  C: 0.2257795
  G: 0.2258661
  T: 0.2742767
  AA: 0.0865103
  AC: 0.0500859
  AG: 0.0716263
  AT: 0.065725
  CA: 0.0720356
  CC: 0.0630787
  CG: 0.0190438
  CT: 0.0717093
  GA: 0.060255
  GC: 0.05251
  GG: 0.0631446
  GT: 0.0500351
  TA: 0.0551315
  TC: 0.0602242
  TG: 0.0721309
  TT: 0.0867538
consensus: SSCACGTG
strand: +-
pval: 3.1224282e-212
qval: 3.1224282e-212
eval: 6.2448564e-212
extrainfo:
- target:2171/1408/3936,bkg:588/475/3936,score:3741.6657642224
motif:
- 1.663e-01 3.268e-01 4.250e-01 8.191e-02
- 1.003e-01 6.410e-01 2.587e-01 0.000e+00
- 0.000e+00 1.000e+00 0.000e+00 0.000e+00
- 8.596e-01 0.000e+00 1.404e-01 0.000e+00
- 0.000e+00 1.000e+00 0.000e+00 0.000e+00
- 0.000e+00 0.000e+00 1.000e+00 0.000e+00
- 0.000e+00 0.000e+00 0.000e+00 1.000e+00
- 0.000e+00 0.000e+00 1.000e+00 0.000e+00

