# universalmotif version 1.4.6

---
name: motif1_Reduced100
alphabet: DNA
type: PPM
icscore: 13.87
nsites: 771
pseudocount: 0.3333333
bkg:
  A: 0.2740777
  C: 0.2257795
  G: 0.2258661
  T: 0.2742767
  AA: 0.0865103
  AC: 0.0500859
  AG: 0.0716263
  AT: 0.065725
  CA: 0.0720356
  CC: 0.0630787
  CG: 0.0190438
  CT: 0.0717093
  GA: 0.060255
  GC: 0.05251
  GG: 0.0631446
  GT: 0.0500351
  TA: 0.0551315
  TC: 0.0602242
  TG: 0.0721309
  TT: 0.0867538
consensus: CACGTGGN
strand: +-
pval: 2.915265e-168
qval: 2.915265e-168
eval: 5.83053e-168
extrainfo:
- target:771/576/3936,bkg:49/41/3936,score:2564.44108402627
motif:
- 0.000e+00 1.000e+00 0.000e+00 0.000e+00
- 1.000e+00 0.000e+00 0.000e+00 0.000e+00
- 0.000e+00 1.000e+00 0.000e+00 0.000e+00
- 0.000e+00 0.000e+00 1.000e+00 0.000e+00
- 0.000e+00 0.000e+00 0.000e+00 1.000e+00
- 0.000e+00 0.000e+00 1.000e+00 0.000e+00
- 0.000e+00 0.000e+00 1.000e+00 0.000e+00
- 1.725e-01 3.333e-01 3.204e-01 1.738e-01

