>DVSCACGTGB	1-DVSCACGTGB	7.360245	-84.063338	0	T:367.0(9.32%),B:6934.2(4.47%),P:1e-36	Tpos:25.2,Tstd:11.3,Bpos:650.5,Bstd:2605.2,StrandBias:-0.1,Multiplicity:1.01
0.218	0.178	0.335	0.269
0.267	0.229	0.339	0.166
0.190	0.412	0.319	0.079
0.030	0.968	0.001	0.001
0.746	0.001	0.153	0.100
0.001	0.738	0.001	0.260
0.228	0.001	0.770	0.001
0.108	0.228	0.001	0.663
0.001	0.001	0.977	0.021
0.066	0.302	0.387	0.245
>VVSCACGTGS	2-VVSCACGTGS	7.523395	-72.064332	0	T:309.0(7.85%),B:5783.7(3.73%),P:1e-31	Tpos:19.8,Tstd:12.2,Bpos:1222.7,Bstd:3969.3,StrandBias:0.0,Multiplicity:1.20
0.204	0.264	0.350	0.183
0.286	0.225	0.336	0.153
0.155	0.418	0.288	0.139
0.100	0.898	0.001	0.001
0.665	0.001	0.224	0.110
0.001	0.849	0.001	0.149
0.257	0.001	0.741	0.001
0.136	0.123	0.001	0.740
0.001	0.001	0.987	0.011
0.117	0.310	0.381	0.193
>NNSCACGTGB	3-NNSCACGTGB	7.465696	-68.974074	0	T:339.0(8.61%),B:6726.6(4.34%),P:1e-29	Tpos:25.6,Tstd:11.5,Bpos:495.9,Bstd:2662.0,StrandBias:-1.2,Multiplicity:1.00
0.235	0.218	0.332	0.215
0.252	0.282	0.308	0.159
0.180	0.406	0.296	0.118
0.023	0.969	0.007	0.001
0.604	0.001	0.261	0.134
0.001	0.750	0.001	0.248
0.248	0.001	0.750	0.001
0.111	0.001	0.001	0.887
0.001	0.001	0.997	0.001
0.150	0.319	0.309	0.222
>VCCAYGYGSY	4-VCCAYGYGSY	7.619416	-37.400875	0	T:330.0(8.38%),B:7991.8(5.16%),P:1e-16	Tpos:24.7,Tstd:12.0,Bpos:827.1,Bstd:3488.1,StrandBias:0.2,Multiplicity:1.00
0.241	0.302	0.367	0.091
0.198	0.404	0.250	0.148
0.041	0.957	0.001	0.001
0.992	0.001	0.006	0.001
0.002	0.531	0.001	0.466
0.001	0.001	0.922	0.076
0.216	0.330	0.002	0.453
0.001	0.001	0.997	0.001
0.172	0.275	0.416	0.137
0.171	0.353	0.160	0.316
>SCRCGTGCKB	5-SCRCGTGCKB	7.911331	-31.018066	0	T:154.0(3.91%),B:3083.2(1.99%),P:1e-13	Tpos:26.0,Tstd:10.8,Bpos:343.4,Bstd:1130.4,StrandBias:-0.5,Multiplicity:1.00
0.176	0.403	0.420	0.001
0.001	0.978	0.001	0.020
0.521	0.001	0.387	0.091
0.001	0.648	0.001	0.350
0.172	0.001	0.826	0.001
0.001	0.329	0.001	0.669
0.001	0.001	0.997	0.001
0.020	0.452	0.274	0.254
0.132	0.184	0.293	0.392
0.107	0.342	0.229	0.323
>CACGTGSSBN	6-CACGTGSSBN	7.490964	-13.853285	0	T:123.0(3.12%),B:3035.2(1.96%),P:1e-6	Tpos:23.6,Tstd:13.0,Bpos:443.5,Bstd:1778.6,StrandBias:-0.7,Multiplicity:1.00
0.120	0.794	0.005	0.081
0.565	0.004	0.368	0.063
0.041	0.772	0.036	0.151
0.314	0.035	0.606	0.045
0.106	0.112	0.053	0.729
0.030	0.052	0.848	0.070
0.057	0.384	0.361	0.198
0.060	0.331	0.396	0.213
0.110	0.353	0.330	0.207
0.191	0.263	0.314	0.233
>THNCACGTGV	7-THNCACGTGV	8.577725	-10.963029	0	T:52.0(1.32%),B:1067.0(0.69%),P:1e-4	Tpos:28.8,Tstd:9.5,Bpos:1247.0,Bstd:3684.6,StrandBias:-1.0,Multiplicity:1.00
0.081	0.139	0.094	0.686
0.298	0.316	0.128	0.259
0.206	0.308	0.288	0.198
0.001	0.997	0.001	0.001
0.997	0.001	0.001	0.001
0.001	0.633	0.001	0.365
0.001	0.001	0.997	0.001
0.047	0.365	0.001	0.587
0.001	0.001	0.997	0.001
0.311	0.311	0.309	0.069
>SCACGTGGCS	8-SCACGTGGCS	8.689670	-10.611363	0	T:89.0(2.26%),B:2187.6(1.41%),P:1e-4	Tpos:21.7,Tstd:11.3,Bpos:266.6,Bstd:892.3,StrandBias:1.4,Multiplicity:1.00
0.093	0.454	0.354	0.099
0.001	0.997	0.001	0.001
0.623	0.001	0.375	0.001
0.001	0.740	0.001	0.258
0.178	0.001	0.820	0.001
0.138	0.351	0.001	0.510
0.001	0.001	0.997	0.001
0.108	0.362	0.529	0.001
0.126	0.468	0.255	0.150
0.120	0.323	0.437	0.119
>VCAYGYGSNN	9-VCAYGYGSNN	6.061598	-2.586365	0	T:24.0(0.61%),B:680.0(0.44%),P:1e-1	Tpos:22.1,Tstd:14.2,Bpos:1415.8,Bstd:4537.0,StrandBias:0.1,Multiplicity:1.00
0.245	0.269	0.320	0.165
0.071	0.789	0.079	0.061
0.523	0.038	0.324	0.115
0.053	0.419	0.044	0.484
0.109	0.124	0.722	0.045
0.081	0.306	0.184	0.430
0.011	0.183	0.661	0.145
0.117	0.427	0.314	0.142
0.183	0.260	0.256	0.302
0.230	0.257	0.316	0.198
>CRCGTGNNNN	10-CRCGTGNNNN	6.795798	-2.149074	0	T:5.0(0.13%),B:99.5(0.06%),P:1e0	Tpos:21.0,Tstd:3.7,Bpos:1080.5,Bstd:2056.7,StrandBias:0.0,Multiplicity:1.00
0.001	0.997	0.001	0.001
0.571	0.001	0.427	0.001
0.001	0.593	0.001	0.405
0.347	0.001	0.651	0.001
0.001	0.416	0.001	0.582
0.001	0.001	0.997	0.001
0.178	0.272	0.260	0.291
0.208	0.234	0.268	0.291
0.256	0.229	0.234	0.280
0.201	0.295	0.282	0.222
>VSCRCRYGBG	11-VSCRCRYGBG	8.126698	-1.489900	0	T:4.0(0.10%),B:94.1(0.06%),P:1e0	Tpos:25.0,Tstd:6.8,Bpos:307.1,Bstd:337.3,StrandBias:0.0,Multiplicity:1.00
0.267	0.253	0.329	0.152
0.068	0.347	0.485	0.100
0.193	0.661	0.082	0.064
0.338	0.204	0.421	0.037
0.005	0.993	0.001	0.001
0.557	0.013	0.423	0.007
0.013	0.428	0.013	0.546
0.020	0.001	0.978	0.001
0.074	0.276	0.280	0.370
0.071	0.146	0.665	0.118
>VSCGCRTGYB	12-VSCGCRTGYB	7.999390	-1.287355	0	T:27.0(0.69%),B:932.4(0.60%),P:1e0	Tpos:27.5,Tstd:10.9,Bpos:258.4,Bstd:677.2,StrandBias:0.7,Multiplicity:1.00
0.284	0.238	0.319	0.159
0.049	0.484	0.385	0.082
0.168	0.617	0.139	0.076
0.266	0.001	0.546	0.187
0.001	0.953	0.003	0.043
0.426	0.001	0.572	0.001
0.003	0.221	0.001	0.775
0.001	0.001	0.997	0.001
0.085	0.398	0.233	0.284
0.107	0.272	0.366	0.254
>GSCRCGTGBS	13-GSCRCGTGBS	8.285266	-1.232050	0	T:22.0(0.56%),B:755.7(0.49%),P:1e0	Tpos:23.5,Tstd:8.9,Bpos:218.2,Bstd:999.7,StrandBias:0.0,Multiplicity:1.00
0.220	0.213	0.398	0.169
0.045	0.457	0.317	0.181
0.137	0.597	0.176	0.090
0.360	0.003	0.479	0.157
0.006	0.902	0.035	0.057
0.371	0.001	0.625	0.003
0.001	0.001	0.001	0.997
0.001	0.001	0.960	0.038
0.124	0.299	0.336	0.240
0.059	0.401	0.305	0.235
>NNVCRYGTGC	14-NNVCRYGTGC	8.050747	-1.164153	0	T:11.0(0.28%),B:359.5(0.23%),P:1e0	Tpos:13.0,Tstd:0.0,Bpos:969.2,Bstd:2759.5,StrandBias:-10.0,Multiplicity:1.00
0.221	0.313	0.218	0.247
0.285	0.239	0.219	0.256
0.287	0.328	0.384	0.001
0.001	0.997	0.001	0.001
0.565	0.001	0.433	0.001
0.001	0.563	0.001	0.435
0.404	0.001	0.594	0.001
0.001	0.001	0.027	0.971
0.001	0.001	0.997	0.001
0.041	0.533	0.345	0.081
>AASCGGAAGT	15-AASCGGAAGT	9.867066	-1.103779	0	T:36.0(0.91%),B:1303.4(0.84%),P:1e0	Tpos:28.1,Tstd:10.6,Bpos:1099.2,Bstd:3818.4,StrandBias:0.3,Multiplicity:1.00
0.817	0.034	0.077	0.072
0.579	0.227	0.152	0.042
0.096	0.520	0.383	0.001
0.238	0.671	0.067	0.024
0.001	0.015	0.983	0.001
0.048	0.033	0.918	0.001
0.982	0.016	0.001	0.001
0.987	0.001	0.011	0.001
0.024	0.196	0.779	0.001
0.046	0.247	0.081	0.626
>CCACGTGACN	16-CCACGTGACN	8.597664	-0.548256	0	T:109.0(2.77%),B:4359.5(2.81%),P:1e0	Tpos:25.4,Tstd:12.1,Bpos:602.9,Bstd:1909.2,StrandBias:0.0,Multiplicity:1.02
0.128	0.499	0.205	0.168
0.001	0.997	0.001	0.001
0.859	0.001	0.095	0.045
0.001	0.815	0.001	0.183
0.001	0.015	0.983	0.001
0.078	0.042	0.001	0.879
0.001	0.016	0.982	0.001
0.712	0.090	0.029	0.169
0.114	0.653	0.188	0.045
0.194	0.318	0.248	0.240
>CCACGYGKSH	17-CCACGYGKSH	8.067139	-0.531299	0	T:37.0(0.94%),B:1497.9(0.97%),P:1e0	Tpos:28.1,Tstd:12.1,Bpos:273.6,Bstd:577.2,StrandBias:0.7,Multiplicity:1.00
0.166	0.389	0.217	0.228
0.001	0.997	0.001	0.001
0.609	0.001	0.389	0.001
0.001	0.580	0.001	0.418
0.001	0.001	0.997	0.001
0.001	0.574	0.001	0.424
0.001	0.001	0.997	0.001
0.045	0.250	0.403	0.302
0.160	0.380	0.275	0.185
0.316	0.254	0.135	0.295
>CACGYGSSSB	18-CACGYGSSSB	8.434805	-0.506672	0	T:10.0(0.25%),B:413.8(0.27%),P:1e0	Tpos:24.7,Tstd:11.7,Bpos:343.6,Bstd:1390.6,StrandBias:1.2,Multiplicity:1.00
0.001	0.997	0.001	0.001
0.597	0.001	0.347	0.055
0.001	0.764	0.001	0.234
0.384	0.001	0.614	0.001
0.001	0.504	0.001	0.494
0.001	0.001	0.997	0.001
0.001	0.374	0.447	0.179
0.039	0.394	0.500	0.067
0.108	0.439	0.301	0.153
0.141	0.303	0.319	0.237
>GSCRCGTGBB	19-GSCRCGTGBB	8.485129	-0.462104	0	T:23.0(0.58%),B:956.4(0.62%),P:1e0	Tpos:26.3,Tstd:12.2,Bpos:286.7,Bstd:703.9,StrandBias:0.6,Multiplicity:1.00
0.173	0.223	0.422	0.182
0.123	0.395	0.391	0.091
0.145	0.853	0.001	0.001
0.417	0.001	0.370	0.212
0.001	0.997	0.001	0.001
0.378	0.001	0.620	0.001
0.001	0.001	0.001	0.997
0.001	0.001	0.997	0.001
0.001	0.383	0.323	0.293
0.104	0.373	0.271	0.252
>SCGGAAGTGV	20-SCGGAAGTGV	9.747304	-0.151944	0	T:3.0(0.08%),B:190.8(0.12%),P:1e0	Tpos:41.7,Tstd:4.7,Bpos:329.0,Bstd:467.3,StrandBias:-1.0,Multiplicity:1.00
0.090	0.437	0.458	0.016
0.200	0.727	0.054	0.019
0.005	0.001	0.993	0.001
0.001	0.001	0.997	0.001
0.991	0.007	0.001	0.001
0.893	0.008	0.011	0.088
0.194	0.134	0.657	0.015
0.195	0.201	0.117	0.486
0.174	0.196	0.526	0.104
0.333	0.298	0.241	0.128
>VSCSCACGTG	21-VSCSCACGTG	8.501224	-0.126300	0	T:64.0(1.63%),B:2897.4(1.87%),P:1e0	Tpos:25.8,Tstd:11.7,Bpos:267.8,Bstd:679.0,StrandBias:0.5,Multiplicity:1.00
0.239	0.344	0.234	0.183
0.127	0.332	0.465	0.076
0.226	0.461	0.221	0.093
0.172	0.355	0.464	0.009
0.001	0.997	0.001	0.001
0.605	0.001	0.393	0.001
0.001	0.692	0.001	0.306
0.200	0.001	0.798	0.001
0.020	0.413	0.001	0.566
0.001	0.001	0.997	0.001
>AACATGGCKG	22-AACATGGCKG	10.481667	-0.040096	0	T:1.0(0.03%),B:128.4(0.08%),P:1e0	Tpos:28.0,Tstd:0.0,Bpos:2283.4,Bstd:6118.8,StrandBias:-10.0,Multiplicity:1.00
0.540	0.298	0.161	0.001
0.608	0.038	0.315	0.039
0.247	0.649	0.103	0.001
0.748	0.001	0.250	0.001
0.033	0.001	0.001	0.965
0.001	0.024	0.974	0.001
0.001	0.001	0.997	0.001
0.001	0.997	0.001	0.001
0.035	0.229	0.317	0.419
0.151	0.303	0.545	0.001
>RCCGGAAGTG	23-RCCGGAAGTG	9.804739	-0.018966	0	T:33.0(0.84%),B:1815.0(1.17%),P:1e0	Tpos:21.7,Tstd:12.3,Bpos:301.4,Bstd:818.5,StrandBias:0.1,Multiplicity:1.00
0.360	0.111	0.476	0.053
0.132	0.556	0.297	0.015
0.261	0.668	0.035	0.036
0.018	0.006	0.942	0.034
0.074	0.001	0.913	0.012
0.915	0.031	0.018	0.036
0.885	0.047	0.026	0.042
0.213	0.028	0.698	0.061
0.030	0.200	0.070	0.700
0.054	0.156	0.711	0.079
>ACRTGGCGSV	24-ACRTGGCGSV	8.176630	-0.010828	0	T:9.0(0.23%),B:683.3(0.44%),P:1e0	Tpos:26.7,Tstd:12.5,Bpos:291.7,Bstd:1072.8,StrandBias:0.3,Multiplicity:1.00
0.545	0.001	0.381	0.073
0.217	0.557	0.125	0.101
0.543	0.005	0.445	0.007
0.005	0.007	0.006	0.982
0.001	0.158	0.835	0.006
0.159	0.011	0.824	0.006
0.124	0.542	0.166	0.168
0.097	0.252	0.441	0.210
0.212	0.250	0.362	0.175
0.234	0.352	0.229	0.184
>VSCGCGTGBG	25-VSCGCGTGBG	8.106371	-0.000000	0	T:17.0(0.43%),B:2012.9(1.30%),P:1e0	Tpos:24.2,Tstd:10.9,Bpos:281.5,Bstd:866.3,StrandBias:1.0,Multiplicity:1.00
0.214	0.334	0.275	0.177
0.165	0.357	0.427	0.052
0.219	0.607	0.001	0.173
0.239	0.001	0.681	0.079
0.001	0.842	0.001	0.156
0.400	0.029	0.556	0.015
0.031	0.364	0.001	0.604
0.001	0.003	0.995	0.001
0.139	0.338	0.225	0.298
0.031	0.175	0.564	0.230
>VSCACGTGSNBN	1-VSCACGTGSNBN	8.142970	-57.715518	0	T:253.0(6.43%),B:4779.7(3.08%),P:1e-25	Tpos:26.2,Tstd:11.1,Bpos:408.9,Bstd:1245.2,StrandBias:0.4,Multiplicity:1.00
0.351	0.233	0.264	0.153
0.174	0.449	0.334	0.043
0.001	0.997	0.001	0.001
0.758	0.001	0.240	0.001
0.001	0.846	0.001	0.152
0.211	0.001	0.787	0.001
0.027	0.275	0.013	0.685
0.001	0.001	0.997	0.001
0.001	0.393	0.391	0.215
0.191	0.246	0.292	0.270
0.161	0.366	0.222	0.252
0.199	0.269	0.293	0.238
>NVVSCACGTGSB	2-NVVSCACGTGSB	7.915255	-52.454514	0	T:160.0(4.07%),B:2533.1(1.63%),P:1e-22	Tpos:23.8,Tstd:11.6,Bpos:1058.5,Bstd:3206.9,StrandBias:0.0,Multiplicity:1.00
0.173	0.299	0.294	0.234
0.242	0.230	0.341	0.188
0.305	0.221	0.341	0.133
0.134	0.355	0.352	0.159
0.001	0.997	0.001	0.001
0.646	0.016	0.259	0.079
0.001	0.781	0.001	0.217
0.172	0.009	0.818	0.001
0.089	0.257	0.044	0.610
0.009	0.022	0.968	0.001
0.112	0.323	0.385	0.180
0.140	0.305	0.239	0.315
>CBGVCCACGTGC	3-CBGVCCACGTGC	9.098306	-48.573790	0	T:237.0(6.02%),B:4686.5(3.02%),P:1e-21	Tpos:23.9,Tstd:12.4,Bpos:980.4,Bstd:3582.3,StrandBias:0.2,Multiplicity:1.00
0.129	0.503	0.313	0.055
0.145	0.369	0.264	0.223
0.076	0.227	0.497	0.200
0.305	0.314	0.354	0.027
0.060	0.581	0.358	0.001
0.001	0.997	0.001	0.001
0.894	0.001	0.085	0.020
0.001	0.635	0.015	0.349
0.026	0.001	0.972	0.001
0.046	0.086	0.001	0.867
0.001	0.001	0.997	0.001
0.068	0.508	0.275	0.149
>NNVSCACGTGGB	4-NNVSCACGTGGB	8.336582	-45.640780	0	T:170.0(4.32%),B:2986.4(1.93%),P:1e-19	Tpos:24.1,Tstd:10.7,Bpos:693.6,Bstd:3376.7,StrandBias:-0.6,Multiplicity:1.00
0.249	0.283	0.305	0.163
0.301	0.229	0.291	0.178
0.297	0.193	0.332	0.177
0.192	0.422	0.328	0.058
0.001	0.997	0.001	0.001
0.659	0.001	0.257	0.083
0.001	0.743	0.001	0.255
0.077	0.001	0.921	0.001
0.074	0.312	0.001	0.613
0.001	0.001	0.967	0.031
0.001	0.419	0.579	0.001
0.152	0.300	0.223	0.326
>NSCACGTGGBSS	5-NSCACGTGGBSS	9.275896	-44.735502	0	T:153.0(3.89%),B:2578.4(1.66%),P:1e-19	Tpos:25.7,Tstd:10.7,Bpos:338.9,Bstd:1081.3,StrandBias:-0.0,Multiplicity:1.01
0.281	0.276	0.252	0.190
0.188	0.466	0.345	0.001
0.001	0.997	0.001	0.001
0.982	0.001	0.001	0.016
0.001	0.858	0.001	0.140
0.038	0.001	0.960	0.001
0.010	0.274	0.001	0.715
0.001	0.001	0.990	0.008
0.009	0.341	0.494	0.156
0.142	0.307	0.293	0.258
0.157	0.396	0.251	0.197
0.174	0.308	0.337	0.182
>SSCACGTGGNSS	6-SSCACGTGGNSS	9.077527	-18.377435	0	T:89.0(2.26%),B:1792.8(1.16%),P:1e-7	Tpos:25.0,Tstd:7.0,Bpos:206.4,Bstd:321.8,StrandBias:0.0,Multiplicity:1.00
0.189	0.340	0.295	0.176
0.171	0.412	0.416	0.001
0.001	0.997	0.001	0.001
0.950	0.001	0.048	0.001
0.001	0.938	0.001	0.060
0.278	0.001	0.720	0.001
0.155	0.280	0.025	0.540
0.001	0.001	0.997	0.001
0.029	0.313	0.524	0.134
0.228	0.299	0.295	0.178
0.141	0.379	0.255	0.226
0.182	0.348	0.293	0.177
>NGVSCACGTGBB	7-NGVSCACGTGBB	8.250698	-18.018133	0	T:124.0(3.15%),B:2821.9(1.82%),P:1e-7	Tpos:24.0,Tstd:10.3,Bpos:291.3,Bstd:1186.2,StrandBias:-1.8,Multiplicity:1.00
0.178	0.322	0.275	0.225
0.196	0.219	0.414	0.171
0.260	0.306	0.291	0.142
0.115	0.472	0.412	0.001
0.001	0.997	0.001	0.001
0.568	0.001	0.317	0.114
0.001	0.856	0.004	0.139
0.252	0.001	0.746	0.001
0.111	0.308	0.031	0.550
0.001	0.001	0.997	0.001
0.112	0.300	0.363	0.225
0.108	0.308	0.337	0.247
>NSCACGTGSNNS	8-NSCACGTGSNNS	7.993462	-16.496755	0	T:60.0(1.52%),B:1077.2(0.70%),P:1e-7	Tpos:10.0,Tstd:4.0,Bpos:232.9,Bstd:1027.1,StrandBias:-10.0,Multiplicity:1.00
0.297	0.217	0.301	0.184
0.182	0.414	0.317	0.088
0.047	0.932	0.010	0.011
0.524	0.024	0.358	0.094
0.013	0.811	0.009	0.167
0.235	0.013	0.750	0.002
0.103	0.275	0.012	0.610
0.004	0.027	0.940	0.029
0.124	0.365	0.378	0.133
0.175	0.301	0.254	0.270
0.233	0.256	0.282	0.229
0.162	0.293	0.385	0.161
>TCTTCCGCCATC	9-TCTTCCGCCATC	13.410813	-12.767994	0	T:10.0(0.25%),B:52.5(0.03%),P:1e-5	Tpos:27.7,Tstd:9.4,Bpos:841.2,Bstd:1227.7,StrandBias:-0.8,Multiplicity:1.10
0.088	0.001	0.103	0.808
0.001	0.997	0.001	0.001
0.094	0.057	0.001	0.848
0.001	0.001	0.001	0.997
0.001	0.880	0.001	0.118
0.103	0.895	0.001	0.001
0.001	0.001	0.997	0.001
0.001	0.997	0.001	0.001
0.001	0.997	0.001	0.001
0.802	0.001	0.103	0.094
0.001	0.001	0.139	0.859
0.001	0.997	0.001	0.001
>SCACGTGYGSNN	10-SCACGTGYGSNN	8.333855	-11.449283	0	T:28.0(0.71%),B:421.1(0.27%),P:1e-4	Tpos:21.3,Tstd:15.3,Bpos:598.4,Bstd:1523.6,StrandBias:-1.0,Multiplicity:1.00
0.231	0.342	0.381	0.045
0.001	0.993	0.001	0.005
0.603	0.001	0.395	0.001
0.001	0.721	0.001	0.277
0.356	0.001	0.642	0.001
0.001	0.417	0.001	0.581
0.001	0.001	0.997	0.001
0.232	0.349	0.001	0.419
0.154	0.238	0.438	0.170
0.194	0.366	0.273	0.167
0.168	0.315	0.264	0.253
0.247	0.257	0.280	0.216
>NSNRVVCACGTG	11-NSNRVVCACGTG	7.867327	-11.139426	0	T:102.0(2.59%),B:2558.4(1.65%),P:1e-4	Tpos:24.6,Tstd:11.2,Bpos:441.7,Bstd:2721.0,StrandBias:-0.3,Multiplicity:1.00
0.279	0.247	0.291	0.182
0.176	0.271	0.384	0.169
0.203	0.304	0.304	0.188
0.224	0.208	0.369	0.199
0.252	0.378	0.263	0.107
0.212	0.329	0.301	0.159
0.001	0.997	0.001	0.001
0.654	0.001	0.340	0.005
0.001	0.596	0.001	0.402
0.285	0.001	0.713	0.001
0.043	0.286	0.001	0.670
0.001	0.001	0.997	0.001
>VVCRCGTGCBNV	12-VVCRCGTGCBNV	8.518112	-10.701279	0	T:26.0(0.66%),B:392.3(0.25%),P:1e-4	Tpos:24.0,Tstd:0.0,Bpos:96.1,Bstd:117.5,StrandBias:-10.0,Multiplicity:1.00
0.293	0.319	0.262	0.126
0.201	0.348	0.301	0.150
0.001	0.997	0.001	0.001
0.490	0.001	0.365	0.144
0.001	0.997	0.001	0.001
0.001	0.067	0.931	0.001
0.134	0.344	0.001	0.521
0.001	0.001	0.997	0.001
0.191	0.389	0.226	0.194
0.126	0.313	0.237	0.324
0.220	0.332	0.209	0.239
0.311	0.322	0.366	0.001
>GCCTCCACGTGG	13-GCCTCCACGTGG	9.950393	-10.172279	0	T:91.0(2.31%),B:2278.3(1.47%),P:1e-4	Tpos:26.0,Tstd:11.9,Bpos:359.8,Bstd:1356.0,StrandBias:0.4,Multiplicity:1.00
0.120	0.144	0.669	0.067
0.103	0.740	0.079	0.078
0.059	0.756	0.147	0.038
0.064	0.098	0.135	0.703
0.042	0.773	0.139	0.046
0.001	0.997	0.001	0.001
0.884	0.008	0.060	0.048
0.001	0.926	0.011	0.062
0.019	0.001	0.979	0.001
0.072	0.151	0.001	0.776
0.001	0.011	0.987	0.001
0.081	0.101	0.661	0.157
>BSCCCACGTGGC	14-BSCCCACGTGGC	10.078893	-7.079349	0	T:27.0(0.69%),B:528.3(0.34%),P:1e-3	Tpos:23.3,Tstd:12.7,Bpos:9505.1,Bstd:7858.1,StrandBias:1.0,Multiplicity:1.00
0.058	0.313	0.258	0.371
0.003	0.462	0.434	0.101
0.137	0.491	0.288	0.084
0.141	0.520	0.197	0.142
0.061	0.935	0.003	0.001
0.667	0.004	0.221	0.108
0.001	0.822	0.033	0.144
0.131	0.001	0.867	0.001
0.082	0.084	0.091	0.743
0.018	0.001	0.978	0.003
0.165	0.225	0.410	0.200
0.085	0.535	0.252	0.128
>VCRCGTGSBCHS	15-VCRCGTGSBCHS	9.249056	-6.171524	0	T:12.0(0.30%),B:171.0(0.11%),P:1e-2	Tpos:16.7,Tstd:6.8,Bpos:323.2,Bstd:331.3,StrandBias:-10.0,Multiplicity:1.00
0.284	0.352	0.252	0.112
0.001	0.997	0.001	0.001
0.533	0.001	0.465	0.001
0.001	0.997	0.001	0.001
0.115	0.001	0.883	0.001
0.001	0.422	0.001	0.576
0.001	0.001	0.997	0.001
0.001	0.344	0.448	0.207
0.144	0.255	0.284	0.317
0.098	0.455	0.265	0.182
0.228	0.355	0.189	0.229
0.128	0.341	0.354	0.178
>SCACGTGSSNNN	16-SCACGTGSSNNN	8.105529	-5.823678	0	T:17.0(0.43%),B:303.5(0.20%),P:1e-2	Tpos:29.0,Tstd:10.0,Bpos:163.9,Bstd:17.4,StrandBias:0.0,Multiplicity:1.00
0.186	0.331	0.340	0.144
0.001	0.997	0.001	0.001
0.602	0.001	0.294	0.103
0.001	0.664	0.007	0.328
0.245	0.003	0.751	0.001
0.126	0.287	0.001	0.586
0.001	0.001	0.997	0.001
0.119	0.279	0.395	0.207
0.200	0.356	0.257	0.187
0.220	0.288	0.287	0.204
0.268	0.288	0.270	0.174
0.232	0.251	0.306	0.211
>SGCCACGAGGSC	17-SGCCACGAGGSC	11.690025	-3.106065	0	T:28.0(0.71%),B:771.8(0.50%),P:1e-1	Tpos:25.9,Tstd:10.7,Bpos:422.2,Bstd:947.4,StrandBias:-0.1,Multiplicity:1.00
0.001	0.344	0.452	0.204
0.001	0.301	0.600	0.098
0.001	0.740	0.258	0.001
0.001	0.997	0.001	0.001
0.889	0.024	0.029	0.058
0.001	0.896	0.008	0.095
0.001	0.001	0.997	0.001
0.612	0.386	0.001	0.001
0.001	0.001	0.997	0.001
0.001	0.038	0.960	0.001
0.162	0.411	0.271	0.157
0.186	0.605	0.144	0.065
>BNCCDCGTGYKR	18-BNCCDCGTGYKR	9.759485	-2.975894	0	T:11.0(0.28%),B:241.4(0.16%),P:1e-1	Tpos:22.0,Tstd:10.0,Bpos:342.5,Bstd:744.0,StrandBias:-0.8,Multiplicity:1.00
0.149	0.277	0.347	0.227
0.154	0.293	0.260	0.293
0.001	0.610	0.388	0.001
0.001	0.997	0.001	0.001
0.258	0.001	0.375	0.365
0.001	0.997	0.001	0.001
0.001	0.001	0.997	0.001
0.001	0.001	0.001	0.997
0.001	0.001	0.997	0.001
0.001	0.363	0.241	0.395
0.125	0.230	0.394	0.251
0.355	0.166	0.388	0.092
>CSBGVMCACGYG	19-CSBGVMCACGYG	10.507447	-1.697208	0	T:10.0(0.25%),B:279.7(0.18%),P:1e0	Tpos:21.0,Tstd:9.0,Bpos:187.5,Bstd:735.2,StrandBias:0.0,Multiplicity:1.00
0.001	0.764	0.234	0.001
0.001	0.410	0.553	0.036
0.053	0.309	0.392	0.246
0.116	0.273	0.523	0.088
0.287	0.348	0.331	0.034
0.240	0.358	0.203	0.199
0.001	0.909	0.089	0.001
0.647	0.001	0.351	0.001
0.001	0.972	0.026	0.001
0.001	0.001	0.997	0.001
0.111	0.454	0.001	0.434
0.001	0.051	0.947	0.001
>AAAGATGGCGGC	20-AAAGATGGCGGC	14.365577	-1.198690	0	T:4.0(0.10%),B:108.1(0.07%),P:1e0	Tpos:32.2,Tstd:6.6,Bpos:345.1,Bstd:1406.3,StrandBias:-1.6,Multiplicity:1.00
0.631	0.149	0.111	0.109
0.885	0.001	0.065	0.049
0.859	0.028	0.086	0.027
0.040	0.124	0.786	0.050
0.904	0.056	0.017	0.023
0.091	0.037	0.103	0.769
0.037	0.031	0.931	0.001
0.001	0.001	0.997	0.001
0.037	0.878	0.084	0.001
0.001	0.178	0.710	0.111
0.046	0.032	0.879	0.043
0.131	0.775	0.038	0.056
>GCGCGCGCACGC	21-GCGCGCGCACGC	12.386731	-1.054095	0	T:16.0(0.41%),B:557.5(0.36%),P:1e0	Tpos:20.5,Tstd:10.0,Bpos:242.4,Bstd:472.5,StrandBias:1.3,Multiplicity:1.08
0.069	0.100	0.779	0.052
0.097	0.786	0.047	0.070
0.110	0.069	0.820	0.001
0.034	0.855	0.091	0.020
0.043	0.056	0.900	0.001
0.071	0.805	0.088	0.036
0.077	0.065	0.806	0.052
0.046	0.890	0.039	0.025
0.829	0.027	0.046	0.098
0.029	0.876	0.019	0.076
0.030	0.061	0.853	0.056
0.089	0.805	0.012	0.094
>CRCGYGSBSSSN	22-CRCGYGSBSSSN	8.598715	-0.910722	0	T:43.0(1.09%),B:1616.6(1.04%),P:1e0	Tpos:23.3,Tstd:8.7,Bpos:289.2,Bstd:931.0,StrandBias:-0.6,Multiplicity:1.00
0.001	0.997	0.001	0.001
0.573	0.001	0.425	0.001
0.001	0.897	0.001	0.101
0.230	0.001	0.768	0.001
0.001	0.442	0.001	0.556
0.001	0.001	0.997	0.001
0.122	0.377	0.278	0.222
0.085	0.284	0.362	0.269
0.223	0.375	0.231	0.172
0.205	0.379	0.263	0.153
0.163	0.379	0.360	0.099
0.218	0.307	0.267	0.208
>GVGCAYGYGCHS	23-GVGCAYGYGCHS	9.376468	-0.684116	0	T:1.0(0.03%),B:27.2(0.02%),P:1e0	Tpos:25.0,Tstd:0.0,Bpos:417.5,Bstd:1114.6,StrandBias:10.0,Multiplicity:1.00
0.234	0.288	0.477	0.001
0.379	0.355	0.265	0.001
0.279	0.283	0.437	0.001
0.001	0.997	0.001	0.001
0.522	0.091	0.298	0.089
0.051	0.446	0.052	0.451
0.001	0.001	0.997	0.001
0.001	0.550	0.001	0.448
0.010	0.001	0.988	0.001
0.001	0.594	0.344	0.061
0.312	0.267	0.147	0.274
0.195	0.378	0.248	0.178
>CVCTTCCKSBYY	24-CVCTTCCKSBYY	10.074169	-0.308626	0	T:6.0(0.15%),B:287.7(0.19%),P:1e0	Tpos:21.0,Tstd:12.2,Bpos:566.9,Bstd:2007.9,StrandBias:10.0,Multiplicity:1.00
0.120	0.459	0.235	0.187
0.331	0.203	0.290	0.175
0.001	0.908	0.061	0.030
0.001	0.001	0.001	0.997
0.001	0.001	0.001	0.997
0.001	0.997	0.001	0.001
0.001	0.997	0.001	0.001
0.001	0.180	0.472	0.347
0.001	0.470	0.419	0.110
0.038	0.366	0.227	0.369
0.001	0.378	0.219	0.402
0.163	0.338	0.169	0.329
>BCVCTTCCGSYY	25-BCVCTTCCGSYY	9.722770	-0.014952	0	T:12.0(0.30%),B:819.7(0.53%),P:1e0	Tpos:25.3,Tstd:11.7,Bpos:295.9,Bstd:703.6,StrandBias:-0.5,Multiplicity:1.00
0.032	0.400	0.309	0.259
0.143	0.460	0.276	0.121
0.376	0.346	0.234	0.045
0.001	0.724	0.201	0.074
0.101	0.007	0.001	0.891
0.071	0.001	0.013	0.915
0.001	0.868	0.001	0.130
0.001	0.997	0.001	0.001
0.001	0.202	0.478	0.319
0.006	0.557	0.409	0.028
0.123	0.404	0.092	0.381
0.093	0.378	0.184	0.345
>CACGTGSB	1-CACGTGSB	7.369009	-63.332877	0	T:472.0(11.99%),B:10897.1(7.03%),P:1e-27	Tpos:25.3,Tstd:11.8,Bpos:688.3,Bstd:2834.3,StrandBias:0.1,Multiplicity:1.02
0.024	0.936	0.039	0.001
0.808	0.001	0.141	0.050
0.012	0.918	0.001	0.069
0.103	0.001	0.895	0.001
0.045	0.105	0.001	0.849
0.002	0.003	0.974	0.021
0.072	0.397	0.381	0.150
0.130	0.238	0.318	0.314
>SSCACGTG	2-SSCACGTG	7.287346	-51.891005	0	T:481.0(12.22%),B:11834.3(7.64%),P:1e-22	Tpos:24.0,Tstd:11.7,Bpos:2162.0,Bstd:6020.8,StrandBias:0.7,Multiplicity:1.00
0.114	0.372	0.314	0.200
0.013	0.484	0.418	0.085
0.071	0.927	0.001	0.001
0.739	0.001	0.175	0.085
0.001	0.818	0.001	0.180
0.330	0.001	0.668	0.001
0.138	0.065	0.001	0.796
0.001	0.001	0.997	0.001
>CACGTGGY	3-CACGTGGY	7.416187	-50.463805	0	T:346.0(8.79%),B:7755.2(5.00%),P:1e-21	Tpos:25.9,Tstd:12.3,Bpos:326.1,Bstd:1577.6,StrandBias:-0.3,Multiplicity:1.00
0.012	0.981	0.001	0.006
0.561	0.001	0.335	0.103
0.009	0.800	0.001	0.190
0.201	0.001	0.797	0.001
0.045	0.148	0.001	0.806
0.046	0.033	0.818	0.103
0.076	0.307	0.495	0.122
0.095	0.359	0.175	0.371
>RCAYGWGS	4-RCAYGWGS	7.940459	-41.445590	0	T:235.0(5.97%),B:4929.5(3.18%),P:1e-17	Tpos:25.9,Tstd:10.9,Bpos:2162.3,Bstd:6557.9,StrandBias:0.6,Multiplicity:1.00
0.376	0.181	0.441	0.001
0.001	0.997	0.001	0.001
0.997	0.001	0.001	0.001
0.001	0.541	0.001	0.457
0.001	0.001	0.997	0.001
0.339	0.238	0.001	0.422
0.001	0.001	0.997	0.001
0.100	0.389	0.510	0.001
>CACGTGSC	5-CACGTGSC	7.090602	-31.519855	0	T:365.0(9.27%),B:9494.1(6.13%),P:1e-13	Tpos:26.2,Tstd:12.8,Bpos:1399.1,Bstd:3964.0,StrandBias:-0.2,Multiplicity:1.02
0.129	0.847	0.001	0.023
0.628	0.001	0.230	0.141
0.001	0.824	0.001	0.174
0.302	0.001	0.544	0.153
0.229	0.001	0.001	0.769
0.001	0.098	0.860	0.041
0.267	0.296	0.436	0.001
0.001	0.480	0.295	0.224
>AGCACGTG	6-AGCACGTG	7.566747	-25.267458	0	T:174.0(4.42%),B:3926.8(2.53%),P:1e-10	Tpos:22.6,Tstd:13.2,Bpos:2732.3,Bstd:7625.2,StrandBias:-0.1,Multiplicity:1.02
0.430	0.186	0.243	0.141
0.109	0.239	0.547	0.105
0.051	0.947	0.001	0.001
0.675	0.001	0.218	0.106
0.001	0.834	0.001	0.164
0.310	0.001	0.688	0.001
0.105	0.133	0.001	0.761
0.001	0.001	0.997	0.001
>CACGTGSV	7-CACGTGSV	6.383963	-5.182982	0	T:673.0(17.10%),B:24154.3(15.58%),P:1e-2	Tpos:19.4,Tstd:14.5,Bpos:2104.6,Bstd:8128.6,StrandBias:-0.2,Multiplicity:1.00
0.001	0.997	0.001	0.001
0.766	0.001	0.109	0.124
0.001	0.725	0.001	0.273
0.170	0.001	0.828	0.001
0.113	0.220	0.001	0.666
0.068	0.001	0.863	0.068
0.159	0.344	0.404	0.093
0.257	0.221	0.349	0.173
>VCACGYGD	8-VCACGYGD	6.455342	-2.990953	0	T:66.0(1.68%),B:2093.0(1.35%),P:1e-1	Tpos:20.0,Tstd:8.1,Bpos:353.3,Bstd:1338.9,StrandBias:-1.0,Multiplicity:1.00
0.238	0.385	0.304	0.073
0.001	0.997	0.001	0.001
0.954	0.001	0.001	0.044
0.070	0.546	0.001	0.383
0.001	0.001	0.806	0.192
0.191	0.398	0.001	0.410
0.179	0.234	0.409	0.178
0.330	0.001	0.299	0.370
>CCTCGTGG	9-CCTCGTGG	10.729432	-2.921894	0	T:60.0(1.52%),B:1890.1(1.22%),P:1e-1	Tpos:23.5,Tstd:12.3,Bpos:573.4,Bstd:2317.5,StrandBias:0.1,Multiplicity:1.00
0.005	0.964	0.001	0.030
0.008	0.990	0.001	0.001
0.001	0.001	0.001	0.997
0.003	0.995	0.001	0.001
0.019	0.001	0.979	0.001
0.016	0.001	0.001	0.982
0.001	0.001	0.992	0.006
0.034	0.001	0.772	0.193
>BCACGTGY	10-BCACGTGY	7.447715	-0.161380	0	T:67.0(1.70%),B:2975.0(1.92%),P:1e0	Tpos:26.7,Tstd:12.2,Bpos:1588.8,Bstd:4302.8,StrandBias:0.0,Multiplicity:1.00
0.054	0.233	0.353	0.360
0.364	0.527	0.042	0.067
0.733	0.001	0.192	0.074
0.001	0.997	0.001	0.001
0.240	0.001	0.758	0.001
0.001	0.086	0.001	0.912
0.001	0.001	0.997	0.001
0.118	0.397	0.211	0.274
>AACCGGAA	11-AACCGGAA	8.690731	-0.082665	0	T:12.0(0.30%),B:677.1(0.44%),P:1e0	Tpos:27.4,Tstd:16.3,Bpos:899.6,Bstd:3469.2,StrandBias:-0.3,Multiplicity:1.00
0.666	0.085	0.176	0.073
0.591	0.114	0.212	0.083
0.097	0.560	0.303	0.040
0.132	0.777	0.052	0.039
0.036	0.055	0.878	0.031
0.091	0.043	0.850	0.016
0.868	0.023	0.049	0.060
0.818	0.029	0.065	0.088
>GGAAGTGA	12-GGAAGTGA	10.587568	-0.024051	0	T:42.0(1.07%),B:2200.0(1.42%),P:1e0	Tpos:28.1,Tstd:12.8,Bpos:2097.0,Bstd:4461.4,StrandBias:0.1,Multiplicity:1.00
0.001	0.001	0.997	0.001
0.001	0.001	0.997	0.001
0.997	0.001	0.001	0.001
0.997	0.001	0.001	0.001
0.095	0.001	0.903	0.001
0.001	0.001	0.001	0.997
0.001	0.001	0.997	0.001
0.682	0.001	0.246	0.071
>TTCCGSYY	13-TTCCGSYY	7.765526	-0.008617	0	T:16.0(0.41%),B:1069.7(0.69%),P:1e0	Tpos:29.4,Tstd:9.2,Bpos:569.3,Bstd:2357.9,StrandBias:-0.6,Multiplicity:1.00
0.024	0.001	0.001	0.974
0.007	0.045	0.001	0.947
0.010	0.830	0.047	0.113
0.001	0.964	0.001	0.034
0.029	0.117	0.685	0.169
0.001	0.473	0.396	0.130
0.142	0.308	0.172	0.379
0.146	0.331	0.126	0.397
>CCATGAGA	14-CCATGAGA	10.482151	-0.006896	0	T:7.0(0.18%),B:600.2(0.39%),P:1e0	Tpos:22.4,Tstd:11.9,Bpos:3882.9,Bstd:7005.8,StrandBias:10.0,Multiplicity:1.00
0.167	0.831	0.001	0.001
0.001	0.997	0.001	0.001
0.997	0.001	0.001	0.001
0.001	0.177	0.001	0.821
0.001	0.001	0.997	0.001
0.992	0.001	0.001	0.006
0.001	0.001	0.997	0.001
0.814	0.001	0.184	0.001
>ACTTCCGS	15-ACTTCCGS	8.572394	-0.005100	0	T:56.0(1.42%),B:3037.9(1.96%),P:1e0	Tpos:26.2,Tstd:12.3,Bpos:340.5,Bstd:967.7,StrandBias:-0.2,Multiplicity:1.02
0.546	0.123	0.133	0.198
0.072	0.589	0.110	0.229
0.130	0.015	0.017	0.838
0.030	0.027	0.018	0.925
0.035	0.910	0.047	0.008
0.020	0.965	0.013	0.002
0.036	0.073	0.725	0.166
0.005	0.409	0.508	0.078
>ARATGGCG	16-ARATGGCG	9.976277	-0.004966	0	T:13.0(0.33%),B:955.5(0.62%),P:1e0	Tpos:29.2,Tstd:12.0,Bpos:703.2,Bstd:2645.8,StrandBias:0.7,Multiplicity:1.00
0.997	0.001	0.001	0.001
0.510	0.121	0.368	0.001
0.997	0.001	0.001	0.001
0.001	0.001	0.001	0.997
0.001	0.035	0.963	0.001
0.144	0.033	0.822	0.001
0.001	0.972	0.026	0.001
0.026	0.046	0.844	0.084
>CCGCGTGC	17-CCGCGTGC	8.508884	-0.001451	0	T:120.0(3.05%),B:6102.5(3.94%),P:1e0	Tpos:26.6,Tstd:12.1,Bpos:285.3,Bstd:973.2,StrandBias:0.2,Multiplicity:1.02
0.207	0.650	0.099	0.044
0.018	0.794	0.187	0.001
0.001	0.001	0.739	0.259
0.001	0.987	0.001	0.011
0.115	0.001	0.883	0.001
0.001	0.001	0.001	0.997
0.001	0.001	0.997	0.001
0.029	0.641	0.101	0.229
>AAGATGGC	18-AAGATGGC	10.578272	-0.000040	0	T:45.0(1.14%),B:3013.1(1.94%),P:1e0	Tpos:23.6,Tstd:13.4,Bpos:1053.1,Bstd:3881.5,StrandBias:0.3,Multiplicity:1.02
0.978	0.001	0.001	0.020
0.997	0.001	0.001	0.001
0.209	0.129	0.661	0.001
0.997	0.001	0.001	0.001
0.001	0.001	0.001	0.997
0.001	0.001	0.997	0.001
0.001	0.001	0.997	0.001
0.001	0.941	0.057	0.001
>RCGTGSSK	19-RCGTGSSK	7.411415	-0.000024	0	T:36.0(0.91%),B:2592.3(1.67%),P:1e0	Tpos:26.2,Tstd:13.1,Bpos:329.0,Bstd:1300.1,StrandBias:-0.4,Multiplicity:1.07
0.436	0.001	0.562	0.001
0.026	0.972	0.001	0.001
0.126	0.001	0.872	0.001
0.001	0.001	0.001	0.997
0.001	0.001	0.997	0.001
0.109	0.412	0.282	0.196
0.161	0.309	0.430	0.100
0.192	0.160	0.259	0.388
>DYTTCCGS	20-DYTTCCGS	7.261507	-0.000023	0	T:17.0(0.43%),B:1552.0(1.00%),P:1e0	Tpos:26.3,Tstd:7.7,Bpos:567.0,Bstd:2498.0,StrandBias:-0.4,Multiplicity:1.00
0.268	0.128	0.269	0.335
0.074	0.400	0.142	0.384
0.216	0.001	0.001	0.782
0.025	0.001	0.001	0.973
0.048	0.710	0.182	0.060
0.044	0.920	0.001	0.035
0.001	0.073	0.711	0.215
0.019	0.371	0.459	0.152
>RTGACGMM	21-RTGACGMM	7.046776	-0.000012	0	T:3.0(0.08%),B:649.9(0.42%),P:1e0	Tpos:25.7,Tstd:11.8,Bpos:652.5,Bstd:2596.3,StrandBias:-10.0,Multiplicity:1.00
0.430	0.004	0.405	0.162
0.053	0.032	0.001	0.914
0.118	0.143	0.640	0.099
0.555	0.007	0.353	0.085
0.001	0.907	0.040	0.052
0.001	0.001	0.853	0.145
0.290	0.382	0.130	0.199
0.374	0.425	0.136	0.065
>CGGAAGWR	22-CGGAAGWR	8.530380	-0.000002	0	T:84.0(2.13%),B:5222.6(3.37%),P:1e0	Tpos:25.4,Tstd:15.1,Bpos:434.4,Bstd:1802.2,StrandBias:0.6,Multiplicity:1.02
0.032	0.965	0.002	0.001
0.001	0.001	0.997	0.001
0.039	0.001	0.959	0.001
0.970	0.001	0.001	0.028
0.825	0.001	0.001	0.173
0.200	0.114	0.663	0.023
0.348	0.190	0.133	0.329
0.375	0.117	0.480	0.027
>RCACGCGS	23-RCACGCGS	5.613774	-0.000000	0	T:1181.0(30.01%),B:53636.6(34.61%),P:1e0	Tpos:25.1,Tstd:12.0,Bpos:595.6,Bstd:2367.6,StrandBias:-0.0,Multiplicity:1.08
0.398	0.128	0.418	0.056
0.171	0.821	0.001	0.007
0.997	0.001	0.001	0.001
0.001	0.616	0.001	0.382
0.177	0.001	0.813	0.009
0.075	0.608	0.001	0.316
0.040	0.001	0.794	0.165
0.073	0.435	0.410	0.083
>GNAGCGTG	24-GNAGCGTG	7.574661	-0.000000	0	T:36.0(0.91%),B:3601.9(2.32%),P:1e0	Tpos:26.9,Tstd:13.4,Bpos:554.3,Bstd:2441.4,StrandBias:0.3,Multiplicity:1.00
0.344	0.076	0.579	0.001
0.221	0.315	0.226	0.238
0.499	0.296	0.204	0.001
0.270	0.001	0.728	0.001
0.001	0.997	0.001	0.001
0.291	0.001	0.707	0.001
0.001	0.001	0.001	0.997
0.001	0.001	0.845	0.153
>CCACGYTG	25-CCACGYTG	8.760107	-0.000000	0	T:30.0(0.76%),B:3444.5(2.22%),P:1e0	Tpos:25.6,Tstd:13.6,Bpos:637.3,Bstd:2699.5,StrandBias:-0.2,Multiplicity:1.00
0.322	0.636	0.041	0.001
0.001	0.997	0.001	0.001
0.997	0.001	0.001	0.001
0.001	0.877	0.001	0.121
0.001	0.001	0.997	0.001
0.062	0.524	0.001	0.413
0.001	0.333	0.161	0.505
0.068	0.001	0.665	0.266
