>CACGTGSB	1-CACGTGSB	7.369009	-63.332877	0	T:472.0(11.99%),B:10897.1(7.03%),P:1e-27	Tpos:25.3,Tstd:11.8,Bpos:688.3,Bstd:2834.3,StrandBias:0.1,Multiplicity:1.02
0.024	0.936	0.039	0.001
0.808	0.001	0.141	0.050
0.012	0.918	0.001	0.069
0.103	0.001	0.895	0.001
0.045	0.105	0.001	0.849
0.002	0.003	0.974	0.021
0.072	0.397	0.381	0.150
0.130	0.238	0.318	0.314
>SSCACGTG	2-SSCACGTG	7.287346	-51.891005	0	T:481.0(12.22%),B:11834.3(7.64%),P:1e-22	Tpos:24.0,Tstd:11.7,Bpos:2162.0,Bstd:6020.8,StrandBias:0.7,Multiplicity:1.00
0.114	0.372	0.314	0.200
0.013	0.484	0.418	0.085
0.071	0.927	0.001	0.001
0.739	0.001	0.175	0.085
0.001	0.818	0.001	0.180
0.330	0.001	0.668	0.001
0.138	0.065	0.001	0.796
0.001	0.001	0.997	0.001
>CACGTGGY	3-CACGTGGY	7.416187	-50.463805	0	T:346.0(8.79%),B:7755.2(5.00%),P:1e-21	Tpos:25.9,Tstd:12.3,Bpos:326.1,Bstd:1577.6,StrandBias:-0.3,Multiplicity:1.00
0.012	0.981	0.001	0.006
0.561	0.001	0.335	0.103
0.009	0.800	0.001	0.190
0.201	0.001	0.797	0.001
0.045	0.148	0.001	0.806
0.046	0.033	0.818	0.103
0.076	0.307	0.495	0.122
0.095	0.359	0.175	0.371
>RCAYGWGS	4-RCAYGWGS	7.940459	-41.445590	0	T:235.0(5.97%),B:4929.5(3.18%),P:1e-17	Tpos:25.9,Tstd:10.9,Bpos:2162.3,Bstd:6557.9,StrandBias:0.6,Multiplicity:1.00
0.376	0.181	0.441	0.001
0.001	0.997	0.001	0.001
0.997	0.001	0.001	0.001
0.001	0.541	0.001	0.457
0.001	0.001	0.997	0.001
0.339	0.238	0.001	0.422
0.001	0.001	0.997	0.001
0.100	0.389	0.510	0.001
>CACGTGSC	5-CACGTGSC	7.090602	-31.519855	0	T:365.0(9.27%),B:9494.1(6.13%),P:1e-13	Tpos:26.2,Tstd:12.8,Bpos:1399.1,Bstd:3964.0,StrandBias:-0.2,Multiplicity:1.02
0.129	0.847	0.001	0.023
0.628	0.001	0.230	0.141
0.001	0.824	0.001	0.174
0.302	0.001	0.544	0.153
0.229	0.001	0.001	0.769
0.001	0.098	0.860	0.041
0.267	0.296	0.436	0.001
0.001	0.480	0.295	0.224
>AGCACGTG	6-AGCACGTG	7.566747	-25.267458	0	T:174.0(4.42%),B:3926.8(2.53%),P:1e-10	Tpos:22.6,Tstd:13.2,Bpos:2732.3,Bstd:7625.2,StrandBias:-0.1,Multiplicity:1.02
0.430	0.186	0.243	0.141
0.109	0.239	0.547	0.105
0.051	0.947	0.001	0.001
0.675	0.001	0.218	0.106
0.001	0.834	0.001	0.164
0.310	0.001	0.688	0.001
0.105	0.133	0.001	0.761
0.001	0.001	0.997	0.001
>CACGTGSV	7-CACGTGSV	6.383963	-5.182982	0	T:673.0(17.10%),B:24154.3(15.58%),P:1e-2	Tpos:19.4,Tstd:14.5,Bpos:2104.6,Bstd:8128.6,StrandBias:-0.2,Multiplicity:1.00
0.001	0.997	0.001	0.001
0.766	0.001	0.109	0.124
0.001	0.725	0.001	0.273
0.170	0.001	0.828	0.001
0.113	0.220	0.001	0.666
0.068	0.001	0.863	0.068
0.159	0.344	0.404	0.093
0.257	0.221	0.349	0.173
>VCACGYGD	8-VCACGYGD	6.455342	-2.990953	0	T:66.0(1.68%),B:2093.0(1.35%),P:1e-1	Tpos:20.0,Tstd:8.1,Bpos:353.3,Bstd:1338.9,StrandBias:-1.0,Multiplicity:1.00
0.238	0.385	0.304	0.073
0.001	0.997	0.001	0.001
0.954	0.001	0.001	0.044
0.070	0.546	0.001	0.383
0.001	0.001	0.806	0.192
0.191	0.398	0.001	0.410
0.179	0.234	0.409	0.178
0.330	0.001	0.299	0.370
>CCTCGTGG	9-CCTCGTGG	10.729432	-2.921894	0	T:60.0(1.52%),B:1890.1(1.22%),P:1e-1	Tpos:23.5,Tstd:12.3,Bpos:573.4,Bstd:2317.5,StrandBias:0.1,Multiplicity:1.00
0.005	0.964	0.001	0.030
0.008	0.990	0.001	0.001
0.001	0.001	0.001	0.997
0.003	0.995	0.001	0.001
0.019	0.001	0.979	0.001
0.016	0.001	0.001	0.982
0.001	0.001	0.992	0.006
0.034	0.001	0.772	0.193
>BCACGTGY	10-BCACGTGY	7.447715	-0.161380	0	T:67.0(1.70%),B:2975.0(1.92%),P:1e0	Tpos:26.7,Tstd:12.2,Bpos:1588.8,Bstd:4302.8,StrandBias:0.0,Multiplicity:1.00
0.054	0.233	0.353	0.360
0.364	0.527	0.042	0.067
0.733	0.001	0.192	0.074
0.001	0.997	0.001	0.001
0.240	0.001	0.758	0.001
0.001	0.086	0.001	0.912
0.001	0.001	0.997	0.001
0.118	0.397	0.211	0.274
>AACCGGAA	11-AACCGGAA	8.690731	-0.082665	0	T:12.0(0.30%),B:677.1(0.44%),P:1e0	Tpos:27.4,Tstd:16.3,Bpos:899.6,Bstd:3469.2,StrandBias:-0.3,Multiplicity:1.00
0.666	0.085	0.176	0.073
0.591	0.114	0.212	0.083
0.097	0.560	0.303	0.040
0.132	0.777	0.052	0.039
0.036	0.055	0.878	0.031
0.091	0.043	0.850	0.016
0.868	0.023	0.049	0.060
0.818	0.029	0.065	0.088
>GGAAGTGA	12-GGAAGTGA	10.587568	-0.024051	0	T:42.0(1.07%),B:2200.0(1.42%),P:1e0	Tpos:28.1,Tstd:12.8,Bpos:2097.0,Bstd:4461.4,StrandBias:0.1,Multiplicity:1.00
0.001	0.001	0.997	0.001
0.001	0.001	0.997	0.001
0.997	0.001	0.001	0.001
0.997	0.001	0.001	0.001
0.095	0.001	0.903	0.001
0.001	0.001	0.001	0.997
0.001	0.001	0.997	0.001
0.682	0.001	0.246	0.071
>TTCCGSYY	13-TTCCGSYY	7.765526	-0.008617	0	T:16.0(0.41%),B:1069.7(0.69%),P:1e0	Tpos:29.4,Tstd:9.2,Bpos:569.3,Bstd:2357.9,StrandBias:-0.6,Multiplicity:1.00
0.024	0.001	0.001	0.974
0.007	0.045	0.001	0.947
0.010	0.830	0.047	0.113
0.001	0.964	0.001	0.034
0.029	0.117	0.685	0.169
0.001	0.473	0.396	0.130
0.142	0.308	0.172	0.379
0.146	0.331	0.126	0.397
>CCATGAGA	14-CCATGAGA	10.482151	-0.006896	0	T:7.0(0.18%),B:600.2(0.39%),P:1e0	Tpos:22.4,Tstd:11.9,Bpos:3882.9,Bstd:7005.8,StrandBias:10.0,Multiplicity:1.00
0.167	0.831	0.001	0.001
0.001	0.997	0.001	0.001
0.997	0.001	0.001	0.001
0.001	0.177	0.001	0.821
0.001	0.001	0.997	0.001
0.992	0.001	0.001	0.006
0.001	0.001	0.997	0.001
0.814	0.001	0.184	0.001
>ACTTCCGS	15-ACTTCCGS	8.572394	-0.005100	0	T:56.0(1.42%),B:3037.9(1.96%),P:1e0	Tpos:26.2,Tstd:12.3,Bpos:340.5,Bstd:967.7,StrandBias:-0.2,Multiplicity:1.02
0.546	0.123	0.133	0.198
0.072	0.589	0.110	0.229
0.130	0.015	0.017	0.838
0.030	0.027	0.018	0.925
0.035	0.910	0.047	0.008
0.020	0.965	0.013	0.002
0.036	0.073	0.725	0.166
0.005	0.409	0.508	0.078
>ARATGGCG	16-ARATGGCG	9.976277	-0.004966	0	T:13.0(0.33%),B:955.5(0.62%),P:1e0	Tpos:29.2,Tstd:12.0,Bpos:703.2,Bstd:2645.8,StrandBias:0.7,Multiplicity:1.00
0.997	0.001	0.001	0.001
0.510	0.121	0.368	0.001
0.997	0.001	0.001	0.001
0.001	0.001	0.001	0.997
0.001	0.035	0.963	0.001
0.144	0.033	0.822	0.001
0.001	0.972	0.026	0.001
0.026	0.046	0.844	0.084
>CCGCGTGC	17-CCGCGTGC	8.508884	-0.001451	0	T:120.0(3.05%),B:6102.5(3.94%),P:1e0	Tpos:26.6,Tstd:12.1,Bpos:285.3,Bstd:973.2,StrandBias:0.2,Multiplicity:1.02
0.207	0.650	0.099	0.044
0.018	0.794	0.187	0.001
0.001	0.001	0.739	0.259
0.001	0.987	0.001	0.011
0.115	0.001	0.883	0.001
0.001	0.001	0.001	0.997
0.001	0.001	0.997	0.001
0.029	0.641	0.101	0.229
>AAGATGGC	18-AAGATGGC	10.578272	-0.000040	0	T:45.0(1.14%),B:3013.1(1.94%),P:1e0	Tpos:23.6,Tstd:13.4,Bpos:1053.1,Bstd:3881.5,StrandBias:0.3,Multiplicity:1.02
0.978	0.001	0.001	0.020
0.997	0.001	0.001	0.001
0.209	0.129	0.661	0.001
0.997	0.001	0.001	0.001
0.001	0.001	0.001	0.997
0.001	0.001	0.997	0.001
0.001	0.001	0.997	0.001
0.001	0.941	0.057	0.001
>RCGTGSSK	19-RCGTGSSK	7.411415	-0.000024	0	T:36.0(0.91%),B:2592.3(1.67%),P:1e0	Tpos:26.2,Tstd:13.1,Bpos:329.0,Bstd:1300.1,StrandBias:-0.4,Multiplicity:1.07
0.436	0.001	0.562	0.001
0.026	0.972	0.001	0.001
0.126	0.001	0.872	0.001
0.001	0.001	0.001	0.997
0.001	0.001	0.997	0.001
0.109	0.412	0.282	0.196
0.161	0.309	0.430	0.100
0.192	0.160	0.259	0.388
>DYTTCCGS	20-DYTTCCGS	7.261507	-0.000023	0	T:17.0(0.43%),B:1552.0(1.00%),P:1e0	Tpos:26.3,Tstd:7.7,Bpos:567.0,Bstd:2498.0,StrandBias:-0.4,Multiplicity:1.00
0.268	0.128	0.269	0.335
0.074	0.400	0.142	0.384
0.216	0.001	0.001	0.782
0.025	0.001	0.001	0.973
0.048	0.710	0.182	0.060
0.044	0.920	0.001	0.035
0.001	0.073	0.711	0.215
0.019	0.371	0.459	0.152
>RTGACGMM	21-RTGACGMM	7.046776	-0.000012	0	T:3.0(0.08%),B:649.9(0.42%),P:1e0	Tpos:25.7,Tstd:11.8,Bpos:652.5,Bstd:2596.3,StrandBias:-10.0,Multiplicity:1.00
0.430	0.004	0.405	0.162
0.053	0.032	0.001	0.914
0.118	0.143	0.640	0.099
0.555	0.007	0.353	0.085
0.001	0.907	0.040	0.052
0.001	0.001	0.853	0.145
0.290	0.382	0.130	0.199
0.374	0.425	0.136	0.065
>CGGAAGWR	22-CGGAAGWR	8.530380	-0.000002	0	T:84.0(2.13%),B:5222.6(3.37%),P:1e0	Tpos:25.4,Tstd:15.1,Bpos:434.4,Bstd:1802.2,StrandBias:0.6,Multiplicity:1.02
0.032	0.965	0.002	0.001
0.001	0.001	0.997	0.001
0.039	0.001	0.959	0.001
0.970	0.001	0.001	0.028
0.825	0.001	0.001	0.173
0.200	0.114	0.663	0.023
0.348	0.190	0.133	0.329
0.375	0.117	0.480	0.027
>RCACGCGS	23-RCACGCGS	5.613774	-0.000000	0	T:1181.0(30.01%),B:53636.6(34.61%),P:1e0	Tpos:25.1,Tstd:12.0,Bpos:595.6,Bstd:2367.6,StrandBias:-0.0,Multiplicity:1.08
0.398	0.128	0.418	0.056
0.171	0.821	0.001	0.007
0.997	0.001	0.001	0.001
0.001	0.616	0.001	0.382
0.177	0.001	0.813	0.009
0.075	0.608	0.001	0.316
0.040	0.001	0.794	0.165
0.073	0.435	0.410	0.083
>GNAGCGTG	24-GNAGCGTG	7.574661	-0.000000	0	T:36.0(0.91%),B:3601.9(2.32%),P:1e0	Tpos:26.9,Tstd:13.4,Bpos:554.3,Bstd:2441.4,StrandBias:0.3,Multiplicity:1.00
0.344	0.076	0.579	0.001
0.221	0.315	0.226	0.238
0.499	0.296	0.204	0.001
0.270	0.001	0.728	0.001
0.001	0.997	0.001	0.001
0.291	0.001	0.707	0.001
0.001	0.001	0.001	0.997
0.001	0.001	0.845	0.153
>CCACGYTG	25-CCACGYTG	8.760107	-0.000000	0	T:30.0(0.76%),B:3444.5(2.22%),P:1e0	Tpos:25.6,Tstd:13.6,Bpos:637.3,Bstd:2699.5,StrandBias:-0.2,Multiplicity:1.00
0.322	0.636	0.041	0.001
0.001	0.997	0.001	0.001
0.997	0.001	0.001	0.001
0.001	0.877	0.001	0.121
0.001	0.001	0.997	0.001
0.062	0.524	0.001	0.413
0.001	0.333	0.161	0.505
0.068	0.001	0.665	0.266
