>VSCACGTGSNBN	1-VSCACGTGSNBN	8.142970	-57.715518	0	T:253.0(6.43%),B:4779.7(3.08%),P:1e-25	Tpos:26.2,Tstd:11.1,Bpos:408.9,Bstd:1245.2,StrandBias:0.4,Multiplicity:1.00
0.351	0.233	0.264	0.153
0.174	0.449	0.334	0.043
0.001	0.997	0.001	0.001
0.758	0.001	0.240	0.001
0.001	0.846	0.001	0.152
0.211	0.001	0.787	0.001
0.027	0.275	0.013	0.685
0.001	0.001	0.997	0.001
0.001	0.393	0.391	0.215
0.191	0.246	0.292	0.270
0.161	0.366	0.222	0.252
0.199	0.269	0.293	0.238
>NVVSCACGTGSB	2-NVVSCACGTGSB	7.915255	-52.454514	0	T:160.0(4.07%),B:2533.1(1.63%),P:1e-22	Tpos:23.8,Tstd:11.6,Bpos:1058.5,Bstd:3206.9,StrandBias:0.0,Multiplicity:1.00
0.173	0.299	0.294	0.234
0.242	0.230	0.341	0.188
0.305	0.221	0.341	0.133
0.134	0.355	0.352	0.159
0.001	0.997	0.001	0.001
0.646	0.016	0.259	0.079
0.001	0.781	0.001	0.217
0.172	0.009	0.818	0.001
0.089	0.257	0.044	0.610
0.009	0.022	0.968	0.001
0.112	0.323	0.385	0.180
0.140	0.305	0.239	0.315
>CBGVCCACGTGC	3-CBGVCCACGTGC	9.098306	-48.573790	0	T:237.0(6.02%),B:4686.5(3.02%),P:1e-21	Tpos:23.9,Tstd:12.4,Bpos:980.4,Bstd:3582.3,StrandBias:0.2,Multiplicity:1.00
0.129	0.503	0.313	0.055
0.145	0.369	0.264	0.223
0.076	0.227	0.497	0.200
0.305	0.314	0.354	0.027
0.060	0.581	0.358	0.001
0.001	0.997	0.001	0.001
0.894	0.001	0.085	0.020
0.001	0.635	0.015	0.349
0.026	0.001	0.972	0.001
0.046	0.086	0.001	0.867
0.001	0.001	0.997	0.001
0.068	0.508	0.275	0.149
>NNVSCACGTGGB	4-NNVSCACGTGGB	8.336582	-45.640780	0	T:170.0(4.32%),B:2986.4(1.93%),P:1e-19	Tpos:24.1,Tstd:10.7,Bpos:693.6,Bstd:3376.7,StrandBias:-0.6,Multiplicity:1.00
0.249	0.283	0.305	0.163
0.301	0.229	0.291	0.178
0.297	0.193	0.332	0.177
0.192	0.422	0.328	0.058
0.001	0.997	0.001	0.001
0.659	0.001	0.257	0.083
0.001	0.743	0.001	0.255
0.077	0.001	0.921	0.001
0.074	0.312	0.001	0.613
0.001	0.001	0.967	0.031
0.001	0.419	0.579	0.001
0.152	0.300	0.223	0.326
>NSCACGTGGBSS	5-NSCACGTGGBSS	9.275896	-44.735502	0	T:153.0(3.89%),B:2578.4(1.66%),P:1e-19	Tpos:25.7,Tstd:10.7,Bpos:338.9,Bstd:1081.3,StrandBias:-0.0,Multiplicity:1.01
0.281	0.276	0.252	0.190
0.188	0.466	0.345	0.001
0.001	0.997	0.001	0.001
0.982	0.001	0.001	0.016
0.001	0.858	0.001	0.140
0.038	0.001	0.960	0.001
0.010	0.274	0.001	0.715
0.001	0.001	0.990	0.008
0.009	0.341	0.494	0.156
0.142	0.307	0.293	0.258
0.157	0.396	0.251	0.197
0.174	0.308	0.337	0.182
>SSCACGTGGNSS	6-SSCACGTGGNSS	9.077527	-18.377435	0	T:89.0(2.26%),B:1792.8(1.16%),P:1e-7	Tpos:25.0,Tstd:7.0,Bpos:206.4,Bstd:321.8,StrandBias:0.0,Multiplicity:1.00
0.189	0.340	0.295	0.176
0.171	0.412	0.416	0.001
0.001	0.997	0.001	0.001
0.950	0.001	0.048	0.001
0.001	0.938	0.001	0.060
0.278	0.001	0.720	0.001
0.155	0.280	0.025	0.540
0.001	0.001	0.997	0.001
0.029	0.313	0.524	0.134
0.228	0.299	0.295	0.178
0.141	0.379	0.255	0.226
0.182	0.348	0.293	0.177
>NGVSCACGTGBB	7-NGVSCACGTGBB	8.250698	-18.018133	0	T:124.0(3.15%),B:2821.9(1.82%),P:1e-7	Tpos:24.0,Tstd:10.3,Bpos:291.3,Bstd:1186.2,StrandBias:-1.8,Multiplicity:1.00
0.178	0.322	0.275	0.225
0.196	0.219	0.414	0.171
0.260	0.306	0.291	0.142
0.115	0.472	0.412	0.001
0.001	0.997	0.001	0.001
0.568	0.001	0.317	0.114
0.001	0.856	0.004	0.139
0.252	0.001	0.746	0.001
0.111	0.308	0.031	0.550
0.001	0.001	0.997	0.001
0.112	0.300	0.363	0.225
0.108	0.308	0.337	0.247
>NSCACGTGSNNS	8-NSCACGTGSNNS	7.993462	-16.496755	0	T:60.0(1.52%),B:1077.2(0.70%),P:1e-7	Tpos:10.0,Tstd:4.0,Bpos:232.9,Bstd:1027.1,StrandBias:-10.0,Multiplicity:1.00
0.297	0.217	0.301	0.184
0.182	0.414	0.317	0.088
0.047	0.932	0.010	0.011
0.524	0.024	0.358	0.094
0.013	0.811	0.009	0.167
0.235	0.013	0.750	0.002
0.103	0.275	0.012	0.610
0.004	0.027	0.940	0.029
0.124	0.365	0.378	0.133
0.175	0.301	0.254	0.270
0.233	0.256	0.282	0.229
0.162	0.293	0.385	0.161
>TCTTCCGCCATC	9-TCTTCCGCCATC	13.410813	-12.767994	0	T:10.0(0.25%),B:52.5(0.03%),P:1e-5	Tpos:27.7,Tstd:9.4,Bpos:841.2,Bstd:1227.7,StrandBias:-0.8,Multiplicity:1.10
0.088	0.001	0.103	0.808
0.001	0.997	0.001	0.001
0.094	0.057	0.001	0.848
0.001	0.001	0.001	0.997
0.001	0.880	0.001	0.118
0.103	0.895	0.001	0.001
0.001	0.001	0.997	0.001
0.001	0.997	0.001	0.001
0.001	0.997	0.001	0.001
0.802	0.001	0.103	0.094
0.001	0.001	0.139	0.859
0.001	0.997	0.001	0.001
>SCACGTGYGSNN	10-SCACGTGYGSNN	8.333855	-11.449283	0	T:28.0(0.71%),B:421.1(0.27%),P:1e-4	Tpos:21.3,Tstd:15.3,Bpos:598.4,Bstd:1523.6,StrandBias:-1.0,Multiplicity:1.00
0.231	0.342	0.381	0.045
0.001	0.993	0.001	0.005
0.603	0.001	0.395	0.001
0.001	0.721	0.001	0.277
0.356	0.001	0.642	0.001
0.001	0.417	0.001	0.581
0.001	0.001	0.997	0.001
0.232	0.349	0.001	0.419
0.154	0.238	0.438	0.170
0.194	0.366	0.273	0.167
0.168	0.315	0.264	0.253
0.247	0.257	0.280	0.216
>NSNRVVCACGTG	11-NSNRVVCACGTG	7.867327	-11.139426	0	T:102.0(2.59%),B:2558.4(1.65%),P:1e-4	Tpos:24.6,Tstd:11.2,Bpos:441.7,Bstd:2721.0,StrandBias:-0.3,Multiplicity:1.00
0.279	0.247	0.291	0.182
0.176	0.271	0.384	0.169
0.203	0.304	0.304	0.188
0.224	0.208	0.369	0.199
0.252	0.378	0.263	0.107
0.212	0.329	0.301	0.159
0.001	0.997	0.001	0.001
0.654	0.001	0.340	0.005
0.001	0.596	0.001	0.402
0.285	0.001	0.713	0.001
0.043	0.286	0.001	0.670
0.001	0.001	0.997	0.001
>VVCRCGTGCBNV	12-VVCRCGTGCBNV	8.518112	-10.701279	0	T:26.0(0.66%),B:392.3(0.25%),P:1e-4	Tpos:24.0,Tstd:0.0,Bpos:96.1,Bstd:117.5,StrandBias:-10.0,Multiplicity:1.00
0.293	0.319	0.262	0.126
0.201	0.348	0.301	0.150
0.001	0.997	0.001	0.001
0.490	0.001	0.365	0.144
0.001	0.997	0.001	0.001
0.001	0.067	0.931	0.001
0.134	0.344	0.001	0.521
0.001	0.001	0.997	0.001
0.191	0.389	0.226	0.194
0.126	0.313	0.237	0.324
0.220	0.332	0.209	0.239
0.311	0.322	0.366	0.001
>GCCTCCACGTGG	13-GCCTCCACGTGG	9.950393	-10.172279	0	T:91.0(2.31%),B:2278.3(1.47%),P:1e-4	Tpos:26.0,Tstd:11.9,Bpos:359.8,Bstd:1356.0,StrandBias:0.4,Multiplicity:1.00
0.120	0.144	0.669	0.067
0.103	0.740	0.079	0.078
0.059	0.756	0.147	0.038
0.064	0.098	0.135	0.703
0.042	0.773	0.139	0.046
0.001	0.997	0.001	0.001
0.884	0.008	0.060	0.048
0.001	0.926	0.011	0.062
0.019	0.001	0.979	0.001
0.072	0.151	0.001	0.776
0.001	0.011	0.987	0.001
0.081	0.101	0.661	0.157
>BSCCCACGTGGC	14-BSCCCACGTGGC	10.078893	-7.079349	0	T:27.0(0.69%),B:528.3(0.34%),P:1e-3	Tpos:23.3,Tstd:12.7,Bpos:9505.1,Bstd:7858.1,StrandBias:1.0,Multiplicity:1.00
0.058	0.313	0.258	0.371
0.003	0.462	0.434	0.101
0.137	0.491	0.288	0.084
0.141	0.520	0.197	0.142
0.061	0.935	0.003	0.001
0.667	0.004	0.221	0.108
0.001	0.822	0.033	0.144
0.131	0.001	0.867	0.001
0.082	0.084	0.091	0.743
0.018	0.001	0.978	0.003
0.165	0.225	0.410	0.200
0.085	0.535	0.252	0.128
>VCRCGTGSBCHS	15-VCRCGTGSBCHS	9.249056	-6.171524	0	T:12.0(0.30%),B:171.0(0.11%),P:1e-2	Tpos:16.7,Tstd:6.8,Bpos:323.2,Bstd:331.3,StrandBias:-10.0,Multiplicity:1.00
0.284	0.352	0.252	0.112
0.001	0.997	0.001	0.001
0.533	0.001	0.465	0.001
0.001	0.997	0.001	0.001
0.115	0.001	0.883	0.001
0.001	0.422	0.001	0.576
0.001	0.001	0.997	0.001
0.001	0.344	0.448	0.207
0.144	0.255	0.284	0.317
0.098	0.455	0.265	0.182
0.228	0.355	0.189	0.229
0.128	0.341	0.354	0.178
>SCACGTGSSNNN	16-SCACGTGSSNNN	8.105529	-5.823678	0	T:17.0(0.43%),B:303.5(0.20%),P:1e-2	Tpos:29.0,Tstd:10.0,Bpos:163.9,Bstd:17.4,StrandBias:0.0,Multiplicity:1.00
0.186	0.331	0.340	0.144
0.001	0.997	0.001	0.001
0.602	0.001	0.294	0.103
0.001	0.664	0.007	0.328
0.245	0.003	0.751	0.001
0.126	0.287	0.001	0.586
0.001	0.001	0.997	0.001
0.119	0.279	0.395	0.207
0.200	0.356	0.257	0.187
0.220	0.288	0.287	0.204
0.268	0.288	0.270	0.174
0.232	0.251	0.306	0.211
>SGCCACGAGGSC	17-SGCCACGAGGSC	11.690025	-3.106065	0	T:28.0(0.71%),B:771.8(0.50%),P:1e-1	Tpos:25.9,Tstd:10.7,Bpos:422.2,Bstd:947.4,StrandBias:-0.1,Multiplicity:1.00
0.001	0.344	0.452	0.204
0.001	0.301	0.600	0.098
0.001	0.740	0.258	0.001
0.001	0.997	0.001	0.001
0.889	0.024	0.029	0.058
0.001	0.896	0.008	0.095
0.001	0.001	0.997	0.001
0.612	0.386	0.001	0.001
0.001	0.001	0.997	0.001
0.001	0.038	0.960	0.001
0.162	0.411	0.271	0.157
0.186	0.605	0.144	0.065
>BNCCDCGTGYKR	18-BNCCDCGTGYKR	9.759485	-2.975894	0	T:11.0(0.28%),B:241.4(0.16%),P:1e-1	Tpos:22.0,Tstd:10.0,Bpos:342.5,Bstd:744.0,StrandBias:-0.8,Multiplicity:1.00
0.149	0.277	0.347	0.227
0.154	0.293	0.260	0.293
0.001	0.610	0.388	0.001
0.001	0.997	0.001	0.001
0.258	0.001	0.375	0.365
0.001	0.997	0.001	0.001
0.001	0.001	0.997	0.001
0.001	0.001	0.001	0.997
0.001	0.001	0.997	0.001
0.001	0.363	0.241	0.395
0.125	0.230	0.394	0.251
0.355	0.166	0.388	0.092
>CSBGVMCACGYG	19-CSBGVMCACGYG	10.507447	-1.697208	0	T:10.0(0.25%),B:279.7(0.18%),P:1e0	Tpos:21.0,Tstd:9.0,Bpos:187.5,Bstd:735.2,StrandBias:0.0,Multiplicity:1.00
0.001	0.764	0.234	0.001
0.001	0.410	0.553	0.036
0.053	0.309	0.392	0.246
0.116	0.273	0.523	0.088
0.287	0.348	0.331	0.034
0.240	0.358	0.203	0.199
0.001	0.909	0.089	0.001
0.647	0.001	0.351	0.001
0.001	0.972	0.026	0.001
0.001	0.001	0.997	0.001
0.111	0.454	0.001	0.434
0.001	0.051	0.947	0.001
>AAAGATGGCGGC	20-AAAGATGGCGGC	14.365577	-1.198690	0	T:4.0(0.10%),B:108.1(0.07%),P:1e0	Tpos:32.2,Tstd:6.6,Bpos:345.1,Bstd:1406.3,StrandBias:-1.6,Multiplicity:1.00
0.631	0.149	0.111	0.109
0.885	0.001	0.065	0.049
0.859	0.028	0.086	0.027
0.040	0.124	0.786	0.050
0.904	0.056	0.017	0.023
0.091	0.037	0.103	0.769
0.037	0.031	0.931	0.001
0.001	0.001	0.997	0.001
0.037	0.878	0.084	0.001
0.001	0.178	0.710	0.111
0.046	0.032	0.879	0.043
0.131	0.775	0.038	0.056
>GCGCGCGCACGC	21-GCGCGCGCACGC	12.386731	-1.054095	0	T:16.0(0.41%),B:557.5(0.36%),P:1e0	Tpos:20.5,Tstd:10.0,Bpos:242.4,Bstd:472.5,StrandBias:1.3,Multiplicity:1.08
0.069	0.100	0.779	0.052
0.097	0.786	0.047	0.070
0.110	0.069	0.820	0.001
0.034	0.855	0.091	0.020
0.043	0.056	0.900	0.001
0.071	0.805	0.088	0.036
0.077	0.065	0.806	0.052
0.046	0.890	0.039	0.025
0.829	0.027	0.046	0.098
0.029	0.876	0.019	0.076
0.030	0.061	0.853	0.056
0.089	0.805	0.012	0.094
>CRCGYGSBSSSN	22-CRCGYGSBSSSN	8.598715	-0.910722	0	T:43.0(1.09%),B:1616.6(1.04%),P:1e0	Tpos:23.3,Tstd:8.7,Bpos:289.2,Bstd:931.0,StrandBias:-0.6,Multiplicity:1.00
0.001	0.997	0.001	0.001
0.573	0.001	0.425	0.001
0.001	0.897	0.001	0.101
0.230	0.001	0.768	0.001
0.001	0.442	0.001	0.556
0.001	0.001	0.997	0.001
0.122	0.377	0.278	0.222
0.085	0.284	0.362	0.269
0.223	0.375	0.231	0.172
0.205	0.379	0.263	0.153
0.163	0.379	0.360	0.099
0.218	0.307	0.267	0.208
>GVGCAYGYGCHS	23-GVGCAYGYGCHS	9.376468	-0.684116	0	T:1.0(0.03%),B:27.2(0.02%),P:1e0	Tpos:25.0,Tstd:0.0,Bpos:417.5,Bstd:1114.6,StrandBias:10.0,Multiplicity:1.00
0.234	0.288	0.477	0.001
0.379	0.355	0.265	0.001
0.279	0.283	0.437	0.001
0.001	0.997	0.001	0.001
0.522	0.091	0.298	0.089
0.051	0.446	0.052	0.451
0.001	0.001	0.997	0.001
0.001	0.550	0.001	0.448
0.010	0.001	0.988	0.001
0.001	0.594	0.344	0.061
0.312	0.267	0.147	0.274
0.195	0.378	0.248	0.178
>CVCTTCCKSBYY	24-CVCTTCCKSBYY	10.074169	-0.308626	0	T:6.0(0.15%),B:287.7(0.19%),P:1e0	Tpos:21.0,Tstd:12.2,Bpos:566.9,Bstd:2007.9,StrandBias:10.0,Multiplicity:1.00
0.120	0.459	0.235	0.187
0.331	0.203	0.290	0.175
0.001	0.908	0.061	0.030
0.001	0.001	0.001	0.997
0.001	0.001	0.001	0.997
0.001	0.997	0.001	0.001
0.001	0.997	0.001	0.001
0.001	0.180	0.472	0.347
0.001	0.470	0.419	0.110
0.038	0.366	0.227	0.369
0.001	0.378	0.219	0.402
0.163	0.338	0.169	0.329
>BCVCTTCCGSYY	25-BCVCTTCCGSYY	9.722770	-0.014952	0	T:12.0(0.30%),B:819.7(0.53%),P:1e0	Tpos:25.3,Tstd:11.7,Bpos:295.9,Bstd:703.6,StrandBias:-0.5,Multiplicity:1.00
0.032	0.400	0.309	0.259
0.143	0.460	0.276	0.121
0.376	0.346	0.234	0.045
0.001	0.724	0.201	0.074
0.101	0.007	0.001	0.891
0.071	0.001	0.013	0.915
0.001	0.868	0.001	0.130
0.001	0.997	0.001	0.001
0.001	0.202	0.478	0.319
0.006	0.557	0.409	0.028
0.123	0.404	0.092	0.381
0.093	0.378	0.184	0.345
