>DVSCACGTGB	1-DVSCACGTGB	7.360245	-84.063338	0	T:367.0(9.32%),B:6934.2(4.47%),P:1e-36	Tpos:25.2,Tstd:11.3,Bpos:650.5,Bstd:2605.2,StrandBias:-0.1,Multiplicity:1.01
0.218	0.178	0.335	0.269
0.267	0.229	0.339	0.166
0.190	0.412	0.319	0.079
0.030	0.968	0.001	0.001
0.746	0.001	0.153	0.100
0.001	0.738	0.001	0.260
0.228	0.001	0.770	0.001
0.108	0.228	0.001	0.663
0.001	0.001	0.977	0.021
0.066	0.302	0.387	0.245
>VVSCACGTGS	2-VVSCACGTGS	7.523395	-72.064332	0	T:309.0(7.85%),B:5783.7(3.73%),P:1e-31	Tpos:19.8,Tstd:12.2,Bpos:1222.7,Bstd:3969.3,StrandBias:0.0,Multiplicity:1.20
0.204	0.264	0.350	0.183
0.286	0.225	0.336	0.153
0.155	0.418	0.288	0.139
0.100	0.898	0.001	0.001
0.665	0.001	0.224	0.110
0.001	0.849	0.001	0.149
0.257	0.001	0.741	0.001
0.136	0.123	0.001	0.740
0.001	0.001	0.987	0.011
0.117	0.310	0.381	0.193
>NNSCACGTGB	3-NNSCACGTGB	7.465696	-68.974074	0	T:339.0(8.61%),B:6726.6(4.34%),P:1e-29	Tpos:25.6,Tstd:11.5,Bpos:495.9,Bstd:2662.0,StrandBias:-1.2,Multiplicity:1.00
0.235	0.218	0.332	0.215
0.252	0.282	0.308	0.159
0.180	0.406	0.296	0.118
0.023	0.969	0.007	0.001
0.604	0.001	0.261	0.134
0.001	0.750	0.001	0.248
0.248	0.001	0.750	0.001
0.111	0.001	0.001	0.887
0.001	0.001	0.997	0.001
0.150	0.319	0.309	0.222
>VCCAYGYGSY	4-VCCAYGYGSY	7.619416	-37.400875	0	T:330.0(8.38%),B:7991.8(5.16%),P:1e-16	Tpos:24.7,Tstd:12.0,Bpos:827.1,Bstd:3488.1,StrandBias:0.2,Multiplicity:1.00
0.241	0.302	0.367	0.091
0.198	0.404	0.250	0.148
0.041	0.957	0.001	0.001
0.992	0.001	0.006	0.001
0.002	0.531	0.001	0.466
0.001	0.001	0.922	0.076
0.216	0.330	0.002	0.453
0.001	0.001	0.997	0.001
0.172	0.275	0.416	0.137
0.171	0.353	0.160	0.316
>SCRCGTGCKB	5-SCRCGTGCKB	7.911331	-31.018066	0	T:154.0(3.91%),B:3083.2(1.99%),P:1e-13	Tpos:26.0,Tstd:10.8,Bpos:343.4,Bstd:1130.4,StrandBias:-0.5,Multiplicity:1.00
0.176	0.403	0.420	0.001
0.001	0.978	0.001	0.020
0.521	0.001	0.387	0.091
0.001	0.648	0.001	0.350
0.172	0.001	0.826	0.001
0.001	0.329	0.001	0.669
0.001	0.001	0.997	0.001
0.020	0.452	0.274	0.254
0.132	0.184	0.293	0.392
0.107	0.342	0.229	0.323
>CACGTGSSBN	6-CACGTGSSBN	7.490964	-13.853285	0	T:123.0(3.12%),B:3035.2(1.96%),P:1e-6	Tpos:23.6,Tstd:13.0,Bpos:443.5,Bstd:1778.6,StrandBias:-0.7,Multiplicity:1.00
0.120	0.794	0.005	0.081
0.565	0.004	0.368	0.063
0.041	0.772	0.036	0.151
0.314	0.035	0.606	0.045
0.106	0.112	0.053	0.729
0.030	0.052	0.848	0.070
0.057	0.384	0.361	0.198
0.060	0.331	0.396	0.213
0.110	0.353	0.330	0.207
0.191	0.263	0.314	0.233
>THNCACGTGV	7-THNCACGTGV	8.577725	-10.963029	0	T:52.0(1.32%),B:1067.0(0.69%),P:1e-4	Tpos:28.8,Tstd:9.5,Bpos:1247.0,Bstd:3684.6,StrandBias:-1.0,Multiplicity:1.00
0.081	0.139	0.094	0.686
0.298	0.316	0.128	0.259
0.206	0.308	0.288	0.198
0.001	0.997	0.001	0.001
0.997	0.001	0.001	0.001
0.001	0.633	0.001	0.365
0.001	0.001	0.997	0.001
0.047	0.365	0.001	0.587
0.001	0.001	0.997	0.001
0.311	0.311	0.309	0.069
>SCACGTGGCS	8-SCACGTGGCS	8.689670	-10.611363	0	T:89.0(2.26%),B:2187.6(1.41%),P:1e-4	Tpos:21.7,Tstd:11.3,Bpos:266.6,Bstd:892.3,StrandBias:1.4,Multiplicity:1.00
0.093	0.454	0.354	0.099
0.001	0.997	0.001	0.001
0.623	0.001	0.375	0.001
0.001	0.740	0.001	0.258
0.178	0.001	0.820	0.001
0.138	0.351	0.001	0.510
0.001	0.001	0.997	0.001
0.108	0.362	0.529	0.001
0.126	0.468	0.255	0.150
0.120	0.323	0.437	0.119
>VCAYGYGSNN	9-VCAYGYGSNN	6.061598	-2.586365	0	T:24.0(0.61%),B:680.0(0.44%),P:1e-1	Tpos:22.1,Tstd:14.2,Bpos:1415.8,Bstd:4537.0,StrandBias:0.1,Multiplicity:1.00
0.245	0.269	0.320	0.165
0.071	0.789	0.079	0.061
0.523	0.038	0.324	0.115
0.053	0.419	0.044	0.484
0.109	0.124	0.722	0.045
0.081	0.306	0.184	0.430
0.011	0.183	0.661	0.145
0.117	0.427	0.314	0.142
0.183	0.260	0.256	0.302
0.230	0.257	0.316	0.198
>CRCGTGNNNN	10-CRCGTGNNNN	6.795798	-2.149074	0	T:5.0(0.13%),B:99.5(0.06%),P:1e0	Tpos:21.0,Tstd:3.7,Bpos:1080.5,Bstd:2056.7,StrandBias:0.0,Multiplicity:1.00
0.001	0.997	0.001	0.001
0.571	0.001	0.427	0.001
0.001	0.593	0.001	0.405
0.347	0.001	0.651	0.001
0.001	0.416	0.001	0.582
0.001	0.001	0.997	0.001
0.178	0.272	0.260	0.291
0.208	0.234	0.268	0.291
0.256	0.229	0.234	0.280
0.201	0.295	0.282	0.222
>VSCRCRYGBG	11-VSCRCRYGBG	8.126698	-1.489900	0	T:4.0(0.10%),B:94.1(0.06%),P:1e0	Tpos:25.0,Tstd:6.8,Bpos:307.1,Bstd:337.3,StrandBias:0.0,Multiplicity:1.00
0.267	0.253	0.329	0.152
0.068	0.347	0.485	0.100
0.193	0.661	0.082	0.064
0.338	0.204	0.421	0.037
0.005	0.993	0.001	0.001
0.557	0.013	0.423	0.007
0.013	0.428	0.013	0.546
0.020	0.001	0.978	0.001
0.074	0.276	0.280	0.370
0.071	0.146	0.665	0.118
>VSCGCRTGYB	12-VSCGCRTGYB	7.999390	-1.287355	0	T:27.0(0.69%),B:932.4(0.60%),P:1e0	Tpos:27.5,Tstd:10.9,Bpos:258.4,Bstd:677.2,StrandBias:0.7,Multiplicity:1.00
0.284	0.238	0.319	0.159
0.049	0.484	0.385	0.082
0.168	0.617	0.139	0.076
0.266	0.001	0.546	0.187
0.001	0.953	0.003	0.043
0.426	0.001	0.572	0.001
0.003	0.221	0.001	0.775
0.001	0.001	0.997	0.001
0.085	0.398	0.233	0.284
0.107	0.272	0.366	0.254
>GSCRCGTGBS	13-GSCRCGTGBS	8.285266	-1.232050	0	T:22.0(0.56%),B:755.7(0.49%),P:1e0	Tpos:23.5,Tstd:8.9,Bpos:218.2,Bstd:999.7,StrandBias:0.0,Multiplicity:1.00
0.220	0.213	0.398	0.169
0.045	0.457	0.317	0.181
0.137	0.597	0.176	0.090
0.360	0.003	0.479	0.157
0.006	0.902	0.035	0.057
0.371	0.001	0.625	0.003
0.001	0.001	0.001	0.997
0.001	0.001	0.960	0.038
0.124	0.299	0.336	0.240
0.059	0.401	0.305	0.235
>NNVCRYGTGC	14-NNVCRYGTGC	8.050747	-1.164153	0	T:11.0(0.28%),B:359.5(0.23%),P:1e0	Tpos:13.0,Tstd:0.0,Bpos:969.2,Bstd:2759.5,StrandBias:-10.0,Multiplicity:1.00
0.221	0.313	0.218	0.247
0.285	0.239	0.219	0.256
0.287	0.328	0.384	0.001
0.001	0.997	0.001	0.001
0.565	0.001	0.433	0.001
0.001	0.563	0.001	0.435
0.404	0.001	0.594	0.001
0.001	0.001	0.027	0.971
0.001	0.001	0.997	0.001
0.041	0.533	0.345	0.081
>AASCGGAAGT	15-AASCGGAAGT	9.867066	-1.103779	0	T:36.0(0.91%),B:1303.4(0.84%),P:1e0	Tpos:28.1,Tstd:10.6,Bpos:1099.2,Bstd:3818.4,StrandBias:0.3,Multiplicity:1.00
0.817	0.034	0.077	0.072
0.579	0.227	0.152	0.042
0.096	0.520	0.383	0.001
0.238	0.671	0.067	0.024
0.001	0.015	0.983	0.001
0.048	0.033	0.918	0.001
0.982	0.016	0.001	0.001
0.987	0.001	0.011	0.001
0.024	0.196	0.779	0.001
0.046	0.247	0.081	0.626
>CCACGTGACN	16-CCACGTGACN	8.597664	-0.548256	0	T:109.0(2.77%),B:4359.5(2.81%),P:1e0	Tpos:25.4,Tstd:12.1,Bpos:602.9,Bstd:1909.2,StrandBias:0.0,Multiplicity:1.02
0.128	0.499	0.205	0.168
0.001	0.997	0.001	0.001
0.859	0.001	0.095	0.045
0.001	0.815	0.001	0.183
0.001	0.015	0.983	0.001
0.078	0.042	0.001	0.879
0.001	0.016	0.982	0.001
0.712	0.090	0.029	0.169
0.114	0.653	0.188	0.045
0.194	0.318	0.248	0.240
>CCACGYGKSH	17-CCACGYGKSH	8.067139	-0.531299	0	T:37.0(0.94%),B:1497.9(0.97%),P:1e0	Tpos:28.1,Tstd:12.1,Bpos:273.6,Bstd:577.2,StrandBias:0.7,Multiplicity:1.00
0.166	0.389	0.217	0.228
0.001	0.997	0.001	0.001
0.609	0.001	0.389	0.001
0.001	0.580	0.001	0.418
0.001	0.001	0.997	0.001
0.001	0.574	0.001	0.424
0.001	0.001	0.997	0.001
0.045	0.250	0.403	0.302
0.160	0.380	0.275	0.185
0.316	0.254	0.135	0.295
>CACGYGSSSB	18-CACGYGSSSB	8.434805	-0.506672	0	T:10.0(0.25%),B:413.8(0.27%),P:1e0	Tpos:24.7,Tstd:11.7,Bpos:343.6,Bstd:1390.6,StrandBias:1.2,Multiplicity:1.00
0.001	0.997	0.001	0.001
0.597	0.001	0.347	0.055
0.001	0.764	0.001	0.234
0.384	0.001	0.614	0.001
0.001	0.504	0.001	0.494
0.001	0.001	0.997	0.001
0.001	0.374	0.447	0.179
0.039	0.394	0.500	0.067
0.108	0.439	0.301	0.153
0.141	0.303	0.319	0.237
>GSCRCGTGBB	19-GSCRCGTGBB	8.485129	-0.462104	0	T:23.0(0.58%),B:956.4(0.62%),P:1e0	Tpos:26.3,Tstd:12.2,Bpos:286.7,Bstd:703.9,StrandBias:0.6,Multiplicity:1.00
0.173	0.223	0.422	0.182
0.123	0.395	0.391	0.091
0.145	0.853	0.001	0.001
0.417	0.001	0.370	0.212
0.001	0.997	0.001	0.001
0.378	0.001	0.620	0.001
0.001	0.001	0.001	0.997
0.001	0.001	0.997	0.001
0.001	0.383	0.323	0.293
0.104	0.373	0.271	0.252
>SCGGAAGTGV	20-SCGGAAGTGV	9.747304	-0.151944	0	T:3.0(0.08%),B:190.8(0.12%),P:1e0	Tpos:41.7,Tstd:4.7,Bpos:329.0,Bstd:467.3,StrandBias:-1.0,Multiplicity:1.00
0.090	0.437	0.458	0.016
0.200	0.727	0.054	0.019
0.005	0.001	0.993	0.001
0.001	0.001	0.997	0.001
0.991	0.007	0.001	0.001
0.893	0.008	0.011	0.088
0.194	0.134	0.657	0.015
0.195	0.201	0.117	0.486
0.174	0.196	0.526	0.104
0.333	0.298	0.241	0.128
>VSCSCACGTG	21-VSCSCACGTG	8.501224	-0.126300	0	T:64.0(1.63%),B:2897.4(1.87%),P:1e0	Tpos:25.8,Tstd:11.7,Bpos:267.8,Bstd:679.0,StrandBias:0.5,Multiplicity:1.00
0.239	0.344	0.234	0.183
0.127	0.332	0.465	0.076
0.226	0.461	0.221	0.093
0.172	0.355	0.464	0.009
0.001	0.997	0.001	0.001
0.605	0.001	0.393	0.001
0.001	0.692	0.001	0.306
0.200	0.001	0.798	0.001
0.020	0.413	0.001	0.566
0.001	0.001	0.997	0.001
>AACATGGCKG	22-AACATGGCKG	10.481667	-0.040096	0	T:1.0(0.03%),B:128.4(0.08%),P:1e0	Tpos:28.0,Tstd:0.0,Bpos:2283.4,Bstd:6118.8,StrandBias:-10.0,Multiplicity:1.00
0.540	0.298	0.161	0.001
0.608	0.038	0.315	0.039
0.247	0.649	0.103	0.001
0.748	0.001	0.250	0.001
0.033	0.001	0.001	0.965
0.001	0.024	0.974	0.001
0.001	0.001	0.997	0.001
0.001	0.997	0.001	0.001
0.035	0.229	0.317	0.419
0.151	0.303	0.545	0.001
>RCCGGAAGTG	23-RCCGGAAGTG	9.804739	-0.018966	0	T:33.0(0.84%),B:1815.0(1.17%),P:1e0	Tpos:21.7,Tstd:12.3,Bpos:301.4,Bstd:818.5,StrandBias:0.1,Multiplicity:1.00
0.360	0.111	0.476	0.053
0.132	0.556	0.297	0.015
0.261	0.668	0.035	0.036
0.018	0.006	0.942	0.034
0.074	0.001	0.913	0.012
0.915	0.031	0.018	0.036
0.885	0.047	0.026	0.042
0.213	0.028	0.698	0.061
0.030	0.200	0.070	0.700
0.054	0.156	0.711	0.079
>ACRTGGCGSV	24-ACRTGGCGSV	8.176630	-0.010828	0	T:9.0(0.23%),B:683.3(0.44%),P:1e0	Tpos:26.7,Tstd:12.5,Bpos:291.7,Bstd:1072.8,StrandBias:0.3,Multiplicity:1.00
0.545	0.001	0.381	0.073
0.217	0.557	0.125	0.101
0.543	0.005	0.445	0.007
0.005	0.007	0.006	0.982
0.001	0.158	0.835	0.006
0.159	0.011	0.824	0.006
0.124	0.542	0.166	0.168
0.097	0.252	0.441	0.210
0.212	0.250	0.362	0.175
0.234	0.352	0.229	0.184
>VSCGCGTGBG	25-VSCGCGTGBG	8.106371	-0.000000	0	T:17.0(0.43%),B:2012.9(1.30%),P:1e0	Tpos:24.2,Tstd:10.9,Bpos:281.5,Bstd:866.3,StrandBias:1.0,Multiplicity:1.00
0.214	0.334	0.275	0.177
0.165	0.357	0.427	0.052
0.219	0.607	0.001	0.173
0.239	0.001	0.681	0.079
0.001	0.842	0.001	0.156
0.400	0.029	0.556	0.015
0.031	0.364	0.001	0.604
0.001	0.003	0.995	0.001
0.139	0.338	0.225	0.298
0.031	0.175	0.564	0.230
