>GTGGGGGAGGGG	24-GTGGGGGAGGGG,BestGuess:Zfp281(Zf)/ES-Zfp281-ChIP-Seq(GSE81042)/Homer(0.994)	15.808044	-0.967311	0	T:13.0(0.22%),B:331.6(0.20%),P:1e0
0.075	0.034	0.890	0.001
0.090	0.001	0.085	0.824
0.001	0.001	0.981	0.017
0.001	0.023	0.975	0.001
0.071	0.042	0.886	0.001
0.001	0.019	0.979	0.001
0.001	0.014	0.984	0.001
0.959	0.001	0.001	0.039
0.043	0.001	0.955	0.001
0.016	0.001	0.944	0.039
0.032	0.020	0.918	0.030
0.040	0.001	0.920	0.039
