>GTGCACATGTGV	16-GTGCACATGTGV	10.723192	-7.123439	0	T:8.0(0.13%),B:51.2(0.03%),P:1e-3
0.073	0.253	0.433	0.241
0.252	0.184	0.155	0.409
0.074	0.194	0.671	0.061
0.064	0.855	0.014	0.067
0.631	0.013	0.320	0.036
0.001	0.933	0.022	0.044
0.910	0.004	0.064	0.022
0.001	0.320	0.001	0.678
0.021	0.001	0.977	0.001
0.067	0.220	0.174	0.539
0.014	0.200	0.705	0.081
0.245	0.338	0.228	0.188
