>NNRSCACGTGBN	1-NNRSCACGTGBN	6.967937	-640.312957	0	T:1317.0(22.20%),B:12214.8(7.20%),P:1e-278
0.259	0.296	0.242	0.204
0.231	0.249	0.293	0.227
0.326	0.176	0.324	0.175
0.177	0.426	0.348	0.049
0.023	0.975	0.001	0.001
0.775	0.001	0.127	0.097
0.001	0.791	0.010	0.198
0.225	0.016	0.758	0.001
0.114	0.161	0.010	0.715
0.001	0.001	0.985	0.013
0.096	0.279	0.380	0.244
0.184	0.303	0.221	0.292
