>NVCACGTGBHNN	1-NVCACGTGBHNN	6.552693	-278.608306	0	T:1008.0(13.89%),B:10760.5(6.08%),P:1e-120	Tpos:25.7,Tstd:10.8,Bpos:3346.4,Bstd:10524.4,StrandBias:-0.1,Multiplicity:1.00
0.305	0.267	0.244	0.185
0.289	0.312	0.314	0.085
0.001	0.997	0.001	0.001
0.559	0.001	0.283	0.157
0.001	0.623	0.001	0.375
0.322	0.001	0.676	0.001
0.165	0.244	0.001	0.590
0.001	0.001	0.997	0.001
0.099	0.281	0.368	0.252
0.228	0.212	0.202	0.358
0.195	0.250	0.255	0.300
0.207	0.278	0.277	0.238
>NNNSCACGTGBB	2-NNNSCACGTGBB	7.072950	-275.285405	0	T:1012.0(13.95%),B:10889.3(6.16%),P:1e-119	Tpos:25.7,Tstd:11.0,Bpos:1121.5,Bstd:4701.1,StrandBias:-0.1,Multiplicity:1.02
0.258	0.301	0.249	0.193
0.243	0.237	0.331	0.189
0.326	0.207	0.250	0.217
0.215	0.380	0.373	0.032
0.009	0.989	0.001	0.001
0.697	0.005	0.173	0.125
0.001	0.738	0.014	0.247
0.233	0.001	0.765	0.001
0.078	0.193	0.001	0.728
0.001	0.001	0.990	0.008
0.049	0.371	0.357	0.223
0.157	0.268	0.234	0.341
>NDSCACATGGSN	3-NDSCACATGGSN	9.135820	-83.967657	0	T:221.0(3.05%),B:1939.8(1.10%),P:1e-36	Tpos:24.5,Tstd:11.5,Bpos:4544.0,Bstd:12411.4,StrandBias:0.5,Multiplicity:1.02
0.275	0.273	0.282	0.170
0.291	0.175	0.337	0.198
0.113	0.471	0.344	0.072
0.044	0.954	0.001	0.001
0.820	0.017	0.122	0.041
0.015	0.983	0.001	0.001
0.958	0.040	0.001	0.001
0.005	0.001	0.028	0.966
0.001	0.001	0.997	0.001
0.058	0.161	0.474	0.308
0.115	0.386	0.269	0.230
0.240	0.265	0.210	0.285
>TTTCASTTCCTC	4-TTTCASTTCCTC	11.877014	-13.932267	0	T:10.0(0.14%),B:26.5(0.02%),P:1e-6	Tpos:28.1,Tstd:9.1,Bpos:3130.2,Bstd:3134.5,StrandBias:2.6,Multiplicity:1.00
0.049	0.049	0.111	0.791
0.001	0.323	0.077	0.599
0.027	0.225	0.116	0.632
0.001	0.986	0.012	0.001
0.582	0.005	0.091	0.322
0.055	0.498	0.375	0.072
0.021	0.001	0.009	0.969
0.001	0.029	0.051	0.919
0.001	0.723	0.008	0.268
0.001	0.859	0.012	0.128
0.121	0.220	0.197	0.462
0.026	0.521	0.279	0.174
>CACTTCCBBTTT	5-CACTTCCBBTTT	9.562821	-10.124451	0	T:36.0(0.50%),B:405.9(0.23%),P:1e-4	Tpos:25.8,Tstd:11.2,Bpos:2068.4,Bstd:6301.4,StrandBias:-0.2,Multiplicity:1.00
0.212	0.470	0.184	0.133
0.438	0.165	0.269	0.129
0.001	0.648	0.282	0.069
0.021	0.001	0.001	0.977
0.001	0.061	0.001	0.937
0.001	0.933	0.001	0.065
0.001	0.911	0.001	0.087
0.018	0.279	0.410	0.293
0.001	0.391	0.330	0.277
0.241	0.196	0.050	0.513
0.134	0.214	0.084	0.568
0.170	0.257	0.162	0.411
>CACGWGGDDGVS	6-CACGWGGDDGVS	9.778677	-9.347887	0	T:48.0(0.66%),B:629.7(0.36%),P:1e-4	Tpos:32.1,Tstd:13.1,Bpos:356.1,Bstd:1511.8,StrandBias:-0.4,Multiplicity:1.00
0.001	0.997	0.001	0.001
0.997	0.001	0.001	0.001
0.001	0.997	0.001	0.001
0.001	0.001	0.997	0.001
0.402	0.127	0.001	0.470
0.001	0.001	0.997	0.001
0.369	0.066	0.564	0.001
0.239	0.195	0.351	0.215
0.208	0.172	0.274	0.346
0.236	0.185	0.403	0.176
0.256	0.364	0.257	0.123
0.185	0.455	0.359	0.001
>ACTTCCBSTTTY	7-ACTTCCBSTTTY	9.987254	-8.445070	0	T:21.0(0.29%),B:201.1(0.11%),P:1e-3	Tpos:26.5,Tstd:11.8,Bpos:8385.7,Bstd:11051.2,StrandBias:-2.0,Multiplicity:1.00
0.551	0.188	0.189	0.072
0.021	0.634	0.218	0.127
0.176	0.005	0.001	0.818
0.001	0.063	0.034	0.902
0.001	0.709	0.087	0.203
0.001	0.864	0.037	0.098
0.147	0.239	0.272	0.341
0.001	0.473	0.391	0.135
0.180	0.179	0.078	0.563
0.073	0.129	0.110	0.688
0.058	0.346	0.101	0.496
0.059	0.403	0.160	0.378
>ACACRTGYGCAG	8-ACACRTGYGCAG	10.789981	-7.366246	0	T:28.0(0.39%),B:334.5(0.19%),P:1e-3	Tpos:28.9,Tstd:10.5,Bpos:1668.5,Bstd:4540.6,StrandBias:0.2,Multiplicity:1.00
0.591	0.181	0.193	0.035
0.034	0.964	0.001	0.001
0.761	0.001	0.237	0.001
0.001	0.866	0.001	0.132
0.489	0.001	0.509	0.001
0.001	0.030	0.001	0.968
0.001	0.001	0.997	0.001
0.054	0.469	0.140	0.336
0.140	0.069	0.790	0.001
0.150	0.539	0.242	0.069
0.622	0.023	0.354	0.001
0.157	0.094	0.599	0.150
>ACTTCCBCTTTY	9-ACTTCCBCTTTY	10.289835	-7.242526	0	T:38.0(0.52%),B:512.7(0.29%),P:1e-3	Tpos:21.5,Tstd:11.0,Bpos:4948.3,Bstd:10196.4,StrandBias:2.2,Multiplicity:1.00
0.490	0.142	0.256	0.112
0.022	0.740	0.186	0.052
0.016	0.001	0.001	0.982
0.001	0.007	0.060	0.932
0.001	0.910	0.005	0.084
0.001	0.723	0.001	0.275
0.026	0.231	0.368	0.375
0.001	0.659	0.190	0.150
0.193	0.208	0.014	0.585
0.026	0.051	0.100	0.823
0.036	0.220	0.177	0.567
0.092	0.347	0.201	0.361
>NNNNNSCDCRTG	10-NNNNNSCDCRTG	8.097808	-6.696148	0	T:9.0(0.12%),B:58.6(0.03%),P:1e-2	Tpos:29.0,Tstd:7.4,Bpos:1342.8,Bstd:3273.0,StrandBias:0.4,Multiplicity:1.00
0.186	0.287	0.317	0.210
0.250	0.293	0.277	0.180
0.206	0.292	0.274	0.228
0.224	0.254	0.264	0.259
0.226	0.211	0.302	0.260
0.001	0.514	0.484	0.001
0.001	0.970	0.028	0.001
0.362	0.001	0.281	0.356
0.001	0.997	0.001	0.001
0.538	0.001	0.460	0.001
0.001	0.001	0.001	0.997
0.001	0.001	0.997	0.001
>TYYCACTTCCTC	11-TYYCACTTCCTC	10.961141	-5.892513	0	T:25.0(0.34%),B:320.0(0.18%),P:1e-2	Tpos:25.8,Tstd:11.5,Bpos:2739.1,Bstd:6348.2,StrandBias:0.0,Multiplicity:1.00
0.073	0.265	0.169	0.494
0.082	0.320	0.172	0.426
0.046	0.388	0.152	0.413
0.001	0.852	0.014	0.133
0.671	0.065	0.094	0.170
0.001	0.730	0.193	0.076
0.008	0.001	0.001	0.990
0.001	0.015	0.011	0.973
0.001	0.946	0.001	0.052
0.001	0.938	0.010	0.051
0.064	0.191	0.176	0.569
0.001	0.513	0.358	0.128
>RGSCACGCGGCS	12-RGSCACGCGGCS	10.647967	-2.325355	0	T:32.0(0.44%),B:604.1(0.34%),P:1e-1	Tpos:22.2,Tstd:12.4,Bpos:275.8,Bstd:572.1,StrandBias:0.4,Multiplicity:1.00
0.229	0.210	0.366	0.195
0.198	0.223	0.388	0.191
0.184	0.395	0.421	0.001
0.001	0.997	0.001	0.001
0.997	0.001	0.001	0.001
0.001	0.947	0.001	0.051
0.001	0.001	0.997	0.001
0.353	0.645	0.001	0.001
0.001	0.001	0.997	0.001
0.001	0.241	0.757	0.001
0.137	0.455	0.169	0.239
0.161	0.369	0.288	0.182
>RCTTYCHCTTYC	13-RCTTYCHCTTYC	10.849988	-2.167853	0	T:19.0(0.26%),B:337.9(0.19%),P:1e0	Tpos:25.8,Tstd:13.1,Bpos:2594.1,Bstd:5244.8,StrandBias:0.0,Multiplicity:1.00
0.373	0.102	0.387	0.138
0.026	0.536	0.261	0.177
0.008	0.068	0.042	0.882
0.001	0.081	0.118	0.800
0.001	0.529	0.001	0.469
0.001	0.997	0.001	0.001
0.303	0.237	0.142	0.318
0.001	0.543	0.299	0.157
0.001	0.051	0.001	0.947
0.001	0.094	0.001	0.904
0.001	0.491	0.022	0.485
0.001	0.657	0.001	0.341
>BBGTCRCGYGYN	14-BBGTCRCGYGYN	9.365238	-2.105759	0	T:3.0(0.04%),B:28.5(0.02%),P:1e0	Tpos:11.7,Tstd:5.2,Bpos:1757.9,Bstd:3384.4,StrandBias:-1.0,Multiplicity:1.00
0.001	0.346	0.302	0.351
0.001	0.296	0.330	0.373
0.141	0.204	0.478	0.177
0.122	0.162	0.160	0.556
0.001	0.997	0.001	0.001
0.543	0.001	0.455	0.001
0.001	0.649	0.001	0.349
0.001	0.001	0.997	0.001
0.001	0.473	0.001	0.525
0.001	0.001	0.997	0.001
0.172	0.379	0.001	0.448
0.310	0.247	0.231	0.213
>VNNVCVCRCGYG	15-VNNVCVCRCGYG	7.431807	-2.027940	0	T:12.0(0.17%),B:199.5(0.11%),P:1e0	Tpos:27.5,Tstd:7.3,Bpos:332.3,Bstd:1244.3,StrandBias:-1.6,Multiplicity:1.00
0.207	0.341	0.266	0.185
0.188	0.288	0.310	0.214
0.216	0.260	0.316	0.208
0.367	0.283	0.349	0.001
0.246	0.408	0.208	0.138
0.262	0.275	0.352	0.111
0.001	0.891	0.001	0.107
0.524	0.001	0.474	0.001
0.068	0.587	0.001	0.344
0.229	0.001	0.769	0.001
0.001	0.497	0.001	0.501
0.132	0.165	0.574	0.129
>NCRCRCGCRCRC	16-NCRCRCGCRCRC	9.575905	-1.399456	0	T:10.0(0.14%),B:186.1(0.11%),P:1e0	Tpos:26.7,Tstd:11.2,Bpos:264.7,Bstd:291.1,StrandBias:-0.6,Multiplicity:1.00
0.277	0.299	0.251	0.174
0.279	0.475	0.019	0.227
0.440	0.054	0.477	0.028
0.030	0.582	0.033	0.355
0.419	0.036	0.514	0.031
0.026	0.601	0.022	0.351
0.394	0.029	0.548	0.029
0.040	0.841	0.061	0.058
0.510	0.031	0.435	0.024
0.055	0.802	0.066	0.077
0.471	0.040	0.453	0.036
0.044	0.826	0.064	0.066
>CGCGCGCACGCR	17-CGCGCGCACGCR	14.424403	-1.061140	0	T:9.0(0.12%),B:183.5(0.10%),P:1e0	Tpos:20.3,Tstd:10.8,Bpos:332.3,Bstd:533.6,StrandBias:0.0,Multiplicity:1.00
0.001	0.997	0.001	0.001
0.149	0.001	0.788	0.062
0.001	0.997	0.001	0.001
0.262	0.001	0.736	0.001
0.001	0.879	0.001	0.119
0.120	0.001	0.878	0.001
0.001	0.997	0.001	0.001
0.641	0.001	0.357	0.001
0.001	0.997	0.001	0.001
0.284	0.001	0.714	0.001
0.001	0.997	0.001	0.001
0.543	0.001	0.455	0.001
>CGCGTGCGCGTG	18-CGCGTGCGCGTG	11.665013	-0.940707	0	T:15.0(0.21%),B:331.2(0.19%),P:1e0	Tpos:20.0,Tstd:7.0,Bpos:285.6,Bstd:1016.5,StrandBias:-10.0,Multiplicity:1.00
0.090	0.713	0.117	0.080
0.073	0.092	0.772	0.063
0.056	0.747	0.094	0.103
0.072	0.105	0.770	0.053
0.067	0.114	0.109	0.710
0.042	0.098	0.820	0.040
0.058	0.759	0.085	0.098
0.082	0.093	0.750	0.075
0.073	0.759	0.066	0.102
0.089	0.108	0.752	0.051
0.085	0.142	0.139	0.634
0.038	0.074	0.816	0.072
>RCACACRCGCGY	19-RCACACRCGCGY	12.214106	-0.593137	0	T:1.0(0.01%),B:19.9(0.01%),P:1e0	Tpos:18.0,Tstd:0.0,Bpos:845.4,Bstd:1837.1,StrandBias:-10.0,Multiplicity:1.00
0.310	0.263	0.415	0.012
0.001	0.997	0.001	0.001
0.564	0.179	0.256	0.001
0.001	0.997	0.001	0.001
0.594	0.001	0.404	0.001
0.001	0.997	0.001	0.001
0.530	0.001	0.468	0.001
0.001	0.997	0.001	0.001
0.392	0.001	0.606	0.001
0.001	0.997	0.001	0.001
0.346	0.001	0.652	0.001
0.205	0.374	0.001	0.419
>GGCCGCGTGGDN	20-GGCCGCGTGGDN	9.158177	-0.549423	0	T:211.0(2.91%),B:5203.5(2.94%),P:1e0	Tpos:25.8,Tstd:10.8,Bpos:341.8,Bstd:1437.5,StrandBias:0.1,Multiplicity:1.02
0.201	0.151	0.459	0.189
0.213	0.173	0.422	0.192
0.166	0.488	0.285	0.060
0.001	0.997	0.001	0.001
0.001	0.001	0.687	0.311
0.001	0.997	0.001	0.001
0.001	0.001	0.997	0.001
0.001	0.001	0.001	0.997
0.001	0.001	0.997	0.001
0.097	0.200	0.447	0.256
0.203	0.170	0.340	0.287
0.199	0.297	0.241	0.263
>CACGCGCGCACG	21-CACGCGCGCACG	12.891267	-0.431009	0	T:32.0(0.44%),B:826.5(0.47%),P:1e0	Tpos:28.1,Tstd:11.1,Bpos:338.5,Bstd:1052.8,StrandBias:0.2,Multiplicity:1.00
0.001	0.776	0.222	0.001
0.853	0.001	0.145	0.001
0.001	0.958	0.001	0.040
0.226	0.001	0.772	0.001
0.001	0.997	0.001	0.001
0.189	0.001	0.809	0.001
0.001	0.893	0.001	0.105
0.082	0.096	0.821	0.001
0.001	0.997	0.001	0.001
0.875	0.001	0.123	0.001
0.001	0.922	0.076	0.001
0.347	0.001	0.651	0.001
>NRCRCACACGYN	22-NRCRCACACGYN	8.010343	-0.284487	0	T:4.0(0.06%),B:125.5(0.07%),P:1e0	Tpos:21.0,Tstd:9.0,Bpos:1847.6,Bstd:6604.9,StrandBias:1.0,Multiplicity:1.00
0.217	0.216	0.228	0.339
0.366	0.123	0.423	0.088
0.113	0.658	0.123	0.106
0.444	0.130	0.341	0.086
0.106	0.691	0.119	0.084
0.512	0.095	0.326	0.067
0.094	0.724	0.093	0.089
0.535	0.073	0.325	0.067
0.073	0.580	0.095	0.252
0.278	0.092	0.535	0.095
0.073	0.442	0.123	0.361
0.228	0.220	0.294	0.258
>ACACGYGYGCSB	23-ACACGYGYGCSB	9.924016	-0.259592	0	T:20.0(0.28%),B:566.0(0.32%),P:1e0	Tpos:20.6,Tstd:11.2,Bpos:429.4,Bstd:1829.7,StrandBias:-0.6,Multiplicity:1.00
0.701	0.002	0.154	0.143
0.026	0.968	0.005	0.001
0.796	0.001	0.176	0.027
0.001	0.856	0.001	0.142
0.375	0.001	0.623	0.001
0.001	0.474	0.001	0.524
0.009	0.001	0.989	0.001
0.034	0.525	0.001	0.440
0.113	0.183	0.555	0.149
0.194	0.390	0.236	0.180
0.154	0.442	0.320	0.084
0.169	0.320	0.226	0.285
>NCRCGYGTGNVN	24-NCRCGYGTGNVN	8.196432	-0.195292	0	T:1.0(0.01%),B:42.8(0.02%),P:1e0	Tpos:15.0,Tstd:0.0,Bpos:258.1,Bstd:276.2,StrandBias:10.0,Multiplicity:1.00
0.203	0.246	0.335	0.215
0.001	0.997	0.001	0.001
0.398	0.001	0.414	0.187
0.001	0.645	0.003	0.351
0.370	0.001	0.628	0.001
0.160	0.383	0.026	0.431
0.001	0.001	0.997	0.001
0.001	0.254	0.275	0.470
0.001	0.369	0.629	0.001
0.223	0.310	0.249	0.218
0.344	0.331	0.325	0.001
0.184	0.275	0.285	0.255
>GYGCGCGYGCGC	25-GYGCGCGYGCGC	13.105601	-0.000673	0	T:10.0(0.14%),B:573.6(0.32%),P:1e0	Tpos:24.5,Tstd:9.7,Bpos:293.1,Bstd:651.8,StrandBias:-2.0,Multiplicity:1.00
0.089	0.291	0.619	0.001
0.103	0.447	0.099	0.351
0.001	0.001	0.997	0.001
0.001	0.696	0.001	0.302
0.001	0.001	0.997	0.001
0.001	0.725	0.001	0.273
0.250	0.001	0.748	0.001
0.001	0.432	0.001	0.566
0.001	0.001	0.997	0.001
0.001	0.710	0.001	0.288
0.129	0.051	0.798	0.022
0.001	0.883	0.101	0.015
