>ACCACGTG	1-ACCACGTG	6.693148	-292.109306	0	T:1242.0(17.12%),B:14420.5(8.15%),P:1e-126	Tpos:25.9,Tstd:11.6,Bpos:1846.2,Bstd:6877.4,StrandBias:-0.1,Multiplicity:1.03
0.496	0.166	0.233	0.105
0.072	0.818	0.109	0.001
0.001	0.997	0.001	0.001
0.954	0.001	0.028	0.017
0.001	0.925	0.001	0.073
0.036	0.001	0.962	0.001
0.006	0.023	0.001	0.970
0.001	0.001	0.997	0.001
>RSCACGTG	2-RSCACGTG	6.723286	-213.291297	0	T:1896.0(26.13%),B:29021.7(16.41%),P:1e-92	Tpos:25.2,Tstd:12.4,Bpos:902.5,Bstd:4238.4,StrandBias:0.2,Multiplicity:1.03
0.304	0.219	0.401	0.077
0.200	0.378	0.421	0.001
0.001	0.997	0.001	0.001
0.741	0.001	0.257	0.001
0.001	0.703	0.001	0.295
0.263	0.001	0.735	0.001
0.047	0.224	0.001	0.728
0.001	0.001	0.997	0.001
>CACGTGSN	3-CACGTGSN	7.239604	-200.996627	0	T:931.0(12.83%),B:11087.6(6.27%),P:1e-87	Tpos:19.0,Tstd:12.9,Bpos:2099.6,Bstd:6320.1,StrandBias:-0.7,Multiplicity:1.00
0.001	0.997	0.001	0.001
0.636	0.001	0.203	0.160
0.001	0.812	0.001	0.186
0.262	0.001	0.736	0.001
0.056	0.145	0.001	0.798
0.001	0.001	0.986	0.012
0.018	0.362	0.392	0.228
0.197	0.308	0.262	0.232
>CACGTGSD	4-CACGTGSD	7.009271	-190.521709	0	T:870.0(11.99%),B:10279.0(5.81%),P:1e-82	Tpos:15.0,Tstd:17.6,Bpos:3273.9,Bstd:7244.2,StrandBias:0.0,Multiplicity:1.00
0.001	0.997	0.001	0.001
0.644	0.001	0.221	0.134
0.001	0.800	0.001	0.198
0.164	0.001	0.834	0.001
0.130	0.150	0.001	0.719
0.001	0.001	0.997	0.001
0.001	0.389	0.396	0.214
0.257	0.001	0.350	0.392
>NNCACGTG	5-NNCACGTG	6.405184	-189.159227	0	T:788.0(10.86%),B:8919.8(5.04%),P:1e-82	Tpos:27.2,Tstd:14.1,Bpos:2218.2,Bstd:6814.9,StrandBias:0.7,Multiplicity:1.00
0.263	0.301	0.267	0.168
0.238	0.309	0.248	0.204
0.042	0.906	0.001	0.051
0.488	0.024	0.253	0.234
0.001	0.701	0.001	0.297
0.182	0.001	0.811	0.006
0.063	0.220	0.001	0.716
0.052	0.080	0.716	0.152
>RVCACGTG	6-RVCACGTG	7.264738	-164.621019	0	T:615.0(8.48%),B:6579.1(3.72%),P:1e-71	Tpos:24.8,Tstd:12.7,Bpos:505.8,Bstd:2148.4,StrandBias:0.1,Multiplicity:1.00
0.379	0.201	0.266	0.154
0.235	0.373	0.320	0.071
0.001	0.997	0.001	0.001
0.488	0.001	0.321	0.190
0.001	0.762	0.001	0.236
0.206	0.001	0.792	0.001
0.099	0.099	0.001	0.801
0.001	0.001	0.997	0.001
>CACGTGVN	7-CACGTGVN	6.373243	-120.253496	0	T:1085.0(14.95%),B:16293.5(9.21%),P:1e-52	Tpos:24.4,Tstd:11.7,Bpos:283.9,Bstd:1012.9,StrandBias:-0.6,Multiplicity:1.01
0.045	0.942	0.012	0.001
0.518	0.001	0.342	0.139
0.018	0.755	0.078	0.149
0.295	0.001	0.696	0.008
0.127	0.166	0.001	0.706
0.075	0.024	0.783	0.118
0.197	0.340	0.296	0.167
0.218	0.273	0.281	0.228
>MCACGTGC	8-MCACGTGC	8.012186	-118.709726	0	T:408.0(5.62%),B:4166.5(2.36%),P:1e-51	Tpos:25.7,Tstd:14.9,Bpos:2173.5,Bstd:8881.6,StrandBias:0.5,Multiplicity:1.00
0.408	0.364	0.166	0.062
0.084	0.892	0.013	0.011
0.590	0.001	0.289	0.120
0.005	0.678	0.001	0.316
0.390	0.001	0.608	0.001
0.008	0.079	0.006	0.907
0.006	0.001	0.989	0.004
0.055	0.650	0.224	0.071
>GCCACRTG	9-GCCACRTG	7.556658	-112.602309	0	T:417.0(5.75%),B:4423.8(2.50%),P:1e-48	Tpos:25.7,Tstd:12.2,Bpos:4050.7,Bstd:8831.3,StrandBias:0.3,Multiplicity:1.00
0.153	0.224	0.416	0.207
0.210	0.588	0.171	0.031
0.065	0.897	0.014	0.024
0.803	0.006	0.089	0.102
0.008	0.777	0.001	0.214
0.456	0.001	0.542	0.001
0.063	0.288	0.003	0.646
0.039	0.049	0.724	0.188
>GVCACGTG	10-GVCACGTG	6.983065	-97.325351	0	T:513.0(7.07%),B:6369.5(3.60%),P:1e-42	Tpos:24.5,Tstd:13.0,Bpos:4946.7,Bstd:14746.2,StrandBias:-0.5,Multiplicity:1.00
0.171	0.200	0.424	0.204
0.321	0.271	0.276	0.133
0.039	0.959	0.001	0.001
0.724	0.001	0.156	0.119
0.001	0.638	0.001	0.360
0.208	0.001	0.775	0.016
0.065	0.199	0.001	0.735
0.001	0.102	0.849	0.048
>GMCACRTG	11-GMCACRTG	6.721715	-90.395793	0	T:708.0(9.76%),B:10120.2(5.72%),P:1e-39	Tpos:27.0,Tstd:11.1,Bpos:5601.5,Bstd:13132.7,StrandBias:-0.1,Multiplicity:1.00
0.187	0.133	0.551	0.129
0.299	0.368	0.187	0.146
0.110	0.849	0.001	0.040
0.663	0.001	0.223	0.113
0.002	0.835	0.001	0.162
0.514	0.001	0.481	0.004
0.182	0.133	0.001	0.684
0.001	0.001	0.953	0.045
>SCACGTGT	12-SCACGTGT	8.055580	-87.980635	0	T:374.0(5.15%),B:4234.5(2.39%),P:1e-38	Tpos:24.1,Tstd:14.1,Bpos:7539.6,Bstd:12870.5,StrandBias:-0.3,Multiplicity:1.00
0.001	0.433	0.538	0.028
0.001	0.997	0.001	0.001
0.746	0.001	0.146	0.107
0.001	0.757	0.001	0.241
0.413	0.001	0.585	0.001
0.043	0.027	0.001	0.929
0.001	0.001	0.945	0.053
0.062	0.223	0.171	0.544
>CACGTGCR	13-CACGTGCR	7.769561	-44.205311	0	T:358.0(4.93%),B:5160.6(2.92%),P:1e-19	Tpos:22.8,Tstd:12.7,Bpos:5422.9,Bstd:11821.5,StrandBias:-0.5,Multiplicity:1.00
0.064	0.934	0.001	0.001
0.737	0.001	0.063	0.199
0.001	0.635	0.001	0.363
0.184	0.001	0.814	0.001
0.022	0.189	0.001	0.788
0.001	0.001	0.997	0.001
0.058	0.568	0.142	0.232
0.398	0.186	0.257	0.159
>SCRCRTGY	14-SCRCRTGY	8.235381	-0.348708	0	T:85.0(1.17%),B:2188.6(1.24%),P:1e0	Tpos:26.5,Tstd:10.7,Bpos:3278.3,Bstd:9494.0,StrandBias:-0.2,Multiplicity:1.00
0.158	0.408	0.433	0.001
0.057	0.941	0.001	0.001
0.521	0.001	0.477	0.001
0.001	0.997	0.001	0.001
0.502	0.001	0.496	0.001
0.001	0.001	0.001	0.997
0.001	0.001	0.997	0.001
0.001	0.545	0.012	0.442
>VCATGTGT	15-VCATGTGT	8.586268	-0.143306	0	T:43.0(0.59%),B:1229.3(0.70%),P:1e0	Tpos:24.9,Tstd:11.2,Bpos:8188.5,Bstd:12946.4,StrandBias:-1.4,Multiplicity:1.00
0.257	0.389	0.353	0.001
0.001	0.997	0.001	0.001
0.997	0.001	0.001	0.001
0.001	0.336	0.001	0.662
0.001	0.001	0.997	0.001
0.346	0.072	0.001	0.581
0.001	0.001	0.997	0.001
0.147	0.111	0.189	0.553
>GGAAGTGA	16-GGAAGTGA	8.630170	-0.013486	0	T:83.0(1.14%),B:2552.4(1.44%),P:1e0	Tpos:22.5,Tstd:15.1,Bpos:3588.4,Bstd:8087.1,StrandBias:0.4,Multiplicity:1.00
0.053	0.032	0.908	0.007
0.050	0.130	0.812	0.008
0.941	0.012	0.013	0.034
0.806	0.033	0.004	0.157
0.068	0.133	0.777	0.022
0.033	0.244	0.025	0.698
0.221	0.077	0.588	0.114
0.479	0.147	0.216	0.158
>RCSCAYGC	17-RCSCAYGC	6.912696	-0.010934	0	T:61.0(0.84%),B:1964.8(1.11%),P:1e0	Tpos:29.6,Tstd:12.5,Bpos:346.6,Bstd:939.6,StrandBias:-0.7,Multiplicity:1.24
0.364	0.204	0.264	0.168
0.233	0.434	0.242	0.092
0.261	0.294	0.418	0.028
0.009	0.989	0.001	0.001
0.729	0.001	0.265	0.005
0.013	0.485	0.019	0.482
0.079	0.004	0.916	0.001
0.062	0.725	0.001	0.212
>VACGCRTG	18-VACGCRTG	6.484995	-0.001955	0	T:11.0(0.15%),B:566.4(0.32%),P:1e0	Tpos:11.5,Tstd:1.5,Bpos:1612.5,Bstd:7272.5,StrandBias:-10.0,Multiplicity:1.00
0.237	0.292	0.341	0.130
0.395	0.245	0.200	0.160
0.246	0.542	0.100	0.112
0.257	0.023	0.492	0.228
0.012	0.811	0.001	0.176
0.510	0.024	0.449	0.017
0.045	0.154	0.059	0.742
0.043	0.012	0.907	0.038
>SCAYGCGT	19-SCAYGCGT	7.922809	-0.000441	0	T:22.0(0.30%),B:1007.1(0.57%),P:1e0	Tpos:23.0,Tstd:13.1,Bpos:551.8,Bstd:2590.6,StrandBias:-0.6,Multiplicity:1.00
0.146	0.348	0.455	0.051
0.001	0.984	0.001	0.014
0.743	0.001	0.173	0.083
0.001	0.533	0.001	0.465
0.150	0.001	0.848	0.001
0.028	0.670	0.001	0.301
0.088	0.083	0.672	0.157
0.018	0.274	0.086	0.622
>RCATGCGN	20-RCATGCGN	7.162150	-0.000118	0	T:16.0(0.22%),B:861.6(0.49%),P:1e0	Tpos:20.6,Tstd:8.6,Bpos:1165.4,Bstd:4042.7,StrandBias:-0.9,Multiplicity:1.00
0.269	0.239	0.401	0.092
0.001	0.997	0.001	0.001
0.899	0.001	0.099	0.001
0.001	0.412	0.001	0.586
0.042	0.001	0.956	0.001
0.031	0.589	0.001	0.379
0.117	0.129	0.537	0.217
0.259	0.221	0.211	0.309
>AGGAAGTG	21-AGGAAGTG	10.268231	-0.000044	0	T:93.0(1.28%),B:3318.1(1.88%),P:1e0	Tpos:26.2,Tstd:13.1,Bpos:2751.2,Bstd:8416.2,StrandBias:0.3,Multiplicity:1.01
0.699	0.209	0.070	0.022
0.010	0.001	0.988	0.001
0.010	0.001	0.988	0.001
0.997	0.001	0.001	0.001
0.980	0.001	0.001	0.018
0.049	0.082	0.868	0.001
0.001	0.035	0.017	0.947
0.138	0.041	0.802	0.019
>ACTTCCBS	22-ACTTCCBS	8.372297	-0.000040	0	T:76.0(1.05%),B:2822.5(1.60%),P:1e0	Tpos:25.7,Tstd:11.7,Bpos:482.1,Bstd:2063.5,StrandBias:-0.6,Multiplicity:1.00
0.777	0.036	0.155	0.032
0.028	0.773	0.001	0.198
0.067	0.001	0.016	0.916
0.015	0.007	0.025	0.953
0.005	0.863	0.058	0.074
0.007	0.927	0.014	0.052
0.033	0.224	0.372	0.371
0.014	0.378	0.423	0.185
>HMGCATGC	23-HMGCATGC	6.051589	-0.000005	0	T:21.0(0.29%),B:1172.3(0.66%),P:1e0	Tpos:18.5,Tstd:13.7,Bpos:1927.6,Bstd:7859.4,StrandBias:-10.0,Multiplicity:1.00
0.357	0.217	0.157	0.269
0.275	0.416	0.166	0.144
0.292	0.152	0.488	0.068
0.047	0.868	0.052	0.033
0.644	0.024	0.285	0.047
0.090	0.332	0.054	0.524
0.035	0.031	0.879	0.055
0.220	0.461	0.081	0.237
>GCACGCGC	24-GCACGCGC	10.880580	-0.000000	0	T:193.0(2.66%),B:6676.2(3.78%),P:1e0	Tpos:26.6,Tstd:11.6,Bpos:396.7,Bstd:1796.1,StrandBias:0.4,Multiplicity:1.00
0.001	0.001	0.997	0.001
0.001	0.997	0.001	0.001
0.997	0.001	0.001	0.001
0.001	0.997	0.001	0.001
0.001	0.001	0.997	0.001
0.001	0.997	0.001	0.001
0.001	0.001	0.997	0.001
0.001	0.828	0.170	0.001
>NMGCATGY	25-NMGCATGY	7.066982	0.000000	0	T:52.0(0.72%),B:2860.7(1.62%),P:1e0	Tpos:26.0,Tstd:12.4,Bpos:759.3,Bstd:2712.7,StrandBias:0.0,Multiplicity:1.00
0.232	0.223	0.314	0.232
0.335	0.479	0.013	0.173
0.400	0.001	0.569	0.030
0.001	0.977	0.001	0.021
0.663	0.001	0.335	0.001
0.001	0.137	0.001	0.861
0.001	0.001	0.997	0.001
0.134	0.376	0.169	0.321
