>VCACGTGBNV	1-VCACGTGBNV	6.472609	-268.229212	0	T:1319.0(18.18%),B:16318.2(9.23%),P:1e-116	Tpos:25.7,Tstd:11.3,Bpos:2016.6,Bstd:7315.5,StrandBias:-0.0,Multiplicity:1.03
0.212	0.342	0.282	0.165
0.017	0.979	0.001	0.003
0.708	0.007	0.141	0.144
0.001	0.682	0.002	0.315
0.264	0.003	0.732	0.001
0.115	0.122	0.006	0.757
0.001	0.009	0.954	0.036
0.159	0.262	0.347	0.232
0.207	0.287	0.207	0.300
0.326	0.299	0.218	0.157
>NNCCACRTGB	2-NNCCACRTGB	6.900804	-265.163297	0	T:960.0(13.23%),B:10232.9(5.79%),P:1e-115	Tpos:25.3,Tstd:13.9,Bpos:5166.9,Bstd:15871.1,StrandBias:-0.4,Multiplicity:1.00
0.254	0.293	0.271	0.182
0.282	0.253	0.273	0.193
0.264	0.441	0.246	0.049
0.001	0.997	0.001	0.001
0.597	0.001	0.212	0.190
0.001	0.797	0.001	0.201
0.442	0.001	0.556	0.001
0.165	0.232	0.001	0.602
0.001	0.001	0.997	0.001
0.041	0.345	0.353	0.262
>VCACGTGSNB	3-VCACGTGSNB	7.355444	-192.831674	0	T:626.0(8.63%),B:6234.7(3.53%),P:1e-83	Tpos:29.0,Tstd:5.0,Bpos:2984.7,Bstd:7086.9,StrandBias:0.0,Multiplicity:1.00
0.273	0.312	0.391	0.024
0.078	0.912	0.002	0.008
0.579	0.001	0.281	0.139
0.001	0.649	0.001	0.349
0.256	0.001	0.742	0.001
0.193	0.050	0.005	0.752
0.011	0.001	0.861	0.127
0.079	0.366	0.447	0.107
0.180	0.294	0.254	0.272
0.066	0.328	0.277	0.328
>VCACGHGSYN	4-VCACGHGSYN	6.245251	-155.153410	0	T:596.0(8.21%),B:6459.1(3.65%),P:1e-67	Tpos:25.1,Tstd:12.3,Bpos:569.7,Bstd:2566.2,StrandBias:-0.6,Multiplicity:1.00
0.240	0.265	0.343	0.152
0.044	0.913	0.025	0.018
0.609	0.021	0.230	0.140
0.049	0.618	0.041	0.292
0.211	0.051	0.678	0.060
0.277	0.298	0.022	0.402
0.036	0.122	0.730	0.112
0.128	0.278	0.392	0.202
0.137	0.292	0.179	0.392
0.218	0.283	0.241	0.258
>CAYGTGSYNN	5-CAYGTGSYNN	5.588599	-107.663844	0	T:512.0(7.06%),B:6096.5(3.45%),P:1e-46	Tpos:26.9,Tstd:13.2,Bpos:3918.0,Bstd:10627.6,StrandBias:0.8,Multiplicity:1.00
0.223	0.737	0.020	0.020
0.509	0.023	0.242	0.226
0.022	0.484	0.047	0.447
0.102	0.050	0.748	0.100
0.211	0.251	0.030	0.508
0.056	0.147	0.620	0.177
0.177	0.303	0.346	0.173
0.203	0.364	0.213	0.220
0.236	0.206	0.278	0.280
0.287	0.209	0.302	0.201
>CACRTGYBYN	6-CACRTGYBYN	6.087713	-57.985491	0	T:516.0(7.11%),B:7642.3(4.32%),P:1e-25	Tpos:25.8,Tstd:12.5,Bpos:3870.4,Bstd:9737.0,StrandBias:0.0,Multiplicity:1.00
0.178	0.561	0.179	0.082
0.517	0.093	0.276	0.114
0.063	0.743	0.056	0.138
0.505	0.034	0.419	0.042
0.084	0.209	0.050	0.657
0.036	0.046	0.839	0.079
0.070	0.404	0.218	0.308
0.085	0.325	0.317	0.274
0.164	0.364	0.149	0.323
0.204	0.272	0.261	0.264
>NNNVCRCGTG	7-NNNVCRCGTG	6.416990	-51.371410	0	T:381.0(5.25%),B:5340.5(3.02%),P:1e-22	Tpos:27.4,Tstd:15.2,Bpos:236.1,Bstd:883.8,StrandBias:1.3,Multiplicity:1.00
0.235	0.274	0.281	0.211
0.240	0.242	0.302	0.217
0.259	0.246	0.321	0.174
0.241	0.319	0.286	0.154
0.162	0.736	0.101	0.001
0.472	0.001	0.368	0.159
0.001	0.718	0.001	0.280
0.307	0.001	0.691	0.001
0.200	0.264	0.001	0.535
0.001	0.001	0.975	0.023
>CAYGTGSBBB	8-CAYGTGSBBB	6.921045	-49.269534	0	T:154.0(2.12%),B:1505.8(0.85%),P:1e-21	Tpos:24.8,Tstd:12.8,Bpos:6616.7,Bstd:11093.1,StrandBias:-0.8,Multiplicity:1.00
0.051	0.881	0.051	0.017
0.543	0.050	0.245	0.162
0.009	0.469	0.041	0.481
0.040	0.080	0.788	0.092
0.125	0.249	0.047	0.579
0.020	0.047	0.796	0.137
0.042	0.438	0.347	0.174
0.140	0.270	0.243	0.347
0.096	0.285	0.261	0.358
0.178	0.236	0.250	0.337
>NNNCACRYGN	9-NNNCACRYGN	5.868084	-39.097770	0	T:207.0(2.85%),B:2586.4(1.46%),P:1e-16	Tpos:18.0,Tstd:0.0,Bpos:15088.0,Bstd:17487.2,StrandBias:-10.0,Multiplicity:1.00
0.252	0.243	0.259	0.246
0.248	0.210	0.305	0.238
0.282	0.285	0.262	0.171
0.157	0.664	0.149	0.030
0.567	0.054	0.304	0.075
0.040	0.818	0.041	0.101
0.462	0.018	0.489	0.030
0.064	0.420	0.023	0.492
0.066	0.078	0.758	0.098
0.190	0.304	0.229	0.277
>VNSCRCGTGB	10-VNSCRCGTGB	6.827937	-23.122320	0	T:245.0(3.38%),B:3831.9(2.17%),P:1e-10	Tpos:26.8,Tstd:11.6,Bpos:436.8,Bstd:1740.6,StrandBias:0.1,Multiplicity:1.03
0.258	0.251	0.321	0.170
0.250	0.223	0.300	0.227
0.223	0.305	0.389	0.082
0.171	0.670	0.042	0.117
0.490	0.001	0.392	0.117
0.001	0.740	0.001	0.258
0.366	0.001	0.629	0.004
0.034	0.347	0.001	0.618
0.001	0.001	0.997	0.001
0.059	0.398	0.282	0.261
>SMGGAAGTGA	11-SMGGAAGTGA	9.616381	-8.389256	0	T:22.0(0.30%),B:217.9(0.12%),P:1e-3	Tpos:26.7,Tstd:10.8,Bpos:3210.4,Bstd:7042.9,StrandBias:0.2,Multiplicity:1.00
0.166	0.331	0.474	0.029
0.457	0.352	0.131	0.060
0.066	0.012	0.874	0.048
0.063	0.082	0.851	0.004
0.978	0.013	0.003	0.006
0.902	0.019	0.001	0.078
0.142	0.143	0.670	0.045
0.043	0.229	0.036	0.692
0.242	0.105	0.535	0.118
0.406	0.176	0.226	0.192
>TTTCASTTCC	12-TTTCASTTCC	10.267382	-6.659851	0	T:15.0(0.21%),B:140.7(0.08%),P:1e-2	Tpos:23.3,Tstd:11.4,Bpos:5567.8,Bstd:9303.3,StrandBias:0.4,Multiplicity:1.00
0.046	0.041	0.089	0.824
0.005	0.297	0.082	0.616
0.091	0.173	0.096	0.640
0.083	0.699	0.077	0.141
0.687	0.024	0.168	0.121
0.015	0.443	0.489	0.054
0.073	0.047	0.048	0.832
0.039	0.054	0.052	0.855
0.034	0.756	0.106	0.104
0.046	0.669	0.010	0.275
>GGAAGTGNAR	13-GGAAGTGNAR	9.504099	-6.060070	0	T:18.0(0.25%),B:197.6(0.11%),P:1e-2	Tpos:24.5,Tstd:14.0,Bpos:4343.8,Bstd:8840.7,StrandBias:0.0,Multiplicity:1.00
0.083	0.001	0.915	0.001
0.190	0.001	0.808	0.001
0.997	0.001	0.001	0.001
0.997	0.001	0.001	0.001
0.117	0.297	0.575	0.011
0.148	0.111	0.001	0.740
0.222	0.001	0.776	0.001
0.335	0.192	0.254	0.219
0.430	0.236	0.193	0.141
0.366	0.184	0.283	0.166
>AASMGGAAGT	14-AASMGGAAGT	9.010864	-5.729892	0	T:55.0(0.76%),B:892.8(0.50%),P:1e-2	Tpos:25.8,Tstd:11.8,Bpos:3443.3,Bstd:9710.0,StrandBias:0.5,Multiplicity:1.00
0.579	0.160	0.141	0.120
0.483	0.116	0.168	0.233
0.087	0.416	0.489	0.007
0.318	0.358	0.163	0.160
0.001	0.001	0.997	0.001
0.206	0.001	0.792	0.001
0.941	0.057	0.001	0.001
0.997	0.001	0.001	0.001
0.133	0.162	0.704	0.001
0.022	0.257	0.049	0.672
>VCCACGCGGN	15-VCCACGCGGN	8.169971	-5.513124	0	T:156.0(2.15%),B:3035.2(1.72%),P:1e-2	Tpos:24.5,Tstd:11.6,Bpos:348.0,Bstd:1546.7,StrandBias:0.2,Multiplicity:1.00
0.324	0.261	0.280	0.135
0.245	0.461	0.239	0.055
0.047	0.911	0.019	0.023
0.892	0.001	0.005	0.102
0.011	0.855	0.012	0.122
0.025	0.024	0.932	0.019
0.281	0.701	0.017	0.001
0.040	0.125	0.712	0.123
0.136	0.200	0.413	0.251
0.237	0.326	0.187	0.250
>VVCACGCGSY	16-VVCACGCGSY	8.526344	-5.268955	0	T:53.0(0.73%),B:875.0(0.49%),P:1e-2	Tpos:32.7,Tstd:9.5,Bpos:1010.6,Bstd:4368.5,StrandBias:0.5,Multiplicity:1.00
0.260	0.230	0.347	0.163
0.282	0.347	0.302	0.069
0.001	0.997	0.001	0.001
0.944	0.001	0.054	0.001
0.001	0.721	0.001	0.277
0.003	0.001	0.976	0.020
0.341	0.657	0.001	0.001
0.001	0.118	0.739	0.142
0.134	0.288	0.426	0.153
0.188	0.304	0.149	0.359
>NGCCKCGTGS	17-NGCCKCGTGS	8.770963	-3.615768	0	T:120.0(1.65%),B:2425.7(1.37%),P:1e-1	Tpos:25.3,Tstd:11.4,Bpos:705.2,Bstd:3153.7,StrandBias:0.2,Multiplicity:1.00
0.194	0.239	0.234	0.334
0.195	0.201	0.474	0.131
0.031	0.581	0.321	0.067
0.055	0.904	0.038	0.003
0.001	0.040	0.531	0.428
0.037	0.888	0.050	0.025
0.249	0.027	0.696	0.028
0.007	0.028	0.004	0.961
0.007	0.021	0.944	0.028
0.135	0.308	0.440	0.118
>NNMGCRTGBB	18-NNMGCRTGBB	7.332751	-1.372635	0	T:33.0(0.45%),B:705.6(0.40%),P:1e0	Tpos:27.0,Tstd:12.9,Bpos:254.7,Bstd:724.3,StrandBias:-0.2,Multiplicity:1.00
0.273	0.195	0.328	0.204
0.221	0.316	0.294	0.169
0.321	0.420	0.215	0.044
0.001	0.001	0.682	0.316
0.001	0.997	0.001	0.001
0.459	0.001	0.539	0.001
0.001	0.102	0.001	0.896
0.001	0.001	0.997	0.001
0.124	0.327	0.308	0.240
0.161	0.256	0.313	0.270
>NNCKCRTGNN	19-NNCKCRTGNN	6.035753	-0.966751	0	T:3.0(0.04%),B:53.9(0.03%),P:1e0	Tpos:33.5,Tstd:1.5,Bpos:1645.6,Bstd:5257.5,StrandBias:0.0,Multiplicity:1.00
0.198	0.275	0.261	0.266
0.232	0.246	0.272	0.250
0.337	0.533	0.072	0.058
0.104	0.052	0.454	0.390
0.067	0.792	0.065	0.076
0.510	0.035	0.402	0.053
0.062	0.098	0.053	0.787
0.063	0.062	0.793	0.082
0.237	0.311	0.239	0.212
0.281	0.226	0.274	0.218
>NNNGCACGYG	20-NNNGCACGYG	7.080270	-0.504655	0	T:45.0(0.62%),B:1132.4(0.64%),P:1e0	Tpos:29.1,Tstd:8.0,Bpos:292.0,Bstd:939.0,StrandBias:-0.4,Multiplicity:1.00
0.276	0.290	0.236	0.198
0.246	0.243	0.329	0.181
0.250	0.251	0.290	0.210
0.207	0.309	0.470	0.014
0.001	0.997	0.001	0.001
0.666	0.001	0.249	0.084
0.001	0.720	0.001	0.278
0.288	0.001	0.710	0.001
0.130	0.415	0.001	0.454
0.046	0.140	0.650	0.164
>CTTCCGSTYT	21-CTTCCGSTYT	8.480752	-0.215415	0	T:2.0(0.03%),B:74.5(0.04%),P:1e0	Tpos:39.5,Tstd:0.5,Bpos:1503.3,Bstd:3849.6,StrandBias:0.0,Multiplicity:1.00
0.001	0.479	0.268	0.252
0.001	0.001	0.001	0.997
0.001	0.046	0.001	0.952
0.001	0.860	0.001	0.138
0.001	0.866	0.001	0.132
0.006	0.157	0.514	0.323
0.004	0.369	0.391	0.236
0.209	0.238	0.139	0.414
0.108	0.285	0.182	0.425
0.227	0.197	0.192	0.384
>YCACTTCCKS	22-YCACTTCCKS	9.391812	-0.175969	0	T:9.0(0.12%),B:291.1(0.16%),P:1e0	Tpos:20.7,Tstd:11.5,Bpos:2740.7,Bstd:6480.0,StrandBias:0.0,Multiplicity:1.00
0.203	0.286	0.151	0.360
0.107	0.455	0.204	0.233
0.612	0.059	0.328	0.001
0.001	0.702	0.084	0.213
0.067	0.001	0.001	0.931
0.023	0.001	0.001	0.975
0.001	0.910	0.009	0.080
0.001	0.956	0.001	0.042
0.037	0.021	0.444	0.497
0.037	0.405	0.414	0.144
>NSMGGAAGYV	23-NSMGGAAGYV	9.334753	-0.000050	0	T:8.0(0.11%),B:590.8(0.33%),P:1e0	Tpos:21.1,Tstd:12.4,Bpos:245.8,Bstd:724.0,StrandBias:0.7,Multiplicity:1.00
0.247	0.206	0.305	0.242
0.124	0.501	0.374	0.001
0.488	0.510	0.001	0.001
0.001	0.001	0.997	0.001
0.001	0.001	0.997	0.001
0.997	0.001	0.001	0.001
0.997	0.001	0.001	0.001
0.123	0.051	0.825	0.001
0.009	0.506	0.001	0.484
0.329	0.320	0.336	0.014
>VGCRTGYKNN	24-VGCRTGYKNN	7.250758	-0.000006	0	T:58.0(0.80%),B:2387.2(1.35%),P:1e0	Tpos:24.9,Tstd:11.5,Bpos:291.0,Bstd:838.5,StrandBias:-0.1,Multiplicity:1.02
0.231	0.377	0.240	0.153
0.152	0.321	0.526	0.001
0.001	0.879	0.001	0.119
0.519	0.001	0.479	0.001
0.001	0.421	0.001	0.577
0.001	0.001	0.997	0.001
0.001	0.559	0.001	0.439
0.001	0.059	0.516	0.424
0.198	0.317	0.204	0.281
0.182	0.281	0.306	0.231
>CGCACGCRCG	25-CGCACGCRCG	9.466246	-0.000000	0	T:46.0(0.63%),B:2150.5(1.22%),P:1e0	Tpos:27.2,Tstd:12.0,Bpos:302.1,Bstd:777.7,StrandBias:-0.5,Multiplicity:1.05
0.162	0.575	0.098	0.165
0.214	0.094	0.580	0.112
0.001	0.997	0.001	0.001
0.627	0.001	0.371	0.001
0.048	0.569	0.001	0.382
0.130	0.001	0.868	0.001
0.001	0.997	0.001	0.001
0.384	0.034	0.500	0.082
0.021	0.560	0.130	0.289
0.168	0.170	0.558	0.104
