>VCACGTGBNV	1-VCACGTGBNV	6.472609	-268.229212	0	T:1319.0(18.18%),B:16318.2(9.23%),P:1e-116	Tpos:25.7,Tstd:11.3,Bpos:2016.6,Bstd:7315.5,StrandBias:-0.0,Multiplicity:1.03
0.212	0.342	0.282	0.165
0.017	0.979	0.001	0.003
0.708	0.007	0.141	0.144
0.001	0.682	0.002	0.315
0.264	0.003	0.732	0.001
0.115	0.122	0.006	0.757
0.001	0.009	0.954	0.036
0.159	0.262	0.347	0.232
0.207	0.287	0.207	0.300
0.326	0.299	0.218	0.157
>NNCCACRTGB	2-NNCCACRTGB	6.900804	-265.163297	0	T:960.0(13.23%),B:10232.9(5.79%),P:1e-115	Tpos:25.3,Tstd:13.9,Bpos:5166.9,Bstd:15871.1,StrandBias:-0.4,Multiplicity:1.00
0.254	0.293	0.271	0.182
0.282	0.253	0.273	0.193
0.264	0.441	0.246	0.049
0.001	0.997	0.001	0.001
0.597	0.001	0.212	0.190
0.001	0.797	0.001	0.201
0.442	0.001	0.556	0.001
0.165	0.232	0.001	0.602
0.001	0.001	0.997	0.001
0.041	0.345	0.353	0.262
>VCACGTGSNB	3-VCACGTGSNB	7.355444	-192.831674	0	T:626.0(8.63%),B:6234.7(3.53%),P:1e-83	Tpos:29.0,Tstd:5.0,Bpos:2984.7,Bstd:7086.9,StrandBias:0.0,Multiplicity:1.00
0.273	0.312	0.391	0.024
0.078	0.912	0.002	0.008
0.579	0.001	0.281	0.139
0.001	0.649	0.001	0.349
0.256	0.001	0.742	0.001
0.193	0.050	0.005	0.752
0.011	0.001	0.861	0.127
0.079	0.366	0.447	0.107
0.180	0.294	0.254	0.272
0.066	0.328	0.277	0.328
>VCACGHGSYN	4-VCACGHGSYN	6.245251	-155.153410	0	T:596.0(8.21%),B:6459.1(3.65%),P:1e-67	Tpos:25.1,Tstd:12.3,Bpos:569.7,Bstd:2566.2,StrandBias:-0.6,Multiplicity:1.00
0.240	0.265	0.343	0.152
0.044	0.913	0.025	0.018
0.609	0.021	0.230	0.140
0.049	0.618	0.041	0.292
0.211	0.051	0.678	0.060
0.277	0.298	0.022	0.402
0.036	0.122	0.730	0.112
0.128	0.278	0.392	0.202
0.137	0.292	0.179	0.392
0.218	0.283	0.241	0.258
>CAYGTGSYNN	5-CAYGTGSYNN	5.588599	-107.663844	0	T:512.0(7.06%),B:6096.5(3.45%),P:1e-46	Tpos:26.9,Tstd:13.2,Bpos:3918.0,Bstd:10627.6,StrandBias:0.8,Multiplicity:1.00
0.223	0.737	0.020	0.020
0.509	0.023	0.242	0.226
0.022	0.484	0.047	0.447
0.102	0.050	0.748	0.100
0.211	0.251	0.030	0.508
0.056	0.147	0.620	0.177
0.177	0.303	0.346	0.173
0.203	0.364	0.213	0.220
0.236	0.206	0.278	0.280
0.287	0.209	0.302	0.201
>CACRTGYBYN	6-CACRTGYBYN	6.087713	-57.985491	0	T:516.0(7.11%),B:7642.3(4.32%),P:1e-25	Tpos:25.8,Tstd:12.5,Bpos:3870.4,Bstd:9737.0,StrandBias:0.0,Multiplicity:1.00
0.178	0.561	0.179	0.082
0.517	0.093	0.276	0.114
0.063	0.743	0.056	0.138
0.505	0.034	0.419	0.042
0.084	0.209	0.050	0.657
0.036	0.046	0.839	0.079
0.070	0.404	0.218	0.308
0.085	0.325	0.317	0.274
0.164	0.364	0.149	0.323
0.204	0.272	0.261	0.264
>NNNVCRCGTG	7-NNNVCRCGTG	6.416990	-51.371410	0	T:381.0(5.25%),B:5340.5(3.02%),P:1e-22	Tpos:27.4,Tstd:15.2,Bpos:236.1,Bstd:883.8,StrandBias:1.3,Multiplicity:1.00
0.235	0.274	0.281	0.211
0.240	0.242	0.302	0.217
0.259	0.246	0.321	0.174
0.241	0.319	0.286	0.154
0.162	0.736	0.101	0.001
0.472	0.001	0.368	0.159
0.001	0.718	0.001	0.280
0.307	0.001	0.691	0.001
0.200	0.264	0.001	0.535
0.001	0.001	0.975	0.023
>CAYGTGSBBB	8-CAYGTGSBBB	6.921045	-49.269534	0	T:154.0(2.12%),B:1505.8(0.85%),P:1e-21	Tpos:24.8,Tstd:12.8,Bpos:6616.7,Bstd:11093.1,StrandBias:-0.8,Multiplicity:1.00
0.051	0.881	0.051	0.017
0.543	0.050	0.245	0.162
0.009	0.469	0.041	0.481
0.040	0.080	0.788	0.092
0.125	0.249	0.047	0.579
0.020	0.047	0.796	0.137
0.042	0.438	0.347	0.174
0.140	0.270	0.243	0.347
0.096	0.285	0.261	0.358
0.178	0.236	0.250	0.337
>NNNCACRYGN	9-NNNCACRYGN	5.868084	-39.097770	0	T:207.0(2.85%),B:2586.4(1.46%),P:1e-16	Tpos:18.0,Tstd:0.0,Bpos:15088.0,Bstd:17487.2,StrandBias:-10.0,Multiplicity:1.00
0.252	0.243	0.259	0.246
0.248	0.210	0.305	0.238
0.282	0.285	0.262	0.171
0.157	0.664	0.149	0.030
0.567	0.054	0.304	0.075
0.040	0.818	0.041	0.101
0.462	0.018	0.489	0.030
0.064	0.420	0.023	0.492
0.066	0.078	0.758	0.098
0.190	0.304	0.229	0.277
>VNSCRCGTGB	10-VNSCRCGTGB	6.827937	-23.122320	0	T:245.0(3.38%),B:3831.9(2.17%),P:1e-10	Tpos:26.8,Tstd:11.6,Bpos:436.8,Bstd:1740.6,StrandBias:0.1,Multiplicity:1.03
0.258	0.251	0.321	0.170
0.250	0.223	0.300	0.227
0.223	0.305	0.389	0.082
0.171	0.670	0.042	0.117
0.490	0.001	0.392	0.117
0.001	0.740	0.001	0.258
0.366	0.001	0.629	0.004
0.034	0.347	0.001	0.618
0.001	0.001	0.997	0.001
0.059	0.398	0.282	0.261
>SMGGAAGTGA	11-SMGGAAGTGA	9.616381	-8.389256	0	T:22.0(0.30%),B:217.9(0.12%),P:1e-3	Tpos:26.7,Tstd:10.8,Bpos:3210.4,Bstd:7042.9,StrandBias:0.2,Multiplicity:1.00
0.166	0.331	0.474	0.029
0.457	0.352	0.131	0.060
0.066	0.012	0.874	0.048
0.063	0.082	0.851	0.004
0.978	0.013	0.003	0.006
0.902	0.019	0.001	0.078
0.142	0.143	0.670	0.045
0.043	0.229	0.036	0.692
0.242	0.105	0.535	0.118
0.406	0.176	0.226	0.192
>TTTCASTTCC	12-TTTCASTTCC	10.267382	-6.659851	0	T:15.0(0.21%),B:140.7(0.08%),P:1e-2	Tpos:23.3,Tstd:11.4,Bpos:5567.8,Bstd:9303.3,StrandBias:0.4,Multiplicity:1.00
0.046	0.041	0.089	0.824
0.005	0.297	0.082	0.616
0.091	0.173	0.096	0.640
0.083	0.699	0.077	0.141
0.687	0.024	0.168	0.121
0.015	0.443	0.489	0.054
0.073	0.047	0.048	0.832
0.039	0.054	0.052	0.855
0.034	0.756	0.106	0.104
0.046	0.669	0.010	0.275
>GGAAGTGNAR	13-GGAAGTGNAR	9.504099	-6.060070	0	T:18.0(0.25%),B:197.6(0.11%),P:1e-2	Tpos:24.5,Tstd:14.0,Bpos:4343.8,Bstd:8840.7,StrandBias:0.0,Multiplicity:1.00
0.083	0.001	0.915	0.001
0.190	0.001	0.808	0.001
0.997	0.001	0.001	0.001
0.997	0.001	0.001	0.001
0.117	0.297	0.575	0.011
0.148	0.111	0.001	0.740
0.222	0.001	0.776	0.001
0.335	0.192	0.254	0.219
0.430	0.236	0.193	0.141
0.366	0.184	0.283	0.166
>AASMGGAAGT	14-AASMGGAAGT	9.010864	-5.729892	0	T:55.0(0.76%),B:892.8(0.50%),P:1e-2	Tpos:25.8,Tstd:11.8,Bpos:3443.3,Bstd:9710.0,StrandBias:0.5,Multiplicity:1.00
0.579	0.160	0.141	0.120
0.483	0.116	0.168	0.233
0.087	0.416	0.489	0.007
0.318	0.358	0.163	0.160
0.001	0.001	0.997	0.001
0.206	0.001	0.792	0.001
0.941	0.057	0.001	0.001
0.997	0.001	0.001	0.001
0.133	0.162	0.704	0.001
0.022	0.257	0.049	0.672
>VCCACGCGGN	15-VCCACGCGGN	8.169971	-5.513124	0	T:156.0(2.15%),B:3035.2(1.72%),P:1e-2	Tpos:24.5,Tstd:11.6,Bpos:348.0,Bstd:1546.7,StrandBias:0.2,Multiplicity:1.00
0.324	0.261	0.280	0.135
0.245	0.461	0.239	0.055
0.047	0.911	0.019	0.023
0.892	0.001	0.005	0.102
0.011	0.855	0.012	0.122
0.025	0.024	0.932	0.019
0.281	0.701	0.017	0.001
0.040	0.125	0.712	0.123
0.136	0.200	0.413	0.251
0.237	0.326	0.187	0.250
>VVCACGCGSY	16-VVCACGCGSY	8.526344	-5.268955	0	T:53.0(0.73%),B:875.0(0.49%),P:1e-2	Tpos:32.7,Tstd:9.5,Bpos:1010.6,Bstd:4368.5,StrandBias:0.5,Multiplicity:1.00
0.260	0.230	0.347	0.163
0.282	0.347	0.302	0.069
0.001	0.997	0.001	0.001
0.944	0.001	0.054	0.001
0.001	0.721	0.001	0.277
0.003	0.001	0.976	0.020
0.341	0.657	0.001	0.001
0.001	0.118	0.739	0.142
0.134	0.288	0.426	0.153
0.188	0.304	0.149	0.359
>NGCCKCGTGS	17-NGCCKCGTGS	8.770963	-3.615768	0	T:120.0(1.65%),B:2425.7(1.37%),P:1e-1	Tpos:25.3,Tstd:11.4,Bpos:705.2,Bstd:3153.7,StrandBias:0.2,Multiplicity:1.00
0.194	0.239	0.234	0.334
0.195	0.201	0.474	0.131
0.031	0.581	0.321	0.067
0.055	0.904	0.038	0.003
0.001	0.040	0.531	0.428
0.037	0.888	0.050	0.025
0.249	0.027	0.696	0.028
0.007	0.028	0.004	0.961
0.007	0.021	0.944	0.028
0.135	0.308	0.440	0.118
>NNMGCRTGBB	18-NNMGCRTGBB	7.332751	-1.372635	0	T:33.0(0.45%),B:705.6(0.40%),P:1e0	Tpos:27.0,Tstd:12.9,Bpos:254.7,Bstd:724.3,StrandBias:-0.2,Multiplicity:1.00
0.273	0.195	0.328	0.204
0.221	0.316	0.294	0.169
0.321	0.420	0.215	0.044
0.001	0.001	0.682	0.316
0.001	0.997	0.001	0.001
0.459	0.001	0.539	0.001
0.001	0.102	0.001	0.896
0.001	0.001	0.997	0.001
0.124	0.327	0.308	0.240
0.161	0.256	0.313	0.270
>NNCKCRTGNN	19-NNCKCRTGNN	6.035753	-0.966751	0	T:3.0(0.04%),B:53.9(0.03%),P:1e0	Tpos:33.5,Tstd:1.5,Bpos:1645.6,Bstd:5257.5,StrandBias:0.0,Multiplicity:1.00
0.198	0.275	0.261	0.266
0.232	0.246	0.272	0.250
0.337	0.533	0.072	0.058
0.104	0.052	0.454	0.390
0.067	0.792	0.065	0.076
0.510	0.035	0.402	0.053
0.062	0.098	0.053	0.787
0.063	0.062	0.793	0.082
0.237	0.311	0.239	0.212
0.281	0.226	0.274	0.218
>NNNGCACGYG	20-NNNGCACGYG	7.080270	-0.504655	0	T:45.0(0.62%),B:1132.4(0.64%),P:1e0	Tpos:29.1,Tstd:8.0,Bpos:292.0,Bstd:939.0,StrandBias:-0.4,Multiplicity:1.00
0.276	0.290	0.236	0.198
0.246	0.243	0.329	0.181
0.250	0.251	0.290	0.210
0.207	0.309	0.470	0.014
0.001	0.997	0.001	0.001
0.666	0.001	0.249	0.084
0.001	0.720	0.001	0.278
0.288	0.001	0.710	0.001
0.130	0.415	0.001	0.454
0.046	0.140	0.650	0.164
>CTTCCGSTYT	21-CTTCCGSTYT	8.480752	-0.215415	0	T:2.0(0.03%),B:74.5(0.04%),P:1e0	Tpos:39.5,Tstd:0.5,Bpos:1503.3,Bstd:3849.6,StrandBias:0.0,Multiplicity:1.00
0.001	0.479	0.268	0.252
0.001	0.001	0.001	0.997
0.001	0.046	0.001	0.952
0.001	0.860	0.001	0.138
0.001	0.866	0.001	0.132
0.006	0.157	0.514	0.323
0.004	0.369	0.391	0.236
0.209	0.238	0.139	0.414
0.108	0.285	0.182	0.425
0.227	0.197	0.192	0.384
>YCACTTCCKS	22-YCACTTCCKS	9.391812	-0.175969	0	T:9.0(0.12%),B:291.1(0.16%),P:1e0	Tpos:20.7,Tstd:11.5,Bpos:2740.7,Bstd:6480.0,StrandBias:0.0,Multiplicity:1.00
0.203	0.286	0.151	0.360
0.107	0.455	0.204	0.233
0.612	0.059	0.328	0.001
0.001	0.702	0.084	0.213
0.067	0.001	0.001	0.931
0.023	0.001	0.001	0.975
0.001	0.910	0.009	0.080
0.001	0.956	0.001	0.042
0.037	0.021	0.444	0.497
0.037	0.405	0.414	0.144
>NSMGGAAGYV	23-NSMGGAAGYV	9.334753	-0.000050	0	T:8.0(0.11%),B:590.8(0.33%),P:1e0	Tpos:21.1,Tstd:12.4,Bpos:245.8,Bstd:724.0,StrandBias:0.7,Multiplicity:1.00
0.247	0.206	0.305	0.242
0.124	0.501	0.374	0.001
0.488	0.510	0.001	0.001
0.001	0.001	0.997	0.001
0.001	0.001	0.997	0.001
0.997	0.001	0.001	0.001
0.997	0.001	0.001	0.001
0.123	0.051	0.825	0.001
0.009	0.506	0.001	0.484
0.329	0.320	0.336	0.014
>VGCRTGYKNN	24-VGCRTGYKNN	7.250758	-0.000006	0	T:58.0(0.80%),B:2387.2(1.35%),P:1e0	Tpos:24.9,Tstd:11.5,Bpos:291.0,Bstd:838.5,StrandBias:-0.1,Multiplicity:1.02
0.231	0.377	0.240	0.153
0.152	0.321	0.526	0.001
0.001	0.879	0.001	0.119
0.519	0.001	0.479	0.001
0.001	0.421	0.001	0.577
0.001	0.001	0.997	0.001
0.001	0.559	0.001	0.439
0.001	0.059	0.516	0.424
0.198	0.317	0.204	0.281
0.182	0.281	0.306	0.231
>CGCACGCRCG	25-CGCACGCRCG	9.466246	-0.000000	0	T:46.0(0.63%),B:2150.5(1.22%),P:1e0	Tpos:27.2,Tstd:12.0,Bpos:302.1,Bstd:777.7,StrandBias:-0.5,Multiplicity:1.05
0.162	0.575	0.098	0.165
0.214	0.094	0.580	0.112
0.001	0.997	0.001	0.001
0.627	0.001	0.371	0.001
0.048	0.569	0.001	0.382
0.130	0.001	0.868	0.001
0.001	0.997	0.001	0.001
0.384	0.034	0.500	0.082
0.021	0.560	0.130	0.289
0.168	0.170	0.558	0.104
>NVCACGTGBHNN	1-NVCACGTGBHNN	6.552693	-278.608306	0	T:1008.0(13.89%),B:10760.5(6.08%),P:1e-120	Tpos:25.7,Tstd:10.8,Bpos:3346.4,Bstd:10524.4,StrandBias:-0.1,Multiplicity:1.00
0.305	0.267	0.244	0.185
0.289	0.312	0.314	0.085
0.001	0.997	0.001	0.001
0.559	0.001	0.283	0.157
0.001	0.623	0.001	0.375
0.322	0.001	0.676	0.001
0.165	0.244	0.001	0.590
0.001	0.001	0.997	0.001
0.099	0.281	0.368	0.252
0.228	0.212	0.202	0.358
0.195	0.250	0.255	0.300
0.207	0.278	0.277	0.238
>NNNSCACGTGBB	2-NNNSCACGTGBB	7.072950	-275.285405	0	T:1012.0(13.95%),B:10889.3(6.16%),P:1e-119	Tpos:25.7,Tstd:11.0,Bpos:1121.5,Bstd:4701.1,StrandBias:-0.1,Multiplicity:1.02
0.258	0.301	0.249	0.193
0.243	0.237	0.331	0.189
0.326	0.207	0.250	0.217
0.215	0.380	0.373	0.032
0.009	0.989	0.001	0.001
0.697	0.005	0.173	0.125
0.001	0.738	0.014	0.247
0.233	0.001	0.765	0.001
0.078	0.193	0.001	0.728
0.001	0.001	0.990	0.008
0.049	0.371	0.357	0.223
0.157	0.268	0.234	0.341
>NDSCACATGGSN	3-NDSCACATGGSN	9.135820	-83.967657	0	T:221.0(3.05%),B:1939.8(1.10%),P:1e-36	Tpos:24.5,Tstd:11.5,Bpos:4544.0,Bstd:12411.4,StrandBias:0.5,Multiplicity:1.02
0.275	0.273	0.282	0.170
0.291	0.175	0.337	0.198
0.113	0.471	0.344	0.072
0.044	0.954	0.001	0.001
0.820	0.017	0.122	0.041
0.015	0.983	0.001	0.001
0.958	0.040	0.001	0.001
0.005	0.001	0.028	0.966
0.001	0.001	0.997	0.001
0.058	0.161	0.474	0.308
0.115	0.386	0.269	0.230
0.240	0.265	0.210	0.285
>TTTCASTTCCTC	4-TTTCASTTCCTC	11.877014	-13.932267	0	T:10.0(0.14%),B:26.5(0.02%),P:1e-6	Tpos:28.1,Tstd:9.1,Bpos:3130.2,Bstd:3134.5,StrandBias:2.6,Multiplicity:1.00
0.049	0.049	0.111	0.791
0.001	0.323	0.077	0.599
0.027	0.225	0.116	0.632
0.001	0.986	0.012	0.001
0.582	0.005	0.091	0.322
0.055	0.498	0.375	0.072
0.021	0.001	0.009	0.969
0.001	0.029	0.051	0.919
0.001	0.723	0.008	0.268
0.001	0.859	0.012	0.128
0.121	0.220	0.197	0.462
0.026	0.521	0.279	0.174
>CACTTCCBBTTT	5-CACTTCCBBTTT	9.562821	-10.124451	0	T:36.0(0.50%),B:405.9(0.23%),P:1e-4	Tpos:25.8,Tstd:11.2,Bpos:2068.4,Bstd:6301.4,StrandBias:-0.2,Multiplicity:1.00
0.212	0.470	0.184	0.133
0.438	0.165	0.269	0.129
0.001	0.648	0.282	0.069
0.021	0.001	0.001	0.977
0.001	0.061	0.001	0.937
0.001	0.933	0.001	0.065
0.001	0.911	0.001	0.087
0.018	0.279	0.410	0.293
0.001	0.391	0.330	0.277
0.241	0.196	0.050	0.513
0.134	0.214	0.084	0.568
0.170	0.257	0.162	0.411
>CACGWGGDDGVS	6-CACGWGGDDGVS	9.778677	-9.347887	0	T:48.0(0.66%),B:629.7(0.36%),P:1e-4	Tpos:32.1,Tstd:13.1,Bpos:356.1,Bstd:1511.8,StrandBias:-0.4,Multiplicity:1.00
0.001	0.997	0.001	0.001
0.997	0.001	0.001	0.001
0.001	0.997	0.001	0.001
0.001	0.001	0.997	0.001
0.402	0.127	0.001	0.470
0.001	0.001	0.997	0.001
0.369	0.066	0.564	0.001
0.239	0.195	0.351	0.215
0.208	0.172	0.274	0.346
0.236	0.185	0.403	0.176
0.256	0.364	0.257	0.123
0.185	0.455	0.359	0.001
>ACTTCCBSTTTY	7-ACTTCCBSTTTY	9.987254	-8.445070	0	T:21.0(0.29%),B:201.1(0.11%),P:1e-3	Tpos:26.5,Tstd:11.8,Bpos:8385.7,Bstd:11051.2,StrandBias:-2.0,Multiplicity:1.00
0.551	0.188	0.189	0.072
0.021	0.634	0.218	0.127
0.176	0.005	0.001	0.818
0.001	0.063	0.034	0.902
0.001	0.709	0.087	0.203
0.001	0.864	0.037	0.098
0.147	0.239	0.272	0.341
0.001	0.473	0.391	0.135
0.180	0.179	0.078	0.563
0.073	0.129	0.110	0.688
0.058	0.346	0.101	0.496
0.059	0.403	0.160	0.378
>ACACRTGYGCAG	8-ACACRTGYGCAG	10.789981	-7.366246	0	T:28.0(0.39%),B:334.5(0.19%),P:1e-3	Tpos:28.9,Tstd:10.5,Bpos:1668.5,Bstd:4540.6,StrandBias:0.2,Multiplicity:1.00
0.591	0.181	0.193	0.035
0.034	0.964	0.001	0.001
0.761	0.001	0.237	0.001
0.001	0.866	0.001	0.132
0.489	0.001	0.509	0.001
0.001	0.030	0.001	0.968
0.001	0.001	0.997	0.001
0.054	0.469	0.140	0.336
0.140	0.069	0.790	0.001
0.150	0.539	0.242	0.069
0.622	0.023	0.354	0.001
0.157	0.094	0.599	0.150
>ACTTCCBCTTTY	9-ACTTCCBCTTTY	10.289835	-7.242526	0	T:38.0(0.52%),B:512.7(0.29%),P:1e-3	Tpos:21.5,Tstd:11.0,Bpos:4948.3,Bstd:10196.4,StrandBias:2.2,Multiplicity:1.00
0.490	0.142	0.256	0.112
0.022	0.740	0.186	0.052
0.016	0.001	0.001	0.982
0.001	0.007	0.060	0.932
0.001	0.910	0.005	0.084
0.001	0.723	0.001	0.275
0.026	0.231	0.368	0.375
0.001	0.659	0.190	0.150
0.193	0.208	0.014	0.585
0.026	0.051	0.100	0.823
0.036	0.220	0.177	0.567
0.092	0.347	0.201	0.361
>NNNNNSCDCRTG	10-NNNNNSCDCRTG	8.097808	-6.696148	0	T:9.0(0.12%),B:58.6(0.03%),P:1e-2	Tpos:29.0,Tstd:7.4,Bpos:1342.8,Bstd:3273.0,StrandBias:0.4,Multiplicity:1.00
0.186	0.287	0.317	0.210
0.250	0.293	0.277	0.180
0.206	0.292	0.274	0.228
0.224	0.254	0.264	0.259
0.226	0.211	0.302	0.260
0.001	0.514	0.484	0.001
0.001	0.970	0.028	0.001
0.362	0.001	0.281	0.356
0.001	0.997	0.001	0.001
0.538	0.001	0.460	0.001
0.001	0.001	0.001	0.997
0.001	0.001	0.997	0.001
>TYYCACTTCCTC	11-TYYCACTTCCTC	10.961141	-5.892513	0	T:25.0(0.34%),B:320.0(0.18%),P:1e-2	Tpos:25.8,Tstd:11.5,Bpos:2739.1,Bstd:6348.2,StrandBias:0.0,Multiplicity:1.00
0.073	0.265	0.169	0.494
0.082	0.320	0.172	0.426
0.046	0.388	0.152	0.413
0.001	0.852	0.014	0.133
0.671	0.065	0.094	0.170
0.001	0.730	0.193	0.076
0.008	0.001	0.001	0.990
0.001	0.015	0.011	0.973
0.001	0.946	0.001	0.052
0.001	0.938	0.010	0.051
0.064	0.191	0.176	0.569
0.001	0.513	0.358	0.128
>RGSCACGCGGCS	12-RGSCACGCGGCS	10.647967	-2.325355	0	T:32.0(0.44%),B:604.1(0.34%),P:1e-1	Tpos:22.2,Tstd:12.4,Bpos:275.8,Bstd:572.1,StrandBias:0.4,Multiplicity:1.00
0.229	0.210	0.366	0.195
0.198	0.223	0.388	0.191
0.184	0.395	0.421	0.001
0.001	0.997	0.001	0.001
0.997	0.001	0.001	0.001
0.001	0.947	0.001	0.051
0.001	0.001	0.997	0.001
0.353	0.645	0.001	0.001
0.001	0.001	0.997	0.001
0.001	0.241	0.757	0.001
0.137	0.455	0.169	0.239
0.161	0.369	0.288	0.182
>RCTTYCHCTTYC	13-RCTTYCHCTTYC	10.849988	-2.167853	0	T:19.0(0.26%),B:337.9(0.19%),P:1e0	Tpos:25.8,Tstd:13.1,Bpos:2594.1,Bstd:5244.8,StrandBias:0.0,Multiplicity:1.00
0.373	0.102	0.387	0.138
0.026	0.536	0.261	0.177
0.008	0.068	0.042	0.882
0.001	0.081	0.118	0.800
0.001	0.529	0.001	0.469
0.001	0.997	0.001	0.001
0.303	0.237	0.142	0.318
0.001	0.543	0.299	0.157
0.001	0.051	0.001	0.947
0.001	0.094	0.001	0.904
0.001	0.491	0.022	0.485
0.001	0.657	0.001	0.341
>BBGTCRCGYGYN	14-BBGTCRCGYGYN	9.365238	-2.105759	0	T:3.0(0.04%),B:28.5(0.02%),P:1e0	Tpos:11.7,Tstd:5.2,Bpos:1757.9,Bstd:3384.4,StrandBias:-1.0,Multiplicity:1.00
0.001	0.346	0.302	0.351
0.001	0.296	0.330	0.373
0.141	0.204	0.478	0.177
0.122	0.162	0.160	0.556
0.001	0.997	0.001	0.001
0.543	0.001	0.455	0.001
0.001	0.649	0.001	0.349
0.001	0.001	0.997	0.001
0.001	0.473	0.001	0.525
0.001	0.001	0.997	0.001
0.172	0.379	0.001	0.448
0.310	0.247	0.231	0.213
>VNNVCVCRCGYG	15-VNNVCVCRCGYG	7.431807	-2.027940	0	T:12.0(0.17%),B:199.5(0.11%),P:1e0	Tpos:27.5,Tstd:7.3,Bpos:332.3,Bstd:1244.3,StrandBias:-1.6,Multiplicity:1.00
0.207	0.341	0.266	0.185
0.188	0.288	0.310	0.214
0.216	0.260	0.316	0.208
0.367	0.283	0.349	0.001
0.246	0.408	0.208	0.138
0.262	0.275	0.352	0.111
0.001	0.891	0.001	0.107
0.524	0.001	0.474	0.001
0.068	0.587	0.001	0.344
0.229	0.001	0.769	0.001
0.001	0.497	0.001	0.501
0.132	0.165	0.574	0.129
>NCRCRCGCRCRC	16-NCRCRCGCRCRC	9.575905	-1.399456	0	T:10.0(0.14%),B:186.1(0.11%),P:1e0	Tpos:26.7,Tstd:11.2,Bpos:264.7,Bstd:291.1,StrandBias:-0.6,Multiplicity:1.00
0.277	0.299	0.251	0.174
0.279	0.475	0.019	0.227
0.440	0.054	0.477	0.028
0.030	0.582	0.033	0.355
0.419	0.036	0.514	0.031
0.026	0.601	0.022	0.351
0.394	0.029	0.548	0.029
0.040	0.841	0.061	0.058
0.510	0.031	0.435	0.024
0.055	0.802	0.066	0.077
0.471	0.040	0.453	0.036
0.044	0.826	0.064	0.066
>CGCGCGCACGCR	17-CGCGCGCACGCR	14.424403	-1.061140	0	T:9.0(0.12%),B:183.5(0.10%),P:1e0	Tpos:20.3,Tstd:10.8,Bpos:332.3,Bstd:533.6,StrandBias:0.0,Multiplicity:1.00
0.001	0.997	0.001	0.001
0.149	0.001	0.788	0.062
0.001	0.997	0.001	0.001
0.262	0.001	0.736	0.001
0.001	0.879	0.001	0.119
0.120	0.001	0.878	0.001
0.001	0.997	0.001	0.001
0.641	0.001	0.357	0.001
0.001	0.997	0.001	0.001
0.284	0.001	0.714	0.001
0.001	0.997	0.001	0.001
0.543	0.001	0.455	0.001
>CGCGTGCGCGTG	18-CGCGTGCGCGTG	11.665013	-0.940707	0	T:15.0(0.21%),B:331.2(0.19%),P:1e0	Tpos:20.0,Tstd:7.0,Bpos:285.6,Bstd:1016.5,StrandBias:-10.0,Multiplicity:1.00
0.090	0.713	0.117	0.080
0.073	0.092	0.772	0.063
0.056	0.747	0.094	0.103
0.072	0.105	0.770	0.053
0.067	0.114	0.109	0.710
0.042	0.098	0.820	0.040
0.058	0.759	0.085	0.098
0.082	0.093	0.750	0.075
0.073	0.759	0.066	0.102
0.089	0.108	0.752	0.051
0.085	0.142	0.139	0.634
0.038	0.074	0.816	0.072
>RCACACRCGCGY	19-RCACACRCGCGY	12.214106	-0.593137	0	T:1.0(0.01%),B:19.9(0.01%),P:1e0	Tpos:18.0,Tstd:0.0,Bpos:845.4,Bstd:1837.1,StrandBias:-10.0,Multiplicity:1.00
0.310	0.263	0.415	0.012
0.001	0.997	0.001	0.001
0.564	0.179	0.256	0.001
0.001	0.997	0.001	0.001
0.594	0.001	0.404	0.001
0.001	0.997	0.001	0.001
0.530	0.001	0.468	0.001
0.001	0.997	0.001	0.001
0.392	0.001	0.606	0.001
0.001	0.997	0.001	0.001
0.346	0.001	0.652	0.001
0.205	0.374	0.001	0.419
>GGCCGCGTGGDN	20-GGCCGCGTGGDN	9.158177	-0.549423	0	T:211.0(2.91%),B:5203.5(2.94%),P:1e0	Tpos:25.8,Tstd:10.8,Bpos:341.8,Bstd:1437.5,StrandBias:0.1,Multiplicity:1.02
0.201	0.151	0.459	0.189
0.213	0.173	0.422	0.192
0.166	0.488	0.285	0.060
0.001	0.997	0.001	0.001
0.001	0.001	0.687	0.311
0.001	0.997	0.001	0.001
0.001	0.001	0.997	0.001
0.001	0.001	0.001	0.997
0.001	0.001	0.997	0.001
0.097	0.200	0.447	0.256
0.203	0.170	0.340	0.287
0.199	0.297	0.241	0.263
>CACGCGCGCACG	21-CACGCGCGCACG	12.891267	-0.431009	0	T:32.0(0.44%),B:826.5(0.47%),P:1e0	Tpos:28.1,Tstd:11.1,Bpos:338.5,Bstd:1052.8,StrandBias:0.2,Multiplicity:1.00
0.001	0.776	0.222	0.001
0.853	0.001	0.145	0.001
0.001	0.958	0.001	0.040
0.226	0.001	0.772	0.001
0.001	0.997	0.001	0.001
0.189	0.001	0.809	0.001
0.001	0.893	0.001	0.105
0.082	0.096	0.821	0.001
0.001	0.997	0.001	0.001
0.875	0.001	0.123	0.001
0.001	0.922	0.076	0.001
0.347	0.001	0.651	0.001
>NRCRCACACGYN	22-NRCRCACACGYN	8.010343	-0.284487	0	T:4.0(0.06%),B:125.5(0.07%),P:1e0	Tpos:21.0,Tstd:9.0,Bpos:1847.6,Bstd:6604.9,StrandBias:1.0,Multiplicity:1.00
0.217	0.216	0.228	0.339
0.366	0.123	0.423	0.088
0.113	0.658	0.123	0.106
0.444	0.130	0.341	0.086
0.106	0.691	0.119	0.084
0.512	0.095	0.326	0.067
0.094	0.724	0.093	0.089
0.535	0.073	0.325	0.067
0.073	0.580	0.095	0.252
0.278	0.092	0.535	0.095
0.073	0.442	0.123	0.361
0.228	0.220	0.294	0.258
>ACACGYGYGCSB	23-ACACGYGYGCSB	9.924016	-0.259592	0	T:20.0(0.28%),B:566.0(0.32%),P:1e0	Tpos:20.6,Tstd:11.2,Bpos:429.4,Bstd:1829.7,StrandBias:-0.6,Multiplicity:1.00
0.701	0.002	0.154	0.143
0.026	0.968	0.005	0.001
0.796	0.001	0.176	0.027
0.001	0.856	0.001	0.142
0.375	0.001	0.623	0.001
0.001	0.474	0.001	0.524
0.009	0.001	0.989	0.001
0.034	0.525	0.001	0.440
0.113	0.183	0.555	0.149
0.194	0.390	0.236	0.180
0.154	0.442	0.320	0.084
0.169	0.320	0.226	0.285
>NCRCGYGTGNVN	24-NCRCGYGTGNVN	8.196432	-0.195292	0	T:1.0(0.01%),B:42.8(0.02%),P:1e0	Tpos:15.0,Tstd:0.0,Bpos:258.1,Bstd:276.2,StrandBias:10.0,Multiplicity:1.00
0.203	0.246	0.335	0.215
0.001	0.997	0.001	0.001
0.398	0.001	0.414	0.187
0.001	0.645	0.003	0.351
0.370	0.001	0.628	0.001
0.160	0.383	0.026	0.431
0.001	0.001	0.997	0.001
0.001	0.254	0.275	0.470
0.001	0.369	0.629	0.001
0.223	0.310	0.249	0.218
0.344	0.331	0.325	0.001
0.184	0.275	0.285	0.255
>GYGCGCGYGCGC	25-GYGCGCGYGCGC	13.105601	-0.000673	0	T:10.0(0.14%),B:573.6(0.32%),P:1e0	Tpos:24.5,Tstd:9.7,Bpos:293.1,Bstd:651.8,StrandBias:-2.0,Multiplicity:1.00
0.089	0.291	0.619	0.001
0.103	0.447	0.099	0.351
0.001	0.001	0.997	0.001
0.001	0.696	0.001	0.302
0.001	0.001	0.997	0.001
0.001	0.725	0.001	0.273
0.250	0.001	0.748	0.001
0.001	0.432	0.001	0.566
0.001	0.001	0.997	0.001
0.001	0.710	0.001	0.288
0.129	0.051	0.798	0.022
0.001	0.883	0.101	0.015
>ACCACGTG	1-ACCACGTG	6.693148	-292.109306	0	T:1242.0(17.12%),B:14420.5(8.15%),P:1e-126	Tpos:25.9,Tstd:11.6,Bpos:1846.2,Bstd:6877.4,StrandBias:-0.1,Multiplicity:1.03
0.496	0.166	0.233	0.105
0.072	0.818	0.109	0.001
0.001	0.997	0.001	0.001
0.954	0.001	0.028	0.017
0.001	0.925	0.001	0.073
0.036	0.001	0.962	0.001
0.006	0.023	0.001	0.970
0.001	0.001	0.997	0.001
>RSCACGTG	2-RSCACGTG	6.723286	-213.291297	0	T:1896.0(26.13%),B:29021.7(16.41%),P:1e-92	Tpos:25.2,Tstd:12.4,Bpos:902.5,Bstd:4238.4,StrandBias:0.2,Multiplicity:1.03
0.304	0.219	0.401	0.077
0.200	0.378	0.421	0.001
0.001	0.997	0.001	0.001
0.741	0.001	0.257	0.001
0.001	0.703	0.001	0.295
0.263	0.001	0.735	0.001
0.047	0.224	0.001	0.728
0.001	0.001	0.997	0.001
>CACGTGSN	3-CACGTGSN	7.239604	-200.996627	0	T:931.0(12.83%),B:11087.6(6.27%),P:1e-87	Tpos:19.0,Tstd:12.9,Bpos:2099.6,Bstd:6320.1,StrandBias:-0.7,Multiplicity:1.00
0.001	0.997	0.001	0.001
0.636	0.001	0.203	0.160
0.001	0.812	0.001	0.186
0.262	0.001	0.736	0.001
0.056	0.145	0.001	0.798
0.001	0.001	0.986	0.012
0.018	0.362	0.392	0.228
0.197	0.308	0.262	0.232
>CACGTGSD	4-CACGTGSD	7.009271	-190.521709	0	T:870.0(11.99%),B:10279.0(5.81%),P:1e-82	Tpos:15.0,Tstd:17.6,Bpos:3273.9,Bstd:7244.2,StrandBias:0.0,Multiplicity:1.00
0.001	0.997	0.001	0.001
0.644	0.001	0.221	0.134
0.001	0.800	0.001	0.198
0.164	0.001	0.834	0.001
0.130	0.150	0.001	0.719
0.001	0.001	0.997	0.001
0.001	0.389	0.396	0.214
0.257	0.001	0.350	0.392
>NNCACGTG	5-NNCACGTG	6.405184	-189.159227	0	T:788.0(10.86%),B:8919.8(5.04%),P:1e-82	Tpos:27.2,Tstd:14.1,Bpos:2218.2,Bstd:6814.9,StrandBias:0.7,Multiplicity:1.00
0.263	0.301	0.267	0.168
0.238	0.309	0.248	0.204
0.042	0.906	0.001	0.051
0.488	0.024	0.253	0.234
0.001	0.701	0.001	0.297
0.182	0.001	0.811	0.006
0.063	0.220	0.001	0.716
0.052	0.080	0.716	0.152
>RVCACGTG	6-RVCACGTG	7.264738	-164.621019	0	T:615.0(8.48%),B:6579.1(3.72%),P:1e-71	Tpos:24.8,Tstd:12.7,Bpos:505.8,Bstd:2148.4,StrandBias:0.1,Multiplicity:1.00
0.379	0.201	0.266	0.154
0.235	0.373	0.320	0.071
0.001	0.997	0.001	0.001
0.488	0.001	0.321	0.190
0.001	0.762	0.001	0.236
0.206	0.001	0.792	0.001
0.099	0.099	0.001	0.801
0.001	0.001	0.997	0.001
>CACGTGVN	7-CACGTGVN	6.373243	-120.253496	0	T:1085.0(14.95%),B:16293.5(9.21%),P:1e-52	Tpos:24.4,Tstd:11.7,Bpos:283.9,Bstd:1012.9,StrandBias:-0.6,Multiplicity:1.01
0.045	0.942	0.012	0.001
0.518	0.001	0.342	0.139
0.018	0.755	0.078	0.149
0.295	0.001	0.696	0.008
0.127	0.166	0.001	0.706
0.075	0.024	0.783	0.118
0.197	0.340	0.296	0.167
0.218	0.273	0.281	0.228
>MCACGTGC	8-MCACGTGC	8.012186	-118.709726	0	T:408.0(5.62%),B:4166.5(2.36%),P:1e-51	Tpos:25.7,Tstd:14.9,Bpos:2173.5,Bstd:8881.6,StrandBias:0.5,Multiplicity:1.00
0.408	0.364	0.166	0.062
0.084	0.892	0.013	0.011
0.590	0.001	0.289	0.120
0.005	0.678	0.001	0.316
0.390	0.001	0.608	0.001
0.008	0.079	0.006	0.907
0.006	0.001	0.989	0.004
0.055	0.650	0.224	0.071
>GCCACRTG	9-GCCACRTG	7.556658	-112.602309	0	T:417.0(5.75%),B:4423.8(2.50%),P:1e-48	Tpos:25.7,Tstd:12.2,Bpos:4050.7,Bstd:8831.3,StrandBias:0.3,Multiplicity:1.00
0.153	0.224	0.416	0.207
0.210	0.588	0.171	0.031
0.065	0.897	0.014	0.024
0.803	0.006	0.089	0.102
0.008	0.777	0.001	0.214
0.456	0.001	0.542	0.001
0.063	0.288	0.003	0.646
0.039	0.049	0.724	0.188
>GVCACGTG	10-GVCACGTG	6.983065	-97.325351	0	T:513.0(7.07%),B:6369.5(3.60%),P:1e-42	Tpos:24.5,Tstd:13.0,Bpos:4946.7,Bstd:14746.2,StrandBias:-0.5,Multiplicity:1.00
0.171	0.200	0.424	0.204
0.321	0.271	0.276	0.133
0.039	0.959	0.001	0.001
0.724	0.001	0.156	0.119
0.001	0.638	0.001	0.360
0.208	0.001	0.775	0.016
0.065	0.199	0.001	0.735
0.001	0.102	0.849	0.048
>GMCACRTG	11-GMCACRTG	6.721715	-90.395793	0	T:708.0(9.76%),B:10120.2(5.72%),P:1e-39	Tpos:27.0,Tstd:11.1,Bpos:5601.5,Bstd:13132.7,StrandBias:-0.1,Multiplicity:1.00
0.187	0.133	0.551	0.129
0.299	0.368	0.187	0.146
0.110	0.849	0.001	0.040
0.663	0.001	0.223	0.113
0.002	0.835	0.001	0.162
0.514	0.001	0.481	0.004
0.182	0.133	0.001	0.684
0.001	0.001	0.953	0.045
>SCACGTGT	12-SCACGTGT	8.055580	-87.980635	0	T:374.0(5.15%),B:4234.5(2.39%),P:1e-38	Tpos:24.1,Tstd:14.1,Bpos:7539.6,Bstd:12870.5,StrandBias:-0.3,Multiplicity:1.00
0.001	0.433	0.538	0.028
0.001	0.997	0.001	0.001
0.746	0.001	0.146	0.107
0.001	0.757	0.001	0.241
0.413	0.001	0.585	0.001
0.043	0.027	0.001	0.929
0.001	0.001	0.945	0.053
0.062	0.223	0.171	0.544
>CACGTGCR	13-CACGTGCR	7.769561	-44.205311	0	T:358.0(4.93%),B:5160.6(2.92%),P:1e-19	Tpos:22.8,Tstd:12.7,Bpos:5422.9,Bstd:11821.5,StrandBias:-0.5,Multiplicity:1.00
0.064	0.934	0.001	0.001
0.737	0.001	0.063	0.199
0.001	0.635	0.001	0.363
0.184	0.001	0.814	0.001
0.022	0.189	0.001	0.788
0.001	0.001	0.997	0.001
0.058	0.568	0.142	0.232
0.398	0.186	0.257	0.159
>SCRCRTGY	14-SCRCRTGY	8.235381	-0.348708	0	T:85.0(1.17%),B:2188.6(1.24%),P:1e0	Tpos:26.5,Tstd:10.7,Bpos:3278.3,Bstd:9494.0,StrandBias:-0.2,Multiplicity:1.00
0.158	0.408	0.433	0.001
0.057	0.941	0.001	0.001
0.521	0.001	0.477	0.001
0.001	0.997	0.001	0.001
0.502	0.001	0.496	0.001
0.001	0.001	0.001	0.997
0.001	0.001	0.997	0.001
0.001	0.545	0.012	0.442
>VCATGTGT	15-VCATGTGT	8.586268	-0.143306	0	T:43.0(0.59%),B:1229.3(0.70%),P:1e0	Tpos:24.9,Tstd:11.2,Bpos:8188.5,Bstd:12946.4,StrandBias:-1.4,Multiplicity:1.00
0.257	0.389	0.353	0.001
0.001	0.997	0.001	0.001
0.997	0.001	0.001	0.001
0.001	0.336	0.001	0.662
0.001	0.001	0.997	0.001
0.346	0.072	0.001	0.581
0.001	0.001	0.997	0.001
0.147	0.111	0.189	0.553
>GGAAGTGA	16-GGAAGTGA	8.630170	-0.013486	0	T:83.0(1.14%),B:2552.4(1.44%),P:1e0	Tpos:22.5,Tstd:15.1,Bpos:3588.4,Bstd:8087.1,StrandBias:0.4,Multiplicity:1.00
0.053	0.032	0.908	0.007
0.050	0.130	0.812	0.008
0.941	0.012	0.013	0.034
0.806	0.033	0.004	0.157
0.068	0.133	0.777	0.022
0.033	0.244	0.025	0.698
0.221	0.077	0.588	0.114
0.479	0.147	0.216	0.158
>RCSCAYGC	17-RCSCAYGC	6.912696	-0.010934	0	T:61.0(0.84%),B:1964.8(1.11%),P:1e0	Tpos:29.6,Tstd:12.5,Bpos:346.6,Bstd:939.6,StrandBias:-0.7,Multiplicity:1.24
0.364	0.204	0.264	0.168
0.233	0.434	0.242	0.092
0.261	0.294	0.418	0.028
0.009	0.989	0.001	0.001
0.729	0.001	0.265	0.005
0.013	0.485	0.019	0.482
0.079	0.004	0.916	0.001
0.062	0.725	0.001	0.212
>VACGCRTG	18-VACGCRTG	6.484995	-0.001955	0	T:11.0(0.15%),B:566.4(0.32%),P:1e0	Tpos:11.5,Tstd:1.5,Bpos:1612.5,Bstd:7272.5,StrandBias:-10.0,Multiplicity:1.00
0.237	0.292	0.341	0.130
0.395	0.245	0.200	0.160
0.246	0.542	0.100	0.112
0.257	0.023	0.492	0.228
0.012	0.811	0.001	0.176
0.510	0.024	0.449	0.017
0.045	0.154	0.059	0.742
0.043	0.012	0.907	0.038
>SCAYGCGT	19-SCAYGCGT	7.922809	-0.000441	0	T:22.0(0.30%),B:1007.1(0.57%),P:1e0	Tpos:23.0,Tstd:13.1,Bpos:551.8,Bstd:2590.6,StrandBias:-0.6,Multiplicity:1.00
0.146	0.348	0.455	0.051
0.001	0.984	0.001	0.014
0.743	0.001	0.173	0.083
0.001	0.533	0.001	0.465
0.150	0.001	0.848	0.001
0.028	0.670	0.001	0.301
0.088	0.083	0.672	0.157
0.018	0.274	0.086	0.622
>RCATGCGN	20-RCATGCGN	7.162150	-0.000118	0	T:16.0(0.22%),B:861.6(0.49%),P:1e0	Tpos:20.6,Tstd:8.6,Bpos:1165.4,Bstd:4042.7,StrandBias:-0.9,Multiplicity:1.00
0.269	0.239	0.401	0.092
0.001	0.997	0.001	0.001
0.899	0.001	0.099	0.001
0.001	0.412	0.001	0.586
0.042	0.001	0.956	0.001
0.031	0.589	0.001	0.379
0.117	0.129	0.537	0.217
0.259	0.221	0.211	0.309
>AGGAAGTG	21-AGGAAGTG	10.268231	-0.000044	0	T:93.0(1.28%),B:3318.1(1.88%),P:1e0	Tpos:26.2,Tstd:13.1,Bpos:2751.2,Bstd:8416.2,StrandBias:0.3,Multiplicity:1.01
0.699	0.209	0.070	0.022
0.010	0.001	0.988	0.001
0.010	0.001	0.988	0.001
0.997	0.001	0.001	0.001
0.980	0.001	0.001	0.018
0.049	0.082	0.868	0.001
0.001	0.035	0.017	0.947
0.138	0.041	0.802	0.019
>ACTTCCBS	22-ACTTCCBS	8.372297	-0.000040	0	T:76.0(1.05%),B:2822.5(1.60%),P:1e0	Tpos:25.7,Tstd:11.7,Bpos:482.1,Bstd:2063.5,StrandBias:-0.6,Multiplicity:1.00
0.777	0.036	0.155	0.032
0.028	0.773	0.001	0.198
0.067	0.001	0.016	0.916
0.015	0.007	0.025	0.953
0.005	0.863	0.058	0.074
0.007	0.927	0.014	0.052
0.033	0.224	0.372	0.371
0.014	0.378	0.423	0.185
>HMGCATGC	23-HMGCATGC	6.051589	-0.000005	0	T:21.0(0.29%),B:1172.3(0.66%),P:1e0	Tpos:18.5,Tstd:13.7,Bpos:1927.6,Bstd:7859.4,StrandBias:-10.0,Multiplicity:1.00
0.357	0.217	0.157	0.269
0.275	0.416	0.166	0.144
0.292	0.152	0.488	0.068
0.047	0.868	0.052	0.033
0.644	0.024	0.285	0.047
0.090	0.332	0.054	0.524
0.035	0.031	0.879	0.055
0.220	0.461	0.081	0.237
>GCACGCGC	24-GCACGCGC	10.880580	-0.000000	0	T:193.0(2.66%),B:6676.2(3.78%),P:1e0	Tpos:26.6,Tstd:11.6,Bpos:396.7,Bstd:1796.1,StrandBias:0.4,Multiplicity:1.00
0.001	0.001	0.997	0.001
0.001	0.997	0.001	0.001
0.997	0.001	0.001	0.001
0.001	0.997	0.001	0.001
0.001	0.001	0.997	0.001
0.001	0.997	0.001	0.001
0.001	0.001	0.997	0.001
0.001	0.828	0.170	0.001
>NMGCATGY	25-NMGCATGY	7.066982	0.000000	0	T:52.0(0.72%),B:2860.7(1.62%),P:1e0	Tpos:26.0,Tstd:12.4,Bpos:759.3,Bstd:2712.7,StrandBias:0.0,Multiplicity:1.00
0.232	0.223	0.314	0.232
0.335	0.479	0.013	0.173
0.400	0.001	0.569	0.030
0.001	0.977	0.001	0.021
0.663	0.001	0.335	0.001
0.001	0.137	0.001	0.861
0.001	0.001	0.997	0.001
0.134	0.376	0.169	0.321
