>SCGCCACSTGCG	20-SCGCCACSTGCG	12.536265	-2.089613	0	T:4.0(0.10%),B:71.7(0.05%),P:1e0
0.014	0.476	0.440	0.070
0.034	0.809	0.088	0.069
0.045	0.057	0.845	0.053
0.009	0.957	0.006	0.028
0.059	0.774	0.119	0.048
0.594	0.351	0.008	0.047
0.024	0.784	0.154	0.038
0.047	0.501	0.435	0.017
0.038	0.156	0.068	0.738
0.001	0.029	0.960	0.010
0.043	0.923	0.033	0.001
0.250	0.250	0.451	0.049
