>GCGCGCGCACGC	9-GCGCGCGCACGC,BestGuess:ZBTB14/MA1650.1/Jaspar(0.776)	10.838000	-7.559242	0	T:25.0(0.64%),B:445.1(0.29%),P:1e-3
0.151	0.269	0.453	0.128
0.082	0.790	0.075	0.053
0.044	0.187	0.558	0.211
0.048	0.668	0.240	0.044
0.124	0.035	0.706	0.135
0.052	0.646	0.272	0.030
0.178	0.166	0.527	0.129
0.024	0.894	0.043	0.039
0.539	0.027	0.237	0.197
0.021	0.733	0.033	0.213
0.101	0.129	0.597	0.173
0.050	0.756	0.023	0.171
