>RSCGGAAGWGGS	18-RSCGGAAGWGGS	9.133463	-2.723628	0	T:87.0(2.21%),B:2812.2(1.86%),P:1e-1
0.364	0.156	0.304	0.176
0.001	0.456	0.473	0.070
0.169	0.707	0.092	0.032
0.001	0.001	0.987	0.011
0.001	0.034	0.964	0.001
0.950	0.006	0.029	0.015
0.645	0.018	0.001	0.336
0.007	0.263	0.729	0.001
0.298	0.198	0.131	0.373
0.179	0.198	0.466	0.157
0.070	0.308	0.486	0.136
0.189	0.373	0.347	0.091
