>GCGTGCGCGCGC	9-GCGCGCGCACGC	10.838000	-7.559242	0	T:25.0(0.64%),B:445.1(0.29%),P:1e-3
0.171	0.023	0.756	0.050
0.173	0.597	0.129	0.101
0.213	0.033	0.733	0.021
0.197	0.237	0.027	0.539
0.039	0.043	0.894	0.024
0.129	0.527	0.166	0.178
0.030	0.272	0.646	0.052
0.135	0.706	0.035	0.124
0.044	0.240	0.668	0.048
0.211	0.558	0.187	0.044
0.053	0.075	0.790	0.082
0.128	0.453	0.269	0.151
