>YCCCCCYCCCCC	25-YCCCCCYCCCCC	12.706239	-0.070612	0	T:10.0(0.25%),B:579.6(0.38%),P:1e0
0.203	0.382	0.074	0.341
0.035	0.857	0.041	0.067
0.039	0.899	0.020	0.042
0.046	0.910	0.024	0.020
0.061	0.813	0.037	0.089
0.056	0.578	0.009	0.357
0.029	0.468	0.020	0.483
0.041	0.851	0.071	0.037
0.040	0.833	0.067	0.060
0.011	0.882	0.032	0.075
0.032	0.909	0.039	0.020
0.269	0.569	0.064	0.098
