>ACTTCGCGTGTT	16-ACTTCGCGTGTT,BestGuess:Ahr::Arnt/MA0006.1/Jaspar(0.676)	15.240287	-3.672802	0	T:1.0(0.03%),B:0.0(0.00%),P:1e-1
0.851	0.057	0.058	0.034
0.014	0.944	0.027	0.015
0.016	0.120	0.026	0.838
0.012	0.020	0.127	0.841
0.016	0.943	0.025	0.016
0.082	0.034	0.869	0.015
0.015	0.951	0.020	0.014
0.016	0.030	0.936	0.018
0.017	0.046	0.031	0.906
0.016	0.032	0.933	0.019
0.013	0.125	0.026	0.836
0.034	0.052	0.065	0.849
