>NANACACATGCN	19-NANACACATGCN	8.673256	-1.859985	0	T:1.0(0.02%),B:4.1(0.00%),P:1e0
0.251	0.238	0.291	0.219
0.522	0.164	0.166	0.148
0.218	0.239	0.238	0.304
0.522	0.170	0.200	0.108
0.115	0.723	0.114	0.048
0.641	0.137	0.125	0.097
0.095	0.728	0.133	0.044
0.597	0.164	0.130	0.109
0.139	0.152	0.178	0.531
0.070	0.122	0.733	0.075
0.091	0.709	0.091	0.109
0.235	0.261	0.243	0.260
