>GCCGCCATCTTG	18-GCCGCCATCTTG,BestGuess:YY1(Zf)/Promoter/Homer(0.984)	11.876910	-2.956942	0	T:51.0(0.86%),B:1156.7(0.67%),P:1e-1
0.066	0.030	0.843	0.061
0.080	0.780	0.061	0.079
0.065	0.809	0.064	0.062
0.040	0.042	0.864	0.054
0.012	0.897	0.066	0.025
0.001	0.911	0.087	0.001
0.897	0.068	0.001	0.034
0.037	0.022	0.061	0.880
0.039	0.762	0.098	0.101
0.025	0.095	0.139	0.741
0.025	0.034	0.132	0.809
0.080	0.034	0.809	0.077
