>AGAGAGARAGAG	25-AGAGAGARAGAG	12.355666	-0.124215	0	T:15.0(0.25%),B:574.1(0.33%),P:1e0
0.623	0.026	0.173	0.178
0.139	0.014	0.825	0.022
0.965	0.001	0.033	0.001
0.001	0.028	0.949	0.022
0.778	0.016	0.011	0.195
0.229	0.200	0.521	0.050
0.918	0.035	0.008	0.039
0.371	0.215	0.394	0.020
0.764	0.001	0.026	0.209
0.187	0.021	0.737	0.055
0.562	0.385	0.013	0.040
0.338	0.027	0.634	0.001
