>NGCCACGTGTTS	7-NGCCACGTGTTS	8.131356	-70.544735	0	T:88.0(1.48%),B:507.2(0.29%),P:1e-30
0.301	0.244	0.223	0.231
0.093	0.128	0.683	0.096
0.091	0.679	0.137	0.093
0.108	0.709	0.097	0.086
0.576	0.136	0.152	0.136
0.101	0.619	0.150	0.130
0.129	0.145	0.615	0.111
0.109	0.154	0.128	0.609
0.067	0.131	0.681	0.121
0.100	0.182	0.142	0.576
0.104	0.139	0.178	0.579
0.170	0.376	0.255	0.199
