>CCACGTGGCBGC	3-CCACGTGGCBGC	9.834701	-151.028394	0	T:249.0(4.20%),B:1857.6(1.08%),P:1e-65
0.047	0.620	0.181	0.152
0.035	0.939	0.009	0.017
0.564	0.006	0.254	0.176
0.001	0.912	0.033	0.054
0.064	0.010	0.918	0.008
0.218	0.246	0.008	0.528
0.007	0.003	0.968	0.022
0.134	0.080	0.753	0.033
0.077	0.639	0.103	0.181
0.163	0.267	0.248	0.321
0.083	0.237	0.525	0.155
0.125	0.479	0.322	0.074
