>GAGGAAGTGAAA	6-GAGGAAGTGAAA,BestGuess:PU.1-IRF(ETS:IRF)/Bcell-PU.1-ChIP-Seq(GSE21512)/Homer(0.928)	10.754275	-81.012997	0	T:113.0(1.90%),B:727.0(0.42%),P:1e-35
0.204	0.084	0.660	0.052
0.557	0.078	0.319	0.046
0.097	0.001	0.868	0.034
0.019	0.001	0.979	0.001
0.967	0.012	0.001	0.020
0.984	0.001	0.001	0.014
0.039	0.342	0.577	0.042
0.089	0.061	0.029	0.821
0.017	0.063	0.852	0.068
0.801	0.112	0.040	0.047
0.788	0.105	0.106	0.001
0.837	0.054	0.051	0.058
