>TTTCACTTCCTC	6-GAGGAAGTGAAA	10.754275	-81.012997	0	T:113.0(1.90%),B:727.0(0.42%),P:1e-35
0.058	0.051	0.054	0.837
0.001	0.106	0.105	0.788
0.047	0.040	0.112	0.801
0.068	0.852	0.063	0.017
0.821	0.029	0.061	0.089
0.042	0.577	0.342	0.039
0.014	0.001	0.001	0.984
0.020	0.001	0.012	0.967
0.001	0.979	0.001	0.019
0.034	0.868	0.001	0.097
0.046	0.319	0.078	0.557
0.052	0.660	0.084	0.204
