>NNNNVCACGCGG	4-NNNNVCACGCGG	7.617592	-139.147594	0	T:729.0(12.29%),B:10911.3(6.33%),P:1e-60
0.226	0.293	0.267	0.214
0.216	0.295	0.269	0.220
0.238	0.262	0.311	0.190
0.236	0.266	0.267	0.231
0.349	0.331	0.296	0.024
0.043	0.905	0.038	0.014
0.826	0.060	0.063	0.051
0.045	0.750	0.086	0.119
0.074	0.064	0.821	0.041
0.379	0.585	0.034	0.002
0.044	0.066	0.794	0.096
0.026	0.233	0.702	0.039
