>VVVCAYGCDNYN	11-VVVCAYGCDNYN	7.006035	-35.218843	0	T:354.0(5.97%),B:6499.7(3.77%),P:1e-15
0.302	0.229	0.317	0.153
0.303	0.384	0.288	0.024
0.318	0.281	0.385	0.015
0.042	0.867	0.051	0.040
0.741	0.067	0.127	0.065
0.026	0.530	0.025	0.419
0.048	0.057	0.861	0.034
0.126	0.741	0.048	0.085
0.215	0.195	0.364	0.226
0.206	0.233	0.303	0.259
0.075	0.464	0.092	0.370
0.260	0.215	0.285	0.239
