>RCRCRCRCRCRC	23-RCRCRCRCRCRC	10.586218	-0.208497	0	T:10.0(0.17%),B:369.3(0.21%),P:1e0
0.467	0.031	0.468	0.034
0.027	0.539	0.126	0.308
0.490	0.021	0.456	0.034
0.048	0.859	0.039	0.054
0.500	0.039	0.419	0.043
0.028	0.856	0.068	0.048
0.470	0.041	0.461	0.028
0.017	0.634	0.034	0.315
0.462	0.026	0.497	0.015
0.046	0.870	0.034	0.050
0.441	0.027	0.495	0.037
0.024	0.830	0.086	0.060
