>NRCCACGTGS	1-NRCCACGTGS	5.385277	-2859.036374	0	T:4621.0(63.69%),B:36878.8(21.39%),P:1e-1241	Tpos:188.0,Tstd:150.5,Bpos:3219.5,Bstd:9769.8,StrandBias:0.0,Multiplicity:1.43
0.311	0.243	0.263	0.184
0.326	0.193	0.357	0.124
0.177	0.494	0.290	0.040
0.006	0.992	0.001	0.001
0.872	0.001	0.057	0.070
0.001	0.757	0.001	0.241
0.206	0.001	0.792	0.001
0.042	0.043	0.001	0.914
0.001	0.001	0.996	0.002
0.059	0.291	0.436	0.215
>GGAAGTGAVA	2-GGAAGTGAVA	4.266123	-806.092251	0	T:5353.0(73.77%),B:86726.4(50.29%),P:1e-350	Tpos:181.3,Tstd:155.4,Bpos:7014.2,Bstd:26885.4,StrandBias:0.0,Multiplicity:2.07
0.061	0.001	0.928	0.010
0.083	0.001	0.915	0.001
0.975	0.001	0.015	0.009
0.976	0.001	0.001	0.022
0.079	0.201	0.719	0.001
0.088	0.120	0.008	0.784
0.193	0.018	0.770	0.019
0.459	0.189	0.210	0.142
0.370	0.232	0.259	0.139
0.423	0.165	0.191	0.221
>GCCATCTTGG	3-GCCATCTTGG	-6.004478	-745.176500	0	T:6956.0(95.87%),B:138472.4(80.30%),P:1e-323	Tpos:201.5,Tstd:170.0,Bpos:1812.7,Bstd:11056.8,StrandBias:0.0,Multiplicity:1.95
0.001	0.001	0.997	0.001
0.001	0.997	0.001	0.001
0.001	0.997	0.001	0.001
0.997	0.001	0.001	0.001
0.001	0.001	0.001	0.997
0.039	0.690	0.039	0.232
0.001	0.076	0.001	0.922
0.001	0.038	0.155	0.806
0.098	0.001	0.900	0.001
0.001	0.084	0.914	0.001
>YGYGCGTGYG	4-YGYGCGTGYG	4.165067	-608.787358	0	T:5282.0(72.79%),B:90450.4(52.45%),P:1e-264	Tpos:202.0,Tstd:166.2,Bpos:2013.0,Bstd:9067.2,StrandBias:0.0,Multiplicity:2.25
0.043	0.432	0.001	0.524
0.001	0.125	0.650	0.224
0.063	0.440	0.118	0.379
0.001	0.005	0.970	0.024
0.001	0.626	0.001	0.372
0.373	0.036	0.590	0.001
0.001	0.401	0.001	0.597
0.275	0.001	0.635	0.089
0.053	0.415	0.051	0.482
0.176	0.113	0.540	0.171
>AAAGGCAGAA	5-AAAGGCAGAA	2.512553	-357.959313	0	T:7224.0(99.56%),B:161317.8(93.55%),P:1e-155	Tpos:193.0,Tstd:167.0,Bpos:4228.1,Bstd:18691.0,StrandBias:0.0,Multiplicity:4.47
0.700	0.100	0.100	0.100
0.700	0.100	0.100	0.100
0.700	0.100	0.100	0.100
0.100	0.100	0.700	0.100
0.100	0.100	0.700	0.100
0.100	0.700	0.100	0.100
0.700	0.100	0.100	0.100
0.100	0.100	0.700	0.100
0.700	0.100	0.100	0.100
0.700	0.100	0.100	0.100
>DTTYCTGTGT	6-DTTYCTGTGT	3.197656	-318.299869	0	T:5633.0(77.63%),B:109911.1(63.74%),P:1e-138	Tpos:164.2,Tstd:145.3,Bpos:10642.5,Bstd:29343.8,StrandBias:-0.0,Multiplicity:2.10
0.227	0.163	0.278	0.331
0.157	0.106	0.120	0.617
0.141	0.145	0.142	0.572
0.170	0.403	0.125	0.302
0.161	0.453	0.156	0.230
0.155	0.143	0.095	0.607
0.166	0.134	0.521	0.179
0.114	0.101	0.085	0.700
0.140	0.095	0.531	0.234
0.167	0.203	0.196	0.433
>CTGAGTCACT	7-CTGAGTCACT	2.512553	-313.615357	0	T:7243.0(99.82%),B:163744.7(94.95%),P:1e-136	Tpos:201.6,Tstd:172.5,Bpos:2576.1,Bstd:14815.2,StrandBias:0.0,Multiplicity:2.58
0.100	0.700	0.100	0.100
0.100	0.100	0.100	0.700
0.100	0.100	0.700	0.100
0.700	0.100	0.100	0.100
0.100	0.100	0.700	0.100
0.100	0.100	0.100	0.700
0.100	0.700	0.100	0.100
0.700	0.100	0.100	0.100
0.100	0.700	0.100	0.100
0.100	0.100	0.100	0.700
>HNVAMMCACA	8-HNVAMMCACA	0.965338	-302.438432	0	T:5218.0(71.91%),B:99660.1(57.79%),P:1e-131	Tpos:175.5,Tstd:152.2,Bpos:8525.3,Bstd:26715.9,StrandBias:-0.0,Multiplicity:1.85
0.351	0.227	0.187	0.235
0.239	0.210	0.277	0.274
0.384	0.334	0.280	0.001
0.612	0.276	0.001	0.111
0.460	0.538	0.001	0.001
0.524	0.474	0.001	0.001
0.001	0.997	0.001	0.001
0.997	0.001	0.001	0.001
0.001	0.997	0.001	0.001
0.997	0.001	0.001	0.001
>GTATTATATA	9-GTATTATATA	0.000000	-276.741133	0	T:6891.0(94.97%),B:149202.8(86.52%),P:1e-120
0.100	0.100	0.700	0.100
0.100	0.100	0.100	0.700
0.700	0.100	0.100	0.100
0.100	0.100	0.100	0.700
0.100	0.100	0.100	0.700
0.700	0.100	0.100	0.100
0.100	0.100	0.100	0.700
0.700	0.100	0.100	0.100
0.100	0.100	0.100	0.700
0.700	0.100	0.100	0.100
>WWTTTTTTTT	10-WWTTTTTTTT	1.935339	-257.451799	0	T:5435.0(74.90%),B:107282.4(62.21%),P:1e-111	Tpos:156.6,Tstd:146.8,Bpos:9858.5,Bstd:17167.8,StrandBias:0.0,Multiplicity:2.61
0.300	0.194	0.138	0.368
0.310	0.210	0.097	0.382
0.309	0.161	0.058	0.472
0.264	0.094	0.124	0.518
0.175	0.082	0.037	0.706
0.136	0.113	0.015	0.736
0.171	0.177	0.003	0.649
0.225	0.230	0.038	0.507
0.244	0.239	0.015	0.502
0.264	0.165	0.096	0.475
>TGTATTATAT	11-TGTATTATAT	0.000000	-254.158361	0	T:6977.0(96.15%),B:153070.1(88.76%),P:1e-110
0.100	0.100	0.100	0.700
0.100	0.100	0.700	0.100
0.100	0.100	0.100	0.700
0.700	0.100	0.100	0.100
0.100	0.100	0.100	0.700
0.100	0.100	0.100	0.700
0.700	0.100	0.100	0.100
0.100	0.100	0.100	0.700
0.700	0.100	0.100	0.100
0.100	0.100	0.100	0.700
>CATGGTTATM	12-CATGGTTATM	-14.478250	-230.275125	0	T:7149.0(98.53%),B:160717.0(93.20%),P:1e-100	Tpos:189.6,Tstd:163.3,Bpos:4623.1,Bstd:18987.6,StrandBias:-0.0,Multiplicity:2.64
0.001	0.997	0.001	0.001
0.997	0.001	0.001	0.001
0.001	0.001	0.001	0.997
0.001	0.001	0.997	0.001
0.001	0.001	0.997	0.001
0.001	0.001	0.001	0.997
0.001	0.001	0.001	0.997
0.997	0.001	0.001	0.001
0.001	0.001	0.001	0.997
0.499	0.499	0.001	0.001
>TATTTTTAGC	13-TATTTTTAGC	0.000000	-187.683559	0	T:7225.0(99.57%),B:165671.8(96.07%),P:1e-81
0.100	0.100	0.100	0.700
0.700	0.100	0.100	0.100
0.100	0.100	0.100	0.700
0.100	0.100	0.100	0.700
0.100	0.100	0.100	0.700
0.100	0.100	0.100	0.700
0.100	0.100	0.100	0.700
0.700	0.100	0.100	0.100
0.100	0.100	0.700	0.100
0.100	0.700	0.100	0.100
>CAGGCCACGC	14-CAGGCCACGC	2.512553	-155.791346	0	T:7201.0(99.24%),B:165280.7(95.84%),P:1e-67	Tpos:209.9,Tstd:174.9,Bpos:815.2,Bstd:5929.7,StrandBias:0.0,Multiplicity:3.23
0.100	0.700	0.100	0.100
0.700	0.100	0.100	0.100
0.100	0.100	0.700	0.100
0.100	0.100	0.700	0.100
0.100	0.700	0.100	0.100
0.100	0.700	0.100	0.100
0.700	0.100	0.100	0.100
0.100	0.700	0.100	0.100
0.100	0.100	0.700	0.100
0.100	0.700	0.100	0.100
>TTCCCCTCTC	15-TTCCCCTCTC	2.512553	-131.090693	0	T:7251.0(99.93%),B:168814.6(97.89%),P:1e-56	Tpos:204.0,Tstd:172.0,Bpos:1412.9,Bstd:10378.1,StrandBias:-0.0,Multiplicity:3.33
0.100	0.100	0.100	0.700
0.100	0.100	0.100	0.700
0.100	0.700	0.100	0.100
0.100	0.700	0.100	0.100
0.100	0.700	0.100	0.100
0.100	0.700	0.100	0.100
0.100	0.100	0.100	0.700
0.100	0.700	0.100	0.100
0.100	0.100	0.100	0.700
0.100	0.700	0.100	0.100
>GCCGCGCGGC	16-GCCGCGCGGC	0.000000	-108.773056	0	T:7186.0(99.04%),B:166006.2(96.26%),P:1e-47
0.100	0.100	0.700	0.100
0.100	0.700	0.100	0.100
0.100	0.700	0.100	0.100
0.100	0.100	0.700	0.100
0.100	0.700	0.100	0.100
0.100	0.100	0.700	0.100
0.100	0.700	0.100	0.100
0.100	0.100	0.700	0.100
0.100	0.100	0.700	0.100
0.100	0.700	0.100	0.100
>GCGCGCGCCG	17-GCGCGCGCCG	0.000000	-102.701667	0	T:7198.0(99.20%),B:166715.5(96.68%),P:1e-44
0.100	0.100	0.700	0.100
0.100	0.700	0.100	0.100
0.100	0.100	0.700	0.100
0.100	0.700	0.100	0.100
0.100	0.100	0.700	0.100
0.100	0.700	0.100	0.100
0.100	0.100	0.700	0.100
0.100	0.700	0.100	0.100
0.100	0.700	0.100	0.100
0.100	0.100	0.700	0.100
>GGGCGGAGCC	18-GGGCGGAGCC	0.000000	-37.178662	0	T:7254.0(99.97%),B:171383.9(99.38%),P:1e-16
0.100	0.100	0.700	0.100
0.100	0.100	0.700	0.100
0.100	0.100	0.700	0.100
0.100	0.700	0.100	0.100
0.100	0.100	0.700	0.100
0.100	0.100	0.700	0.100
0.700	0.100	0.100	0.100
0.100	0.100	0.700	0.100
0.100	0.700	0.100	0.100
0.100	0.700	0.100	0.100
>AGCCACGCCC	19-AGCCACGCCC	0.000000	-9.990998	0	T:7255.0(99.99%),B:172144.6(99.82%),P:1e-4
0.700	0.100	0.100	0.100
0.100	0.100	0.700	0.100
0.100	0.700	0.100	0.100
0.100	0.700	0.100	0.100
0.700	0.100	0.100	0.100
0.100	0.700	0.100	0.100
0.100	0.100	0.700	0.100
0.100	0.700	0.100	0.100
0.100	0.700	0.100	0.100
0.100	0.700	0.100	0.100
>TTGGGGGAGG	20-TTGGGGGAGG	0.000000	-3.627823	0	T:7256.0(100.00%),B:172361.7(99.95%),P:1e-1
0.100	0.100	0.100	0.700
0.100	0.100	0.100	0.700
0.100	0.100	0.700	0.100
0.100	0.100	0.700	0.100
0.100	0.100	0.700	0.100
0.100	0.100	0.700	0.100
0.100	0.100	0.700	0.100
0.700	0.100	0.100	0.100
0.100	0.100	0.700	0.100
0.100	0.100	0.700	0.100
>CGTGCGCGCG	21-CGTGCGCGCG	-1.379268	-1.854910	0	T:7256.0(100.00%),B:172404.7(99.97%),P:1e0	Tpos:199.8,Tstd:167.2,Bpos:2173.4,Bstd:11811.9,StrandBias:-0.0,Multiplicity:2.19
0.100	0.700	0.100	0.100
0.100	0.100	0.700	0.100
0.100	0.100	0.100	0.700
0.100	0.100	0.700	0.100
0.100	0.700	0.100	0.100
0.100	0.100	0.700	0.100
0.100	0.700	0.100	0.100
0.100	0.100	0.700	0.100
0.100	0.700	0.100	0.100
0.100	0.100	0.700	0.100
>GCCAGCAGAG	22-GCCAGCAGAG	0.000000	-0.865566	0	T:7256.0(100.00%),B:172428.7(99.99%),P:1e0
0.100	0.100	0.700	0.100
0.100	0.700	0.100	0.100
0.100	0.700	0.100	0.100
0.700	0.100	0.100	0.100
0.100	0.100	0.700	0.100
0.100	0.700	0.100	0.100
0.700	0.100	0.100	0.100
0.100	0.100	0.700	0.100
0.700	0.100	0.100	0.100
0.100	0.100	0.700	0.100
>AGGCATGCTG	23-AGGCATGCTG	0.000000	-0.700688	0	T:7256.0(100.00%),B:172432.2(99.99%),P:1e0
0.700	0.100	0.100	0.100
0.100	0.100	0.700	0.100
0.100	0.100	0.700	0.100
0.100	0.700	0.100	0.100
0.700	0.100	0.100	0.100
0.100	0.100	0.100	0.700
0.100	0.100	0.700	0.100
0.100	0.700	0.100	0.100
0.100	0.100	0.100	0.700
0.100	0.100	0.700	0.100
>CTCACTTCCT	24-CTCACTTCCT	0.000000	-0.659469	0	T:7256.0(100.00%),B:172433.2(99.99%),P:1e0
0.100	0.700	0.100	0.100
0.100	0.100	0.100	0.700
0.100	0.700	0.100	0.100
0.700	0.100	0.100	0.100
0.100	0.700	0.100	0.100
0.100	0.100	0.100	0.700
0.100	0.100	0.100	0.700
0.100	0.700	0.100	0.100
0.100	0.700	0.100	0.100
0.100	0.100	0.100	0.700
>ACCCCTCCCC	25-ACCCCTCCCC	-9.162908	0.000000	0	T:7256.0(100.00%),B:172449.2(100.00%),P:1e0	Tpos:173.6,Tstd:152.1,Bpos:7893.2,Bstd:22874.2,StrandBias:0.0,Multiplicity:1.29
0.700	0.100	0.100	0.100
0.100	0.700	0.100	0.100
0.100	0.700	0.100	0.100
0.100	0.700	0.100	0.100
0.100	0.700	0.100	0.100
0.100	0.100	0.100	0.700
0.100	0.700	0.100	0.100
0.100	0.700	0.100	0.100
0.100	0.700	0.100	0.100
0.100	0.700	0.100	0.100
>SVNRCCACGTGG	1-SVNRCCACGTGG	4.455009	-2642.271413	0	T:4301.0(59.28%),B:33483.2(19.42%),P:1e-1147	Tpos:188.4,Tstd:151.4,Bpos:2909.0,Bstd:9154.1,StrandBias:-0.0,Multiplicity:1.16
0.138	0.328	0.388	0.146
0.280	0.253	0.316	0.151
0.258	0.277	0.247	0.218
0.375	0.127	0.407	0.092
0.021	0.725	0.210	0.044
0.001	0.997	0.001	0.001
0.975	0.001	0.009	0.015
0.001	0.806	0.001	0.192
0.179	0.001	0.819	0.001
0.010	0.012	0.001	0.977
0.001	0.001	0.997	0.001
0.010	0.230	0.659	0.101
>RAASAGGAAGTG	2-RAASAGGAAGTG	5.184786	-888.421757	0	T:4617.0(63.63%),B:66634.0(38.64%),P:1e-385	Tpos:175.4,Tstd:149.7,Bpos:7160.4,Bstd:27474.2,StrandBias:0.0,Multiplicity:1.78
0.420	0.118	0.278	0.184
0.544	0.123	0.181	0.152
0.527	0.032	0.209	0.232
0.246	0.306	0.423	0.026
0.455	0.286	0.216	0.042
0.189	0.004	0.797	0.010
0.087	0.010	0.902	0.001
0.986	0.006	0.007	0.001
0.984	0.001	0.002	0.013
0.044	0.302	0.650	0.004
0.042	0.225	0.025	0.708
0.238	0.101	0.471	0.191
>GGRRRVRTKGKD	3-GGRRRVRTKGKD	3.436038	-746.573302	0	T:6987.0(96.29%),B:139764.2(81.05%),P:1e-324	Tpos:196.6,Tstd:167.3,Bpos:3761.9,Bstd:19192.0,StrandBias:-0.0,Multiplicity:1.75
0.182	0.137	0.527	0.154
0.178	0.110	0.622	0.090
0.445	0.064	0.456	0.034
0.490	0.050	0.439	0.021
0.451	0.061	0.441	0.046
0.415	0.274	0.266	0.045
0.493	0.084	0.375	0.048
0.029	0.039	0.249	0.683
0.055	0.044	0.409	0.492
0.090	0.160	0.582	0.168
0.037	0.079	0.409	0.476
0.287	0.159	0.218	0.337
>GTGTGTGTGTGT	4-GTGTGTGTGTGT	2.625881	-579.000215	0	T:6957.0(95.88%),B:142784.5(82.80%),P:1e-251	Tpos:181.4,Tstd:157.2,Bpos:6814.2,Bstd:22986.9,StrandBias:-0.0,Multiplicity:3.06
0.100	0.100	0.700	0.100
0.100	0.100	0.100	0.700
0.100	0.100	0.700	0.100
0.100	0.100	0.100	0.700
0.100	0.100	0.700	0.100
0.100	0.100	0.100	0.700
0.100	0.100	0.700	0.100
0.100	0.100	0.100	0.700
0.100	0.100	0.700	0.100
0.100	0.100	0.100	0.700
0.100	0.100	0.700	0.100
0.100	0.100	0.100	0.700
>CRCRCRCRCRCG	5-CRCRCRCRCRCG	3.248729	-535.187372	0	T:5050.0(69.60%),B:86826.4(50.35%),P:1e-232	Tpos:202.4,Tstd:164.8,Bpos:1418.8,Bstd:5660.3,StrandBias:-0.0,Multiplicity:2.49
0.032	0.603	0.135	0.230
0.392	0.188	0.324	0.096
0.020	0.644	0.135	0.201
0.459	0.006	0.523	0.012
0.001	0.886	0.028	0.085
0.479	0.014	0.460	0.048
0.038	0.899	0.026	0.037
0.541	0.001	0.441	0.017
0.008	0.918	0.008	0.066
0.461	0.003	0.535	0.001
0.019	0.712	0.055	0.214
0.351	0.022	0.540	0.087
>DCCACCCCCACA	6-DCCACCCCCACA	4.225301	-519.650835	0	T:6202.0(85.47%),B:118812.5(68.90%),P:1e-225	Tpos:199.0,Tstd:168.5,Bpos:2492.4,Bstd:12653.3,StrandBias:-0.0,Multiplicity:1.82
0.319	0.135	0.274	0.272
0.035	0.664	0.166	0.135
0.107	0.663	0.093	0.137
0.494	0.182	0.161	0.163
0.084	0.595	0.177	0.144
0.033	0.679	0.159	0.129
0.140	0.533	0.150	0.177
0.033	0.680	0.125	0.162
0.152	0.579	0.128	0.141
0.543	0.178	0.142	0.137
0.158	0.545	0.206	0.091
0.892	0.034	0.037	0.037
>TGCGTGTGTGTG	7-TGCGTGTGTGTG	2.625881	-477.432894	0	T:7195.0(99.16%),B:156602.3(90.81%),P:1e-207	Tpos:195.8,Tstd:168.8,Bpos:4974.9,Bstd:21003.1,StrandBias:-0.0,Multiplicity:1.94
0.100	0.100	0.100	0.700
0.100	0.100	0.700	0.100
0.100	0.700	0.100	0.100
0.100	0.100	0.700	0.100
0.100	0.100	0.100	0.700
0.100	0.100	0.700	0.100
0.100	0.100	0.100	0.700
0.100	0.100	0.700	0.100
0.100	0.100	0.100	0.700
0.100	0.100	0.700	0.100
0.100	0.100	0.100	0.700
0.100	0.100	0.700	0.100
>CACATACACACA	8-CACATACACACA	2.383706	-410.964073	0	T:7109.0(97.97%),B:153862.5(89.22%),P:1e-178	Tpos:182.8,Tstd:157.5,Bpos:6667.1,Bstd:24366.0,StrandBias:-0.1,Multiplicity:1.72
0.211	0.432	0.184	0.173
0.607	0.110	0.122	0.161
0.125	0.617	0.168	0.090
0.545	0.228	0.114	0.113
0.001	0.001	0.010	0.988
0.416	0.146	0.228	0.210
0.107	0.602	0.166	0.125
0.526	0.155	0.094	0.225
0.106	0.631	0.189	0.074
0.701	0.183	0.001	0.115
0.114	0.618	0.134	0.134
0.410	0.222	0.159	0.209
>GACACACACACC	9-GACACACACACC	2.922089	-375.532304	0	T:7032.0(96.91%),B:151495.5(87.85%),P:1e-163	Tpos:208.3,Tstd:174.3,Bpos:1261.1,Bstd:6756.0,StrandBias:0.0,Multiplicity:2.03
0.009	0.001	0.981	0.009
0.576	0.175	0.117	0.132
0.152	0.658	0.162	0.028
0.487	0.160	0.206	0.147
0.102	0.693	0.204	0.001
0.583	0.156	0.168	0.093
0.090	0.654	0.211	0.045
0.467	0.215	0.133	0.185
0.100	0.662	0.175	0.063
0.655	0.213	0.001	0.131
0.172	0.565	0.179	0.084
0.037	0.439	0.266	0.258
>TTTTTTTTTTTT	10-TTTTTTTTTTTT	-17.273912	-299.651715	0	T:5747.0(79.20%),B:113772.9(65.97%),P:1e-130	Tpos:159.1,Tstd:148.5,Bpos:9430.5,Bstd:19193.5,StrandBias:-0.1,Multiplicity:2.30
0.001	0.001	0.001	0.997
0.001	0.001	0.001	0.997
0.001	0.001	0.001	0.997
0.001	0.060	0.001	0.938
0.012	0.026	0.001	0.961
0.001	0.015	0.007	0.977
0.001	0.001	0.001	0.997
0.001	0.001	0.001	0.997
0.001	0.075	0.001	0.923
0.001	0.037	0.001	0.961
0.001	0.001	0.001	0.997
0.001	0.033	0.001	0.965
>VGCGCMSMCMCM	11-VGCGCMSMCMCM	5.401248	-221.393755	0	T:5109.0(70.41%),B:100594.0(58.33%),P:1e-96	Tpos:208.3,Tstd:171.1,Bpos:441.7,Bstd:1904.6,StrandBias:0.0,Multiplicity:2.88
0.284	0.374	0.260	0.082
0.001	0.001	0.997	0.001
0.179	0.610	0.182	0.029
0.001	0.001	0.997	0.001
0.086	0.705	0.208	0.001
0.373	0.404	0.081	0.142
0.074	0.495	0.428	0.003
0.370	0.320	0.094	0.216
0.031	0.628	0.330	0.011
0.409	0.319	0.110	0.162
0.070	0.788	0.140	0.002
0.317	0.374	0.148	0.161
>CGCGCGCGCGCA	12-CGCGCGCGCGCA	0.000000	-200.938196	0	T:7162.0(98.70%),B:162157.6(94.03%),P:1e-87
0.100	0.700	0.100	0.100
0.100	0.100	0.700	0.100
0.100	0.700	0.100	0.100
0.100	0.100	0.700	0.100
0.100	0.700	0.100	0.100
0.100	0.100	0.700	0.100
0.100	0.700	0.100	0.100
0.100	0.100	0.700	0.100
0.100	0.700	0.100	0.100
0.100	0.100	0.700	0.100
0.100	0.700	0.100	0.100
0.700	0.100	0.100	0.100
>CCCCCGGSCSSB	13-CCCCCGGSCSSB	2.166324	-137.978923	0	T:6293.0(86.73%),B:136531.7(79.17%),P:1e-59	Tpos:213.4,Tstd:174.6,Bpos:471.4,Bstd:2060.7,StrandBias:0.0,Multiplicity:2.39
0.220	0.462	0.012	0.305
0.020	0.575	0.398	0.007
0.003	0.579	0.410	0.008
0.001	0.629	0.286	0.084
0.135	0.809	0.052	0.004
0.016	0.329	0.646	0.009
0.180	0.006	0.598	0.216
0.012	0.474	0.502	0.012
0.013	0.616	0.361	0.010
0.004	0.376	0.465	0.155
0.001	0.555	0.424	0.020
0.117	0.244	0.366	0.273
>AGTTCCTCTTTT	14-AGTTCCTCTTTT	0.000000	-132.355489	0	T:7250.0(99.92%),B:168703.2(97.83%),P:1e-57
0.700	0.100	0.100	0.100
0.100	0.100	0.700	0.100
0.100	0.100	0.100	0.700
0.100	0.100	0.100	0.700
0.100	0.700	0.100	0.100
0.100	0.700	0.100	0.100
0.100	0.100	0.100	0.700
0.100	0.700	0.100	0.100
0.100	0.100	0.100	0.700
0.100	0.100	0.100	0.700
0.100	0.100	0.100	0.700
0.100	0.100	0.100	0.700
>VASNCCTGCMNB	15-VASNCCTGCMNB	1.950937	-102.329909	0	T:7249.0(99.90%),B:169377.3(98.22%),P:1e-44	Tpos:182.0,Tstd:161.2,Bpos:4588.6,Bstd:16581.8,StrandBias:0.0,Multiplicity:1.71
0.243	0.263	0.342	0.153
0.453	0.145	0.124	0.278
0.181	0.328	0.429	0.063
0.332	0.236	0.187	0.246
0.152	0.530	0.274	0.044
0.231	0.542	0.018	0.209
0.081	0.001	0.038	0.880
0.001	0.001	0.997	0.001
0.184	0.469	0.305	0.042
0.469	0.353	0.026	0.152
0.300	0.249	0.293	0.158
0.079	0.244	0.326	0.351
>GCGCGCCTGCGC	16-GCGCGCCTGCGC	0.000000	-100.667349	0	T:7223.0(99.55%),B:167935.6(97.38%),P:1e-43
0.100	0.100	0.700	0.100
0.100	0.700	0.100	0.100
0.100	0.100	0.700	0.100
0.100	0.700	0.100	0.100
0.100	0.100	0.700	0.100
0.100	0.700	0.100	0.100
0.100	0.700	0.100	0.100
0.100	0.100	0.100	0.700
0.100	0.100	0.700	0.100
0.100	0.700	0.100	0.100
0.100	0.100	0.700	0.100
0.100	0.700	0.100	0.100
>NTGTATTATAWD	17-NTGTATTATAWD	-2.271901	-98.288614	0	T:7250.0(99.92%),B:169551.7(98.32%),P:1e-42	Tpos:169.4,Tstd:155.0,Bpos:8997.0,Bstd:25030.5,StrandBias:-0.0,Multiplicity:1.81
0.264	0.300	0.177	0.260
0.216	0.017	0.013	0.754
0.177	0.129	0.512	0.182
0.317	0.017	0.186	0.480
0.411	0.186	0.256	0.148
0.200	0.204	0.139	0.458
0.334	0.091	0.013	0.562
0.728	0.146	0.009	0.117
0.315	0.030	0.138	0.517
0.615	0.174	0.194	0.017
0.424	0.001	0.068	0.507
0.329	0.173	0.303	0.195
>TGGAATGGAATG	18-TGGAATGGAATG	0.000000	-87.312178	0	T:7255.0(99.99%),B:170235.5(98.72%),P:1e-37
0.100	0.100	0.100	0.700
0.100	0.100	0.700	0.100
0.100	0.100	0.700	0.100
0.700	0.100	0.100	0.100
0.700	0.100	0.100	0.100
0.100	0.100	0.100	0.700
0.100	0.100	0.700	0.100
0.100	0.100	0.700	0.100
0.700	0.100	0.100	0.100
0.700	0.100	0.100	0.100
0.100	0.100	0.100	0.700
0.100	0.100	0.700	0.100
>CTCACACACACA	19-CTCACACACACA	0.000000	-48.797393	0	T:7256.0(100.00%),B:171269.8(99.32%),P:1e-21
0.100	0.700	0.100	0.100
0.100	0.100	0.100	0.700
0.100	0.700	0.100	0.100
0.700	0.100	0.100	0.100
0.100	0.700	0.100	0.100
0.700	0.100	0.100	0.100
0.100	0.700	0.100	0.100
0.700	0.100	0.100	0.100
0.100	0.700	0.100	0.100
0.700	0.100	0.100	0.100
0.100	0.700	0.100	0.100
0.700	0.100	0.100	0.100
>GCCACTTCCGCC	20-GCCACTTCCGCC	0.000000	-22.166262	0	T:7256.0(100.00%),B:171912.2(99.69%),P:1e-9
0.100	0.100	0.700	0.100
0.100	0.700	0.100	0.100
0.100	0.700	0.100	0.100
0.700	0.100	0.100	0.100
0.100	0.700	0.100	0.100
0.100	0.100	0.100	0.700
0.100	0.100	0.100	0.700
0.100	0.700	0.100	0.100
0.100	0.700	0.100	0.100
0.100	0.100	0.700	0.100
0.100	0.700	0.100	0.100
0.100	0.700	0.100	0.100
>GTGTGTGTGTGC	21-GTGTGTGTGTGC	0.000000	-19.975515	0	T:7256.0(100.00%),B:171965.8(99.72%),P:1e-8
0.100	0.100	0.700	0.100
0.100	0.100	0.100	0.700
0.100	0.100	0.700	0.100
0.100	0.100	0.100	0.700
0.100	0.100	0.700	0.100
0.100	0.100	0.100	0.700
0.100	0.100	0.700	0.100
0.100	0.100	0.100	0.700
0.100	0.100	0.700	0.100
0.100	0.100	0.100	0.700
0.100	0.100	0.700	0.100
0.100	0.700	0.100	0.100
>GGCGGAAGCGGA	22-GGCGGAAGCGGA	0.000000	-17.887316	0	T:7253.0(99.96%),B:171821.1(99.64%),P:1e-7
0.100	0.100	0.700	0.100
0.100	0.100	0.700	0.100
0.100	0.700	0.100	0.100
0.100	0.100	0.700	0.100
0.100	0.100	0.700	0.100
0.700	0.100	0.100	0.100
0.700	0.100	0.100	0.100
0.100	0.100	0.700	0.100
0.100	0.700	0.100	0.100
0.100	0.100	0.700	0.100
0.100	0.100	0.700	0.100
0.700	0.100	0.100	0.100
>TTCCGGTTCCGG	23-TTCCGGTTCCGG	0.000000	-17.501848	0	T:7255.0(99.99%),B:171951.9(99.71%),P:1e-7
0.100	0.100	0.100	0.700
0.100	0.100	0.100	0.700
0.100	0.700	0.100	0.100
0.100	0.700	0.100	0.100
0.100	0.100	0.700	0.100
0.100	0.100	0.700	0.100
0.100	0.100	0.100	0.700
0.100	0.100	0.100	0.700
0.100	0.700	0.100	0.100
0.100	0.700	0.100	0.100
0.100	0.100	0.700	0.100
0.100	0.100	0.700	0.100
>CACTTCCGGTCC	24-CACTTCCGGTCC	0.000000	-8.866632	0	T:7256.0(100.00%),B:172234.9(99.88%),P:1e-3
0.100	0.700	0.100	0.100
0.700	0.100	0.100	0.100
0.100	0.700	0.100	0.100
0.100	0.100	0.100	0.700
0.100	0.100	0.100	0.700
0.100	0.700	0.100	0.100
0.100	0.700	0.100	0.100
0.100	0.100	0.700	0.100
0.100	0.100	0.700	0.100
0.100	0.100	0.100	0.700
0.100	0.700	0.100	0.100
0.100	0.700	0.100	0.100
>SSNKCBCCSCBS	25-SSNKCBCCSCBS	-20.057364	0.000000	0	T:7256.0(100.00%),B:172449.2(100.00%),P:1e0	Tpos:199.1,Tstd:171.5,Bpos:1791.8,Bstd:9281.5,StrandBias:0.0,Multiplicity:1.68
0.075	0.407	0.468	0.049
0.076	0.432	0.291	0.201
0.206	0.217	0.235	0.343
0.001	0.068	0.444	0.487
0.071	0.473	0.252	0.204
0.001	0.372	0.357	0.270
0.104	0.607	0.120	0.169
0.001	0.564	0.275	0.160
0.001	0.549	0.404	0.046
0.018	0.605	0.252	0.125
0.173	0.313	0.332	0.183
0.039	0.465	0.495	0.001
>VCCACGTG	1-VCCACGTG	6.779827	-2143.015732	0	T:3022.0(41.65%),B:18652.0(10.82%),P:1e-930	Tpos:184.9,Tstd:145.3,Bpos:3160.2,Bstd:9314.9,StrandBias:-0.0,Multiplicity:1.23
0.313	0.231	0.329	0.128
0.211	0.485	0.302	0.001
0.001	0.997	0.001	0.001
0.997	0.001	0.001	0.001
0.001	0.836	0.001	0.162
0.233	0.001	0.765	0.001
0.001	0.001	0.001	0.997
0.001	0.001	0.997	0.001
>CACTTCCG	2-CACTTCCG	4.664423	-1094.272284	0	T:5448.0(75.08%),B:82188.7(47.66%),P:1e-475	Tpos:185.6,Tstd:155.5,Bpos:4233.6,Bstd:18480.6,StrandBias:-0.0,Multiplicity:2.08
0.119	0.457	0.202	0.222
0.686	0.038	0.211	0.065
0.005	0.615	0.179	0.201
0.095	0.001	0.009	0.895
0.007	0.001	0.001	0.991
0.025	0.838	0.071	0.066
0.001	0.982	0.001	0.016
0.018	0.077	0.536	0.369
>GCGTGTGT	3-GCGTGTGT	4.658376	-1064.348060	0	T:5712.0(78.72%),B:89914.7(52.14%),P:1e-462	Tpos:201.7,Tstd:165.5,Bpos:1475.4,Bstd:7017.9,StrandBias:0.0,Multiplicity:2.62
0.064	0.069	0.815	0.052
0.016	0.911	0.013	0.060
0.258	0.022	0.700	0.020
0.016	0.266	0.003	0.715
0.020	0.003	0.963	0.014
0.030	0.203	0.115	0.652
0.029	0.103	0.797	0.071
0.093	0.299	0.159	0.450
>TGTGTGTG	4-TGTGTGTG	1.838330	-916.685675	0	T:6278.0(86.52%),B:110040.2(63.81%),P:1e-398	Tpos:173.2,Tstd:149.6,Bpos:9506.3,Bstd:23443.5,StrandBias:0.0,Multiplicity:1.88
0.084	0.315	0.049	0.552
0.378	0.001	0.620	0.001
0.001	0.097	0.001	0.901
0.196	0.001	0.802	0.001
0.001	0.033	0.001	0.965
0.255	0.001	0.743	0.001
0.128	0.001	0.212	0.659
0.267	0.001	0.531	0.201
>GAAATGGG	5-GAAATGGG	3.474615	-685.414122	0	T:6531.0(90.01%),B:124317.6(72.09%),P:1e-297	Tpos:199.6,Tstd:170.3,Bpos:2665.2,Bstd:16241.7,StrandBias:-0.0,Multiplicity:2.00
0.235	0.155	0.553	0.057
0.717	0.138	0.144	0.001
0.771	0.023	0.205	0.001
0.848	0.114	0.001	0.037
0.269	0.038	0.074	0.619
0.001	0.001	0.935	0.063
0.001	0.001	0.997	0.001
0.001	0.382	0.616	0.001
>AMACCCCA	6-AMACCCCA	3.619130	-646.239165	0	T:6712.0(92.50%),B:131646.7(76.34%),P:1e-280	Tpos:199.9,Tstd:170.6,Bpos:1603.1,Bstd:5818.1,StrandBias:0.0,Multiplicity:2.01
0.529	0.274	0.064	0.133
0.457	0.319	0.156	0.068
0.429	0.260	0.079	0.232
0.068	0.686	0.200	0.046
0.039	0.933	0.002	0.026
0.001	0.977	0.001	0.021
0.094	0.847	0.002	0.057
0.841	0.053	0.001	0.105
>TTGCCACA	7-TTGCCACA	3.343598	-635.365003	0	T:6862.0(94.57%),B:137506.6(79.74%),P:1e-275	Tpos:202.0,Tstd:169.2,Bpos:1664.7,Bstd:8163.0,StrandBias:0.0,Multiplicity:1.91
0.082	0.213	0.173	0.532
0.129	0.048	0.169	0.654
0.018	0.050	0.916	0.016
0.004	0.884	0.101	0.011
0.025	0.910	0.037	0.028
0.770	0.080	0.028	0.122
0.053	0.811	0.112	0.024
0.523	0.235	0.103	0.139
>SACTTCAG	8-SACTTCAG	-4.480727	-568.477241	0	T:7017.0(96.71%),B:145582.1(84.42%),P:1e-246	Tpos:196.5,Tstd:170.2,Bpos:2979.4,Bstd:12597.7,StrandBias:-0.0,Multiplicity:1.83
0.257	0.414	0.314	0.014
0.997	0.001	0.001	0.001
0.001	0.997	0.001	0.001
0.001	0.001	0.001	0.997
0.001	0.001	0.001	0.997
0.001	0.997	0.001	0.001
0.997	0.001	0.001	0.001
0.114	0.328	0.557	0.001
>SWSASAGA	9-SWSASAGA	0.025291	-471.408680	0	T:6574.0(90.60%),B:132023.8(76.56%),P:1e-204	Tpos:188.3,Tstd:160.8,Bpos:3163.3,Bstd:11718.7,StrandBias:-0.0,Multiplicity:1.75
0.001	0.457	0.541	0.001
0.486	0.001	0.001	0.512
0.001	0.478	0.520	0.001
0.645	0.001	0.001	0.353
0.001	0.527	0.471	0.001
0.578	0.001	0.001	0.420
0.001	0.154	0.844	0.001
0.692	0.001	0.001	0.306
>DGCAGCTG	10-DGCAGCTG	3.316824	-426.203829	0	T:6939.0(95.63%),B:146315.1(84.85%),P:1e-185	Tpos:196.5,Tstd:166.9,Bpos:2417.1,Bstd:13137.2,StrandBias:-0.0,Multiplicity:1.64
0.371	0.001	0.319	0.309
0.106	0.273	0.620	0.001
0.001	0.551	0.349	0.099
0.728	0.001	0.001	0.270
0.060	0.258	0.618	0.064
0.001	0.807	0.191	0.001
0.209	0.001	0.001	0.789
0.116	0.184	0.699	0.001
>CGGGTGGA	11-CGGGTGGA	2.312083	-380.989318	0	T:7085.0(97.64%),B:153596.5(89.07%),P:1e-165	Tpos:207.8,Tstd:171.2,Bpos:526.2,Bstd:2518.1,StrandBias:-0.0,Multiplicity:2.95
0.291	0.562	0.146	0.001
0.265	0.238	0.468	0.029
0.088	0.211	0.700	0.001
0.116	0.087	0.796	0.001
0.001	0.001	0.264	0.734
0.001	0.001	0.997	0.001
0.001	0.001	0.997	0.001
0.734	0.121	0.058	0.087
>ACAGGAAA	12-ACAGGAAA	3.603710	-287.486707	0	T:6099.0(84.05%),B:124093.6(71.96%),P:1e-124	Tpos:191.7,Tstd:169.7,Bpos:3843.0,Bstd:13834.3,StrandBias:0.0,Multiplicity:1.70
0.684	0.116	0.072	0.128
0.184	0.676	0.139	0.001
0.849	0.001	0.001	0.149
0.128	0.001	0.823	0.048
0.092	0.101	0.800	0.007
0.814	0.103	0.043	0.040
0.746	0.001	0.150	0.103
0.606	0.122	0.107	0.165
>WAAAAAAA	13-WAAAAAAA	-4.501599	-286.557006	0	T:5177.0(71.35%),B:99294.9(57.58%),P:1e-124	Tpos:158.7,Tstd:148.7,Bpos:9817.1,Bstd:22363.7,StrandBias:0.0,Multiplicity:2.90
0.456	0.001	0.001	0.542
0.649	0.001	0.001	0.349
0.997	0.001	0.001	0.001
0.997	0.001	0.001	0.001
0.859	0.001	0.001	0.139
0.813	0.058	0.001	0.128
0.910	0.001	0.001	0.088
0.691	0.099	0.001	0.209
>TRTGATTW	14-TRTGATTW	-0.043745	-283.540804	0	T:5575.0(76.83%),B:109822.1(63.68%),P:1e-123	Tpos:161.7,Tstd:144.4,Bpos:11173.5,Bstd:27844.1,StrandBias:0.0,Multiplicity:2.45
0.001	0.001	0.001	0.997
0.554	0.001	0.444	0.001
0.001	0.001	0.001	0.997
0.414	0.001	0.584	0.001
0.502	0.001	0.272	0.225
0.352	0.001	0.040	0.607
0.223	0.044	0.205	0.528
0.419	0.016	0.167	0.397
>AAAGCATG	15-AAAGCATG	2.399224	-278.010782	0	T:7233.0(99.68%),B:163880.7(95.03%),P:1e-120	Tpos:190.1,Tstd:161.9,Bpos:3752.0,Bstd:15927.0,StrandBias:0.0,Multiplicity:4.03
0.700	0.100	0.100	0.100
0.700	0.100	0.100	0.100
0.700	0.100	0.100	0.100
0.100	0.100	0.700	0.100
0.100	0.700	0.100	0.100
0.700	0.100	0.100	0.100
0.100	0.100	0.100	0.700
0.100	0.100	0.700	0.100
>WWWSWVWW	16-WWWSWVWW	2.613386	-267.701492	0	T:5820.0(80.21%),B:117132.4(67.92%),P:1e-116	Tpos:171.7,Tstd:152.4,Bpos:9370.3,Bstd:28019.6,StrandBias:-0.0,Multiplicity:2.25
0.440	0.112	0.014	0.434
0.321	0.185	0.145	0.350
0.288	0.063	0.234	0.415
0.001	0.525	0.473	0.001
0.406	0.194	0.001	0.399
0.392	0.359	0.248	0.001
0.396	0.193	0.001	0.410
0.287	0.183	0.171	0.359
>CCTNGSCH	17-CCTNGSCH	1.202285	-240.904060	0	T:7149.0(98.53%),B:160410.6(93.02%),P:1e-104	Tpos:206.4,Tstd:174.5,Bpos:635.3,Bstd:2853.3,StrandBias:0.0,Multiplicity:2.58
0.016	0.739	0.049	0.196
0.244	0.754	0.001	0.001
0.197	0.198	0.099	0.506
0.196	0.297	0.213	0.294
0.001	0.001	0.997	0.001
0.001	0.508	0.490	0.001
0.001	0.917	0.081	0.001
0.279	0.311	0.001	0.409
>NDGGWWYC	18-NDGGWWYC	-2.040147	-159.230991	0	T:7246.0(99.86%),B:167735.6(97.27%),P:1e-69	Tpos:200.0,Tstd:170.9,Bpos:4064.0,Bstd:19603.7,StrandBias:0.0,Multiplicity:1.75
0.250	0.241	0.296	0.213
0.296	0.001	0.398	0.305
0.360	0.001	0.638	0.001
0.001	0.231	0.509	0.259
0.471	0.001	0.001	0.527
0.490	0.001	0.001	0.508
0.139	0.315	0.195	0.351
0.222	0.398	0.222	0.158
>TAYTTGAT	19-TAYTTGAT	-3.772047	-142.412435	0	T:7224.0(99.56%),B:166823.4(96.74%),P:1e-61	Tpos:187.3,Tstd:166.4,Bpos:5202.1,Bstd:19846.6,StrandBias:0.0,Multiplicity:1.67
0.236	0.236	0.002	0.526
0.702	0.118	0.004	0.176
0.001	0.472	0.001	0.526
0.001	0.123	0.001	0.875
0.410	0.001	0.001	0.588
0.061	0.001	0.702	0.236
0.877	0.001	0.121	0.001
0.236	0.003	0.118	0.643
>CAGAAACC	20-CAGAAACC	2.399224	-94.458724	0	T:7256.0(100.00%),B:170172.7(98.68%),P:1e-41	Tpos:104.4,Tstd:111.6,Bpos:6579.9,Bstd:12831.1,StrandBias:-1.0,Multiplicity:1.12
0.100	0.700	0.100	0.100
0.700	0.100	0.100	0.100
0.100	0.100	0.700	0.100
0.700	0.100	0.100	0.100
0.700	0.100	0.100	0.100
0.700	0.100	0.100	0.100
0.100	0.700	0.100	0.100
0.100	0.700	0.100	0.100
>GCACGCCG	21-GCACGCCG	0.000000	-5.772390	0	T:7256.0(100.00%),B:172309.2(99.92%),P:1e-2
0.100	0.100	0.700	0.100
0.100	0.700	0.100	0.100
0.700	0.100	0.100	0.100
0.100	0.700	0.100	0.100
0.100	0.100	0.700	0.100
0.100	0.700	0.100	0.100
0.100	0.700	0.100	0.100
0.100	0.100	0.700	0.100
>CCACGCCG	22-CCACGCCG	0.000000	-5.483662	0	T:7256.0(100.00%),B:172316.0(99.92%),P:1e-2
0.100	0.700	0.100	0.100
0.100	0.700	0.100	0.100
0.700	0.100	0.100	0.100
0.100	0.700	0.100	0.100
0.100	0.100	0.700	0.100
0.100	0.700	0.100	0.100
0.100	0.700	0.100	0.100
0.100	0.100	0.700	0.100
>CGCCACGC	23-CGCCACGC	-1.492596	-0.123646	0	T:7256.0(100.00%),B:172446.2(100.00%),P:1e0	Tpos:209.7,Tstd:172.7,Bpos:807.5,Bstd:4725.6,StrandBias:-0.0,Multiplicity:2.03
0.100	0.700	0.100	0.100
0.100	0.100	0.700	0.100
0.100	0.700	0.100	0.100
0.100	0.700	0.100	0.100
0.700	0.100	0.100	0.100
0.100	0.700	0.100	0.100
0.100	0.100	0.700	0.100
0.100	0.700	0.100	0.100
>CACGCCGC	24-CACGCCGC	-1.492596	-0.123646	0	T:7256.0(100.00%),B:172446.0(100.00%),P:1e0	Tpos:190.2,Tstd:166.0,Bpos:4689.7,Bstd:14969.6,StrandBias:0.0,Multiplicity:1.02
0.100	0.700	0.100	0.100
0.700	0.100	0.100	0.100
0.100	0.700	0.100	0.100
0.100	0.100	0.700	0.100
0.100	0.700	0.100	0.100
0.100	0.700	0.100	0.100
0.100	0.100	0.700	0.100
0.100	0.700	0.100	0.100
>AAACTGAA	25-AAACTGAA	-1.492596	0.000000	0	T:7256.0(100.00%),B:172449.2(100.00%),P:1e0	Tpos:200.1,Tstd:169.1,Bpos:2912.8,Bstd:16868.7,StrandBias:0.0,Multiplicity:2.95
0.700	0.100	0.100	0.100
0.700	0.100	0.100	0.100
0.700	0.100	0.100	0.100
0.100	0.700	0.100	0.100
0.100	0.100	0.100	0.700
0.100	0.100	0.700	0.100
0.700	0.100	0.100	0.100
0.700	0.100	0.100	0.100
