>SVNRCCACGTGG	1-SVNRCCACGTGG	4.455009	-2642.271413	0	T:4301.0(59.28%),B:33483.2(19.42%),P:1e-1147	Tpos:188.4,Tstd:151.4,Bpos:2909.0,Bstd:9154.1,StrandBias:-0.0,Multiplicity:1.16
0.138	0.328	0.388	0.146
0.280	0.253	0.316	0.151
0.258	0.277	0.247	0.218
0.375	0.127	0.407	0.092
0.021	0.725	0.210	0.044
0.001	0.997	0.001	0.001
0.975	0.001	0.009	0.015
0.001	0.806	0.001	0.192
0.179	0.001	0.819	0.001
0.010	0.012	0.001	0.977
0.001	0.001	0.997	0.001
0.010	0.230	0.659	0.101
>RAASAGGAAGTG	2-RAASAGGAAGTG	5.184786	-888.421757	0	T:4617.0(63.63%),B:66634.0(38.64%),P:1e-385	Tpos:175.4,Tstd:149.7,Bpos:7160.4,Bstd:27474.2,StrandBias:0.0,Multiplicity:1.78
0.420	0.118	0.278	0.184
0.544	0.123	0.181	0.152
0.527	0.032	0.209	0.232
0.246	0.306	0.423	0.026
0.455	0.286	0.216	0.042
0.189	0.004	0.797	0.010
0.087	0.010	0.902	0.001
0.986	0.006	0.007	0.001
0.984	0.001	0.002	0.013
0.044	0.302	0.650	0.004
0.042	0.225	0.025	0.708
0.238	0.101	0.471	0.191
>GGRRRVRTKGKD	3-GGRRRVRTKGKD	3.436038	-746.573302	0	T:6987.0(96.29%),B:139764.2(81.05%),P:1e-324	Tpos:196.6,Tstd:167.3,Bpos:3761.9,Bstd:19192.0,StrandBias:-0.0,Multiplicity:1.75
0.182	0.137	0.527	0.154
0.178	0.110	0.622	0.090
0.445	0.064	0.456	0.034
0.490	0.050	0.439	0.021
0.451	0.061	0.441	0.046
0.415	0.274	0.266	0.045
0.493	0.084	0.375	0.048
0.029	0.039	0.249	0.683
0.055	0.044	0.409	0.492
0.090	0.160	0.582	0.168
0.037	0.079	0.409	0.476
0.287	0.159	0.218	0.337
>GTGTGTGTGTGT	4-GTGTGTGTGTGT	2.625881	-579.000215	0	T:6957.0(95.88%),B:142784.5(82.80%),P:1e-251	Tpos:181.4,Tstd:157.2,Bpos:6814.2,Bstd:22986.9,StrandBias:-0.0,Multiplicity:3.06
0.100	0.100	0.700	0.100
0.100	0.100	0.100	0.700
0.100	0.100	0.700	0.100
0.100	0.100	0.100	0.700
0.100	0.100	0.700	0.100
0.100	0.100	0.100	0.700
0.100	0.100	0.700	0.100
0.100	0.100	0.100	0.700
0.100	0.100	0.700	0.100
0.100	0.100	0.100	0.700
0.100	0.100	0.700	0.100
0.100	0.100	0.100	0.700
>CRCRCRCRCRCG	5-CRCRCRCRCRCG	3.248729	-535.187372	0	T:5050.0(69.60%),B:86826.4(50.35%),P:1e-232	Tpos:202.4,Tstd:164.8,Bpos:1418.8,Bstd:5660.3,StrandBias:-0.0,Multiplicity:2.49
0.032	0.603	0.135	0.230
0.392	0.188	0.324	0.096
0.020	0.644	0.135	0.201
0.459	0.006	0.523	0.012
0.001	0.886	0.028	0.085
0.479	0.014	0.460	0.048
0.038	0.899	0.026	0.037
0.541	0.001	0.441	0.017
0.008	0.918	0.008	0.066
0.461	0.003	0.535	0.001
0.019	0.712	0.055	0.214
0.351	0.022	0.540	0.087
>DCCACCCCCACA	6-DCCACCCCCACA	4.225301	-519.650835	0	T:6202.0(85.47%),B:118812.5(68.90%),P:1e-225	Tpos:199.0,Tstd:168.5,Bpos:2492.4,Bstd:12653.3,StrandBias:-0.0,Multiplicity:1.82
0.319	0.135	0.274	0.272
0.035	0.664	0.166	0.135
0.107	0.663	0.093	0.137
0.494	0.182	0.161	0.163
0.084	0.595	0.177	0.144
0.033	0.679	0.159	0.129
0.140	0.533	0.150	0.177
0.033	0.680	0.125	0.162
0.152	0.579	0.128	0.141
0.543	0.178	0.142	0.137
0.158	0.545	0.206	0.091
0.892	0.034	0.037	0.037
>TGCGTGTGTGTG	7-TGCGTGTGTGTG	2.625881	-477.432894	0	T:7195.0(99.16%),B:156602.3(90.81%),P:1e-207	Tpos:195.8,Tstd:168.8,Bpos:4974.9,Bstd:21003.1,StrandBias:-0.0,Multiplicity:1.94
0.100	0.100	0.100	0.700
0.100	0.100	0.700	0.100
0.100	0.700	0.100	0.100
0.100	0.100	0.700	0.100
0.100	0.100	0.100	0.700
0.100	0.100	0.700	0.100
0.100	0.100	0.100	0.700
0.100	0.100	0.700	0.100
0.100	0.100	0.100	0.700
0.100	0.100	0.700	0.100
0.100	0.100	0.100	0.700
0.100	0.100	0.700	0.100
>CACATACACACA	8-CACATACACACA	2.383706	-410.964073	0	T:7109.0(97.97%),B:153862.5(89.22%),P:1e-178	Tpos:182.8,Tstd:157.5,Bpos:6667.1,Bstd:24366.0,StrandBias:-0.1,Multiplicity:1.72
0.211	0.432	0.184	0.173
0.607	0.110	0.122	0.161
0.125	0.617	0.168	0.090
0.545	0.228	0.114	0.113
0.001	0.001	0.010	0.988
0.416	0.146	0.228	0.210
0.107	0.602	0.166	0.125
0.526	0.155	0.094	0.225
0.106	0.631	0.189	0.074
0.701	0.183	0.001	0.115
0.114	0.618	0.134	0.134
0.410	0.222	0.159	0.209
>GACACACACACC	9-GACACACACACC	2.922089	-375.532304	0	T:7032.0(96.91%),B:151495.5(87.85%),P:1e-163	Tpos:208.3,Tstd:174.3,Bpos:1261.1,Bstd:6756.0,StrandBias:0.0,Multiplicity:2.03
0.009	0.001	0.981	0.009
0.576	0.175	0.117	0.132
0.152	0.658	0.162	0.028
0.487	0.160	0.206	0.147
0.102	0.693	0.204	0.001
0.583	0.156	0.168	0.093
0.090	0.654	0.211	0.045
0.467	0.215	0.133	0.185
0.100	0.662	0.175	0.063
0.655	0.213	0.001	0.131
0.172	0.565	0.179	0.084
0.037	0.439	0.266	0.258
>TTTTTTTTTTTT	10-TTTTTTTTTTTT	-17.273912	-299.651715	0	T:5747.0(79.20%),B:113772.9(65.97%),P:1e-130	Tpos:159.1,Tstd:148.5,Bpos:9430.5,Bstd:19193.5,StrandBias:-0.1,Multiplicity:2.30
0.001	0.001	0.001	0.997
0.001	0.001	0.001	0.997
0.001	0.001	0.001	0.997
0.001	0.060	0.001	0.938
0.012	0.026	0.001	0.961
0.001	0.015	0.007	0.977
0.001	0.001	0.001	0.997
0.001	0.001	0.001	0.997
0.001	0.075	0.001	0.923
0.001	0.037	0.001	0.961
0.001	0.001	0.001	0.997
0.001	0.033	0.001	0.965
>VGCGCMSMCMCM	11-VGCGCMSMCMCM	5.401248	-221.393755	0	T:5109.0(70.41%),B:100594.0(58.33%),P:1e-96	Tpos:208.3,Tstd:171.1,Bpos:441.7,Bstd:1904.6,StrandBias:0.0,Multiplicity:2.88
0.284	0.374	0.260	0.082
0.001	0.001	0.997	0.001
0.179	0.610	0.182	0.029
0.001	0.001	0.997	0.001
0.086	0.705	0.208	0.001
0.373	0.404	0.081	0.142
0.074	0.495	0.428	0.003
0.370	0.320	0.094	0.216
0.031	0.628	0.330	0.011
0.409	0.319	0.110	0.162
0.070	0.788	0.140	0.002
0.317	0.374	0.148	0.161
>CGCGCGCGCGCA	12-CGCGCGCGCGCA	0.000000	-200.938196	0	T:7162.0(98.70%),B:162157.6(94.03%),P:1e-87
0.100	0.700	0.100	0.100
0.100	0.100	0.700	0.100
0.100	0.700	0.100	0.100
0.100	0.100	0.700	0.100
0.100	0.700	0.100	0.100
0.100	0.100	0.700	0.100
0.100	0.700	0.100	0.100
0.100	0.100	0.700	0.100
0.100	0.700	0.100	0.100
0.100	0.100	0.700	0.100
0.100	0.700	0.100	0.100
0.700	0.100	0.100	0.100
>CCCCCGGSCSSB	13-CCCCCGGSCSSB	2.166324	-137.978923	0	T:6293.0(86.73%),B:136531.7(79.17%),P:1e-59	Tpos:213.4,Tstd:174.6,Bpos:471.4,Bstd:2060.7,StrandBias:0.0,Multiplicity:2.39
0.220	0.462	0.012	0.305
0.020	0.575	0.398	0.007
0.003	0.579	0.410	0.008
0.001	0.629	0.286	0.084
0.135	0.809	0.052	0.004
0.016	0.329	0.646	0.009
0.180	0.006	0.598	0.216
0.012	0.474	0.502	0.012
0.013	0.616	0.361	0.010
0.004	0.376	0.465	0.155
0.001	0.555	0.424	0.020
0.117	0.244	0.366	0.273
>AGTTCCTCTTTT	14-AGTTCCTCTTTT	0.000000	-132.355489	0	T:7250.0(99.92%),B:168703.2(97.83%),P:1e-57
0.700	0.100	0.100	0.100
0.100	0.100	0.700	0.100
0.100	0.100	0.100	0.700
0.100	0.100	0.100	0.700
0.100	0.700	0.100	0.100
0.100	0.700	0.100	0.100
0.100	0.100	0.100	0.700
0.100	0.700	0.100	0.100
0.100	0.100	0.100	0.700
0.100	0.100	0.100	0.700
0.100	0.100	0.100	0.700
0.100	0.100	0.100	0.700
>VASNCCTGCMNB	15-VASNCCTGCMNB	1.950937	-102.329909	0	T:7249.0(99.90%),B:169377.3(98.22%),P:1e-44	Tpos:182.0,Tstd:161.2,Bpos:4588.6,Bstd:16581.8,StrandBias:0.0,Multiplicity:1.71
0.243	0.263	0.342	0.153
0.453	0.145	0.124	0.278
0.181	0.328	0.429	0.063
0.332	0.236	0.187	0.246
0.152	0.530	0.274	0.044
0.231	0.542	0.018	0.209
0.081	0.001	0.038	0.880
0.001	0.001	0.997	0.001
0.184	0.469	0.305	0.042
0.469	0.353	0.026	0.152
0.300	0.249	0.293	0.158
0.079	0.244	0.326	0.351
>GCGCGCCTGCGC	16-GCGCGCCTGCGC	0.000000	-100.667349	0	T:7223.0(99.55%),B:167935.6(97.38%),P:1e-43
0.100	0.100	0.700	0.100
0.100	0.700	0.100	0.100
0.100	0.100	0.700	0.100
0.100	0.700	0.100	0.100
0.100	0.100	0.700	0.100
0.100	0.700	0.100	0.100
0.100	0.700	0.100	0.100
0.100	0.100	0.100	0.700
0.100	0.100	0.700	0.100
0.100	0.700	0.100	0.100
0.100	0.100	0.700	0.100
0.100	0.700	0.100	0.100
>NTGTATTATAWD	17-NTGTATTATAWD	-2.271901	-98.288614	0	T:7250.0(99.92%),B:169551.7(98.32%),P:1e-42	Tpos:169.4,Tstd:155.0,Bpos:8997.0,Bstd:25030.5,StrandBias:-0.0,Multiplicity:1.81
0.264	0.300	0.177	0.260
0.216	0.017	0.013	0.754
0.177	0.129	0.512	0.182
0.317	0.017	0.186	0.480
0.411	0.186	0.256	0.148
0.200	0.204	0.139	0.458
0.334	0.091	0.013	0.562
0.728	0.146	0.009	0.117
0.315	0.030	0.138	0.517
0.615	0.174	0.194	0.017
0.424	0.001	0.068	0.507
0.329	0.173	0.303	0.195
>TGGAATGGAATG	18-TGGAATGGAATG	0.000000	-87.312178	0	T:7255.0(99.99%),B:170235.5(98.72%),P:1e-37
0.100	0.100	0.100	0.700
0.100	0.100	0.700	0.100
0.100	0.100	0.700	0.100
0.700	0.100	0.100	0.100
0.700	0.100	0.100	0.100
0.100	0.100	0.100	0.700
0.100	0.100	0.700	0.100
0.100	0.100	0.700	0.100
0.700	0.100	0.100	0.100
0.700	0.100	0.100	0.100
0.100	0.100	0.100	0.700
0.100	0.100	0.700	0.100
>CTCACACACACA	19-CTCACACACACA	0.000000	-48.797393	0	T:7256.0(100.00%),B:171269.8(99.32%),P:1e-21
0.100	0.700	0.100	0.100
0.100	0.100	0.100	0.700
0.100	0.700	0.100	0.100
0.700	0.100	0.100	0.100
0.100	0.700	0.100	0.100
0.700	0.100	0.100	0.100
0.100	0.700	0.100	0.100
0.700	0.100	0.100	0.100
0.100	0.700	0.100	0.100
0.700	0.100	0.100	0.100
0.100	0.700	0.100	0.100
0.700	0.100	0.100	0.100
>GCCACTTCCGCC	20-GCCACTTCCGCC	0.000000	-22.166262	0	T:7256.0(100.00%),B:171912.2(99.69%),P:1e-9
0.100	0.100	0.700	0.100
0.100	0.700	0.100	0.100
0.100	0.700	0.100	0.100
0.700	0.100	0.100	0.100
0.100	0.700	0.100	0.100
0.100	0.100	0.100	0.700
0.100	0.100	0.100	0.700
0.100	0.700	0.100	0.100
0.100	0.700	0.100	0.100
0.100	0.100	0.700	0.100
0.100	0.700	0.100	0.100
0.100	0.700	0.100	0.100
>GTGTGTGTGTGC	21-GTGTGTGTGTGC	0.000000	-19.975515	0	T:7256.0(100.00%),B:171965.8(99.72%),P:1e-8
0.100	0.100	0.700	0.100
0.100	0.100	0.100	0.700
0.100	0.100	0.700	0.100
0.100	0.100	0.100	0.700
0.100	0.100	0.700	0.100
0.100	0.100	0.100	0.700
0.100	0.100	0.700	0.100
0.100	0.100	0.100	0.700
0.100	0.100	0.700	0.100
0.100	0.100	0.100	0.700
0.100	0.100	0.700	0.100
0.100	0.700	0.100	0.100
>GGCGGAAGCGGA	22-GGCGGAAGCGGA	0.000000	-17.887316	0	T:7253.0(99.96%),B:171821.1(99.64%),P:1e-7
0.100	0.100	0.700	0.100
0.100	0.100	0.700	0.100
0.100	0.700	0.100	0.100
0.100	0.100	0.700	0.100
0.100	0.100	0.700	0.100
0.700	0.100	0.100	0.100
0.700	0.100	0.100	0.100
0.100	0.100	0.700	0.100
0.100	0.700	0.100	0.100
0.100	0.100	0.700	0.100
0.100	0.100	0.700	0.100
0.700	0.100	0.100	0.100
>TTCCGGTTCCGG	23-TTCCGGTTCCGG	0.000000	-17.501848	0	T:7255.0(99.99%),B:171951.9(99.71%),P:1e-7
0.100	0.100	0.100	0.700
0.100	0.100	0.100	0.700
0.100	0.700	0.100	0.100
0.100	0.700	0.100	0.100
0.100	0.100	0.700	0.100
0.100	0.100	0.700	0.100
0.100	0.100	0.100	0.700
0.100	0.100	0.100	0.700
0.100	0.700	0.100	0.100
0.100	0.700	0.100	0.100
0.100	0.100	0.700	0.100
0.100	0.100	0.700	0.100
>CACTTCCGGTCC	24-CACTTCCGGTCC	0.000000	-8.866632	0	T:7256.0(100.00%),B:172234.9(99.88%),P:1e-3
0.100	0.700	0.100	0.100
0.700	0.100	0.100	0.100
0.100	0.700	0.100	0.100
0.100	0.100	0.100	0.700
0.100	0.100	0.100	0.700
0.100	0.700	0.100	0.100
0.100	0.700	0.100	0.100
0.100	0.100	0.700	0.100
0.100	0.100	0.700	0.100
0.100	0.100	0.100	0.700
0.100	0.700	0.100	0.100
0.100	0.700	0.100	0.100
>SSNKCBCCSCBS	25-SSNKCBCCSCBS	-20.057364	0.000000	0	T:7256.0(100.00%),B:172449.2(100.00%),P:1e0	Tpos:199.1,Tstd:171.5,Bpos:1791.8,Bstd:9281.5,StrandBias:0.0,Multiplicity:1.68
0.075	0.407	0.468	0.049
0.076	0.432	0.291	0.201
0.206	0.217	0.235	0.343
0.001	0.068	0.444	0.487
0.071	0.473	0.252	0.204
0.001	0.372	0.357	0.270
0.104	0.607	0.120	0.169
0.001	0.564	0.275	0.160
0.001	0.549	0.404	0.046
0.018	0.605	0.252	0.125
0.173	0.313	0.332	0.183
0.039	0.465	0.495	0.001
