>NRCCACGTGS	1-NRCCACGTGS	5.385277	-2859.036374	0	T:4621.0(63.69%),B:36878.8(21.39%),P:1e-1241	Tpos:188.0,Tstd:150.5,Bpos:3219.5,Bstd:9769.8,StrandBias:0.0,Multiplicity:1.43
0.311	0.243	0.263	0.184
0.326	0.193	0.357	0.124
0.177	0.494	0.290	0.040
0.006	0.992	0.001	0.001
0.872	0.001	0.057	0.070
0.001	0.757	0.001	0.241
0.206	0.001	0.792	0.001
0.042	0.043	0.001	0.914
0.001	0.001	0.996	0.002
0.059	0.291	0.436	0.215
>GGAAGTGAVA	2-GGAAGTGAVA	4.266123	-806.092251	0	T:5353.0(73.77%),B:86726.4(50.29%),P:1e-350	Tpos:181.3,Tstd:155.4,Bpos:7014.2,Bstd:26885.4,StrandBias:0.0,Multiplicity:2.07
0.061	0.001	0.928	0.010
0.083	0.001	0.915	0.001
0.975	0.001	0.015	0.009
0.976	0.001	0.001	0.022
0.079	0.201	0.719	0.001
0.088	0.120	0.008	0.784
0.193	0.018	0.770	0.019
0.459	0.189	0.210	0.142
0.370	0.232	0.259	0.139
0.423	0.165	0.191	0.221
>GCCATCTTGG	3-GCCATCTTGG	-6.004478	-745.176500	0	T:6956.0(95.87%),B:138472.4(80.30%),P:1e-323	Tpos:201.5,Tstd:170.0,Bpos:1812.7,Bstd:11056.8,StrandBias:0.0,Multiplicity:1.95
0.001	0.001	0.997	0.001
0.001	0.997	0.001	0.001
0.001	0.997	0.001	0.001
0.997	0.001	0.001	0.001
0.001	0.001	0.001	0.997
0.039	0.690	0.039	0.232
0.001	0.076	0.001	0.922
0.001	0.038	0.155	0.806
0.098	0.001	0.900	0.001
0.001	0.084	0.914	0.001
>YGYGCGTGYG	4-YGYGCGTGYG	4.165067	-608.787358	0	T:5282.0(72.79%),B:90450.4(52.45%),P:1e-264	Tpos:202.0,Tstd:166.2,Bpos:2013.0,Bstd:9067.2,StrandBias:0.0,Multiplicity:2.25
0.043	0.432	0.001	0.524
0.001	0.125	0.650	0.224
0.063	0.440	0.118	0.379
0.001	0.005	0.970	0.024
0.001	0.626	0.001	0.372
0.373	0.036	0.590	0.001
0.001	0.401	0.001	0.597
0.275	0.001	0.635	0.089
0.053	0.415	0.051	0.482
0.176	0.113	0.540	0.171
>AAAGGCAGAA	5-AAAGGCAGAA	2.512553	-357.959313	0	T:7224.0(99.56%),B:161317.8(93.55%),P:1e-155	Tpos:193.0,Tstd:167.0,Bpos:4228.1,Bstd:18691.0,StrandBias:0.0,Multiplicity:4.47
0.700	0.100	0.100	0.100
0.700	0.100	0.100	0.100
0.700	0.100	0.100	0.100
0.100	0.100	0.700	0.100
0.100	0.100	0.700	0.100
0.100	0.700	0.100	0.100
0.700	0.100	0.100	0.100
0.100	0.100	0.700	0.100
0.700	0.100	0.100	0.100
0.700	0.100	0.100	0.100
>DTTYCTGTGT	6-DTTYCTGTGT	3.197656	-318.299869	0	T:5633.0(77.63%),B:109911.1(63.74%),P:1e-138	Tpos:164.2,Tstd:145.3,Bpos:10642.5,Bstd:29343.8,StrandBias:-0.0,Multiplicity:2.10
0.227	0.163	0.278	0.331
0.157	0.106	0.120	0.617
0.141	0.145	0.142	0.572
0.170	0.403	0.125	0.302
0.161	0.453	0.156	0.230
0.155	0.143	0.095	0.607
0.166	0.134	0.521	0.179
0.114	0.101	0.085	0.700
0.140	0.095	0.531	0.234
0.167	0.203	0.196	0.433
>CTGAGTCACT	7-CTGAGTCACT	2.512553	-313.615357	0	T:7243.0(99.82%),B:163744.7(94.95%),P:1e-136	Tpos:201.6,Tstd:172.5,Bpos:2576.1,Bstd:14815.2,StrandBias:0.0,Multiplicity:2.58
0.100	0.700	0.100	0.100
0.100	0.100	0.100	0.700
0.100	0.100	0.700	0.100
0.700	0.100	0.100	0.100
0.100	0.100	0.700	0.100
0.100	0.100	0.100	0.700
0.100	0.700	0.100	0.100
0.700	0.100	0.100	0.100
0.100	0.700	0.100	0.100
0.100	0.100	0.100	0.700
>HNVAMMCACA	8-HNVAMMCACA	0.965338	-302.438432	0	T:5218.0(71.91%),B:99660.1(57.79%),P:1e-131	Tpos:175.5,Tstd:152.2,Bpos:8525.3,Bstd:26715.9,StrandBias:-0.0,Multiplicity:1.85
0.351	0.227	0.187	0.235
0.239	0.210	0.277	0.274
0.384	0.334	0.280	0.001
0.612	0.276	0.001	0.111
0.460	0.538	0.001	0.001
0.524	0.474	0.001	0.001
0.001	0.997	0.001	0.001
0.997	0.001	0.001	0.001
0.001	0.997	0.001	0.001
0.997	0.001	0.001	0.001
>GTATTATATA	9-GTATTATATA	0.000000	-276.741133	0	T:6891.0(94.97%),B:149202.8(86.52%),P:1e-120
0.100	0.100	0.700	0.100
0.100	0.100	0.100	0.700
0.700	0.100	0.100	0.100
0.100	0.100	0.100	0.700
0.100	0.100	0.100	0.700
0.700	0.100	0.100	0.100
0.100	0.100	0.100	0.700
0.700	0.100	0.100	0.100
0.100	0.100	0.100	0.700
0.700	0.100	0.100	0.100
>WWTTTTTTTT	10-WWTTTTTTTT	1.935339	-257.451799	0	T:5435.0(74.90%),B:107282.4(62.21%),P:1e-111	Tpos:156.6,Tstd:146.8,Bpos:9858.5,Bstd:17167.8,StrandBias:0.0,Multiplicity:2.61
0.300	0.194	0.138	0.368
0.310	0.210	0.097	0.382
0.309	0.161	0.058	0.472
0.264	0.094	0.124	0.518
0.175	0.082	0.037	0.706
0.136	0.113	0.015	0.736
0.171	0.177	0.003	0.649
0.225	0.230	0.038	0.507
0.244	0.239	0.015	0.502
0.264	0.165	0.096	0.475
>TGTATTATAT	11-TGTATTATAT	0.000000	-254.158361	0	T:6977.0(96.15%),B:153070.1(88.76%),P:1e-110
0.100	0.100	0.100	0.700
0.100	0.100	0.700	0.100
0.100	0.100	0.100	0.700
0.700	0.100	0.100	0.100
0.100	0.100	0.100	0.700
0.100	0.100	0.100	0.700
0.700	0.100	0.100	0.100
0.100	0.100	0.100	0.700
0.700	0.100	0.100	0.100
0.100	0.100	0.100	0.700
>CATGGTTATM	12-CATGGTTATM	-14.478250	-230.275125	0	T:7149.0(98.53%),B:160717.0(93.20%),P:1e-100	Tpos:189.6,Tstd:163.3,Bpos:4623.1,Bstd:18987.6,StrandBias:-0.0,Multiplicity:2.64
0.001	0.997	0.001	0.001
0.997	0.001	0.001	0.001
0.001	0.001	0.001	0.997
0.001	0.001	0.997	0.001
0.001	0.001	0.997	0.001
0.001	0.001	0.001	0.997
0.001	0.001	0.001	0.997
0.997	0.001	0.001	0.001
0.001	0.001	0.001	0.997
0.499	0.499	0.001	0.001
>TATTTTTAGC	13-TATTTTTAGC	0.000000	-187.683559	0	T:7225.0(99.57%),B:165671.8(96.07%),P:1e-81
0.100	0.100	0.100	0.700
0.700	0.100	0.100	0.100
0.100	0.100	0.100	0.700
0.100	0.100	0.100	0.700
0.100	0.100	0.100	0.700
0.100	0.100	0.100	0.700
0.100	0.100	0.100	0.700
0.700	0.100	0.100	0.100
0.100	0.100	0.700	0.100
0.100	0.700	0.100	0.100
>CAGGCCACGC	14-CAGGCCACGC	2.512553	-155.791346	0	T:7201.0(99.24%),B:165280.7(95.84%),P:1e-67	Tpos:209.9,Tstd:174.9,Bpos:815.2,Bstd:5929.7,StrandBias:0.0,Multiplicity:3.23
0.100	0.700	0.100	0.100
0.700	0.100	0.100	0.100
0.100	0.100	0.700	0.100
0.100	0.100	0.700	0.100
0.100	0.700	0.100	0.100
0.100	0.700	0.100	0.100
0.700	0.100	0.100	0.100
0.100	0.700	0.100	0.100
0.100	0.100	0.700	0.100
0.100	0.700	0.100	0.100
>TTCCCCTCTC	15-TTCCCCTCTC	2.512553	-131.090693	0	T:7251.0(99.93%),B:168814.6(97.89%),P:1e-56	Tpos:204.0,Tstd:172.0,Bpos:1412.9,Bstd:10378.1,StrandBias:-0.0,Multiplicity:3.33
0.100	0.100	0.100	0.700
0.100	0.100	0.100	0.700
0.100	0.700	0.100	0.100
0.100	0.700	0.100	0.100
0.100	0.700	0.100	0.100
0.100	0.700	0.100	0.100
0.100	0.100	0.100	0.700
0.100	0.700	0.100	0.100
0.100	0.100	0.100	0.700
0.100	0.700	0.100	0.100
>GCCGCGCGGC	16-GCCGCGCGGC	0.000000	-108.773056	0	T:7186.0(99.04%),B:166006.2(96.26%),P:1e-47
0.100	0.100	0.700	0.100
0.100	0.700	0.100	0.100
0.100	0.700	0.100	0.100
0.100	0.100	0.700	0.100
0.100	0.700	0.100	0.100
0.100	0.100	0.700	0.100
0.100	0.700	0.100	0.100
0.100	0.100	0.700	0.100
0.100	0.100	0.700	0.100
0.100	0.700	0.100	0.100
>GCGCGCGCCG	17-GCGCGCGCCG	0.000000	-102.701667	0	T:7198.0(99.20%),B:166715.5(96.68%),P:1e-44
0.100	0.100	0.700	0.100
0.100	0.700	0.100	0.100
0.100	0.100	0.700	0.100
0.100	0.700	0.100	0.100
0.100	0.100	0.700	0.100
0.100	0.700	0.100	0.100
0.100	0.100	0.700	0.100
0.100	0.700	0.100	0.100
0.100	0.700	0.100	0.100
0.100	0.100	0.700	0.100
>GGGCGGAGCC	18-GGGCGGAGCC	0.000000	-37.178662	0	T:7254.0(99.97%),B:171383.9(99.38%),P:1e-16
0.100	0.100	0.700	0.100
0.100	0.100	0.700	0.100
0.100	0.100	0.700	0.100
0.100	0.700	0.100	0.100
0.100	0.100	0.700	0.100
0.100	0.100	0.700	0.100
0.700	0.100	0.100	0.100
0.100	0.100	0.700	0.100
0.100	0.700	0.100	0.100
0.100	0.700	0.100	0.100
>AGCCACGCCC	19-AGCCACGCCC	0.000000	-9.990998	0	T:7255.0(99.99%),B:172144.6(99.82%),P:1e-4
0.700	0.100	0.100	0.100
0.100	0.100	0.700	0.100
0.100	0.700	0.100	0.100
0.100	0.700	0.100	0.100
0.700	0.100	0.100	0.100
0.100	0.700	0.100	0.100
0.100	0.100	0.700	0.100
0.100	0.700	0.100	0.100
0.100	0.700	0.100	0.100
0.100	0.700	0.100	0.100
>TTGGGGGAGG	20-TTGGGGGAGG	0.000000	-3.627823	0	T:7256.0(100.00%),B:172361.7(99.95%),P:1e-1
0.100	0.100	0.100	0.700
0.100	0.100	0.100	0.700
0.100	0.100	0.700	0.100
0.100	0.100	0.700	0.100
0.100	0.100	0.700	0.100
0.100	0.100	0.700	0.100
0.100	0.100	0.700	0.100
0.700	0.100	0.100	0.100
0.100	0.100	0.700	0.100
0.100	0.100	0.700	0.100
>CGTGCGCGCG	21-CGTGCGCGCG	-1.379268	-1.854910	0	T:7256.0(100.00%),B:172404.7(99.97%),P:1e0	Tpos:199.8,Tstd:167.2,Bpos:2173.4,Bstd:11811.9,StrandBias:-0.0,Multiplicity:2.19
0.100	0.700	0.100	0.100
0.100	0.100	0.700	0.100
0.100	0.100	0.100	0.700
0.100	0.100	0.700	0.100
0.100	0.700	0.100	0.100
0.100	0.100	0.700	0.100
0.100	0.700	0.100	0.100
0.100	0.100	0.700	0.100
0.100	0.700	0.100	0.100
0.100	0.100	0.700	0.100
>GCCAGCAGAG	22-GCCAGCAGAG	0.000000	-0.865566	0	T:7256.0(100.00%),B:172428.7(99.99%),P:1e0
0.100	0.100	0.700	0.100
0.100	0.700	0.100	0.100
0.100	0.700	0.100	0.100
0.700	0.100	0.100	0.100
0.100	0.100	0.700	0.100
0.100	0.700	0.100	0.100
0.700	0.100	0.100	0.100
0.100	0.100	0.700	0.100
0.700	0.100	0.100	0.100
0.100	0.100	0.700	0.100
>AGGCATGCTG	23-AGGCATGCTG	0.000000	-0.700688	0	T:7256.0(100.00%),B:172432.2(99.99%),P:1e0
0.700	0.100	0.100	0.100
0.100	0.100	0.700	0.100
0.100	0.100	0.700	0.100
0.100	0.700	0.100	0.100
0.700	0.100	0.100	0.100
0.100	0.100	0.100	0.700
0.100	0.100	0.700	0.100
0.100	0.700	0.100	0.100
0.100	0.100	0.100	0.700
0.100	0.100	0.700	0.100
>CTCACTTCCT	24-CTCACTTCCT	0.000000	-0.659469	0	T:7256.0(100.00%),B:172433.2(99.99%),P:1e0
0.100	0.700	0.100	0.100
0.100	0.100	0.100	0.700
0.100	0.700	0.100	0.100
0.700	0.100	0.100	0.100
0.100	0.700	0.100	0.100
0.100	0.100	0.100	0.700
0.100	0.100	0.100	0.700
0.100	0.700	0.100	0.100
0.100	0.700	0.100	0.100
0.100	0.100	0.100	0.700
>ACCCCTCCCC	25-ACCCCTCCCC	-9.162908	0.000000	0	T:7256.0(100.00%),B:172449.2(100.00%),P:1e0	Tpos:173.6,Tstd:152.1,Bpos:7893.2,Bstd:22874.2,StrandBias:0.0,Multiplicity:1.29
0.700	0.100	0.100	0.100
0.100	0.700	0.100	0.100
0.100	0.700	0.100	0.100
0.100	0.700	0.100	0.100
0.100	0.700	0.100	0.100
0.100	0.100	0.100	0.700
0.100	0.700	0.100	0.100
0.100	0.700	0.100	0.100
0.100	0.700	0.100	0.100
0.100	0.700	0.100	0.100
