>VCCACGTG	1-VCCACGTG	6.779827	-2143.015732	0	T:3022.0(41.65%),B:18652.0(10.82%),P:1e-930	Tpos:184.9,Tstd:145.3,Bpos:3160.2,Bstd:9314.9,StrandBias:-0.0,Multiplicity:1.23
0.313	0.231	0.329	0.128
0.211	0.485	0.302	0.001
0.001	0.997	0.001	0.001
0.997	0.001	0.001	0.001
0.001	0.836	0.001	0.162
0.233	0.001	0.765	0.001
0.001	0.001	0.001	0.997
0.001	0.001	0.997	0.001
>CACTTCCG	2-CACTTCCG	4.664423	-1094.272284	0	T:5448.0(75.08%),B:82188.7(47.66%),P:1e-475	Tpos:185.6,Tstd:155.5,Bpos:4233.6,Bstd:18480.6,StrandBias:-0.0,Multiplicity:2.08
0.119	0.457	0.202	0.222
0.686	0.038	0.211	0.065
0.005	0.615	0.179	0.201
0.095	0.001	0.009	0.895
0.007	0.001	0.001	0.991
0.025	0.838	0.071	0.066
0.001	0.982	0.001	0.016
0.018	0.077	0.536	0.369
>GCGTGTGT	3-GCGTGTGT	4.658376	-1064.348060	0	T:5712.0(78.72%),B:89914.7(52.14%),P:1e-462	Tpos:201.7,Tstd:165.5,Bpos:1475.4,Bstd:7017.9,StrandBias:0.0,Multiplicity:2.62
0.064	0.069	0.815	0.052
0.016	0.911	0.013	0.060
0.258	0.022	0.700	0.020
0.016	0.266	0.003	0.715
0.020	0.003	0.963	0.014
0.030	0.203	0.115	0.652
0.029	0.103	0.797	0.071
0.093	0.299	0.159	0.450
>TGTGTGTG	4-TGTGTGTG	1.838330	-916.685675	0	T:6278.0(86.52%),B:110040.2(63.81%),P:1e-398	Tpos:173.2,Tstd:149.6,Bpos:9506.3,Bstd:23443.5,StrandBias:0.0,Multiplicity:1.88
0.084	0.315	0.049	0.552
0.378	0.001	0.620	0.001
0.001	0.097	0.001	0.901
0.196	0.001	0.802	0.001
0.001	0.033	0.001	0.965
0.255	0.001	0.743	0.001
0.128	0.001	0.212	0.659
0.267	0.001	0.531	0.201
>GAAATGGG	5-GAAATGGG	3.474615	-685.414122	0	T:6531.0(90.01%),B:124317.6(72.09%),P:1e-297	Tpos:199.6,Tstd:170.3,Bpos:2665.2,Bstd:16241.7,StrandBias:-0.0,Multiplicity:2.00
0.235	0.155	0.553	0.057
0.717	0.138	0.144	0.001
0.771	0.023	0.205	0.001
0.848	0.114	0.001	0.037
0.269	0.038	0.074	0.619
0.001	0.001	0.935	0.063
0.001	0.001	0.997	0.001
0.001	0.382	0.616	0.001
>AMACCCCA	6-AMACCCCA	3.619130	-646.239165	0	T:6712.0(92.50%),B:131646.7(76.34%),P:1e-280	Tpos:199.9,Tstd:170.6,Bpos:1603.1,Bstd:5818.1,StrandBias:0.0,Multiplicity:2.01
0.529	0.274	0.064	0.133
0.457	0.319	0.156	0.068
0.429	0.260	0.079	0.232
0.068	0.686	0.200	0.046
0.039	0.933	0.002	0.026
0.001	0.977	0.001	0.021
0.094	0.847	0.002	0.057
0.841	0.053	0.001	0.105
>TTGCCACA	7-TTGCCACA	3.343598	-635.365003	0	T:6862.0(94.57%),B:137506.6(79.74%),P:1e-275	Tpos:202.0,Tstd:169.2,Bpos:1664.7,Bstd:8163.0,StrandBias:0.0,Multiplicity:1.91
0.082	0.213	0.173	0.532
0.129	0.048	0.169	0.654
0.018	0.050	0.916	0.016
0.004	0.884	0.101	0.011
0.025	0.910	0.037	0.028
0.770	0.080	0.028	0.122
0.053	0.811	0.112	0.024
0.523	0.235	0.103	0.139
>SACTTCAG	8-SACTTCAG	-4.480727	-568.477241	0	T:7017.0(96.71%),B:145582.1(84.42%),P:1e-246	Tpos:196.5,Tstd:170.2,Bpos:2979.4,Bstd:12597.7,StrandBias:-0.0,Multiplicity:1.83
0.257	0.414	0.314	0.014
0.997	0.001	0.001	0.001
0.001	0.997	0.001	0.001
0.001	0.001	0.001	0.997
0.001	0.001	0.001	0.997
0.001	0.997	0.001	0.001
0.997	0.001	0.001	0.001
0.114	0.328	0.557	0.001
>SWSASAGA	9-SWSASAGA	0.025291	-471.408680	0	T:6574.0(90.60%),B:132023.8(76.56%),P:1e-204	Tpos:188.3,Tstd:160.8,Bpos:3163.3,Bstd:11718.7,StrandBias:-0.0,Multiplicity:1.75
0.001	0.457	0.541	0.001
0.486	0.001	0.001	0.512
0.001	0.478	0.520	0.001
0.645	0.001	0.001	0.353
0.001	0.527	0.471	0.001
0.578	0.001	0.001	0.420
0.001	0.154	0.844	0.001
0.692	0.001	0.001	0.306
>DGCAGCTG	10-DGCAGCTG	3.316824	-426.203829	0	T:6939.0(95.63%),B:146315.1(84.85%),P:1e-185	Tpos:196.5,Tstd:166.9,Bpos:2417.1,Bstd:13137.2,StrandBias:-0.0,Multiplicity:1.64
0.371	0.001	0.319	0.309
0.106	0.273	0.620	0.001
0.001	0.551	0.349	0.099
0.728	0.001	0.001	0.270
0.060	0.258	0.618	0.064
0.001	0.807	0.191	0.001
0.209	0.001	0.001	0.789
0.116	0.184	0.699	0.001
>CGGGTGGA	11-CGGGTGGA	2.312083	-380.989318	0	T:7085.0(97.64%),B:153596.5(89.07%),P:1e-165	Tpos:207.8,Tstd:171.2,Bpos:526.2,Bstd:2518.1,StrandBias:-0.0,Multiplicity:2.95
0.291	0.562	0.146	0.001
0.265	0.238	0.468	0.029
0.088	0.211	0.700	0.001
0.116	0.087	0.796	0.001
0.001	0.001	0.264	0.734
0.001	0.001	0.997	0.001
0.001	0.001	0.997	0.001
0.734	0.121	0.058	0.087
>ACAGGAAA	12-ACAGGAAA	3.603710	-287.486707	0	T:6099.0(84.05%),B:124093.6(71.96%),P:1e-124	Tpos:191.7,Tstd:169.7,Bpos:3843.0,Bstd:13834.3,StrandBias:0.0,Multiplicity:1.70
0.684	0.116	0.072	0.128
0.184	0.676	0.139	0.001
0.849	0.001	0.001	0.149
0.128	0.001	0.823	0.048
0.092	0.101	0.800	0.007
0.814	0.103	0.043	0.040
0.746	0.001	0.150	0.103
0.606	0.122	0.107	0.165
>WAAAAAAA	13-WAAAAAAA	-4.501599	-286.557006	0	T:5177.0(71.35%),B:99294.9(57.58%),P:1e-124	Tpos:158.7,Tstd:148.7,Bpos:9817.1,Bstd:22363.7,StrandBias:0.0,Multiplicity:2.90
0.456	0.001	0.001	0.542
0.649	0.001	0.001	0.349
0.997	0.001	0.001	0.001
0.997	0.001	0.001	0.001
0.859	0.001	0.001	0.139
0.813	0.058	0.001	0.128
0.910	0.001	0.001	0.088
0.691	0.099	0.001	0.209
>TRTGATTW	14-TRTGATTW	-0.043745	-283.540804	0	T:5575.0(76.83%),B:109822.1(63.68%),P:1e-123	Tpos:161.7,Tstd:144.4,Bpos:11173.5,Bstd:27844.1,StrandBias:0.0,Multiplicity:2.45
0.001	0.001	0.001	0.997
0.554	0.001	0.444	0.001
0.001	0.001	0.001	0.997
0.414	0.001	0.584	0.001
0.502	0.001	0.272	0.225
0.352	0.001	0.040	0.607
0.223	0.044	0.205	0.528
0.419	0.016	0.167	0.397
>AAAGCATG	15-AAAGCATG	2.399224	-278.010782	0	T:7233.0(99.68%),B:163880.7(95.03%),P:1e-120	Tpos:190.1,Tstd:161.9,Bpos:3752.0,Bstd:15927.0,StrandBias:0.0,Multiplicity:4.03
0.700	0.100	0.100	0.100
0.700	0.100	0.100	0.100
0.700	0.100	0.100	0.100
0.100	0.100	0.700	0.100
0.100	0.700	0.100	0.100
0.700	0.100	0.100	0.100
0.100	0.100	0.100	0.700
0.100	0.100	0.700	0.100
>WWWSWVWW	16-WWWSWVWW	2.613386	-267.701492	0	T:5820.0(80.21%),B:117132.4(67.92%),P:1e-116	Tpos:171.7,Tstd:152.4,Bpos:9370.3,Bstd:28019.6,StrandBias:-0.0,Multiplicity:2.25
0.440	0.112	0.014	0.434
0.321	0.185	0.145	0.350
0.288	0.063	0.234	0.415
0.001	0.525	0.473	0.001
0.406	0.194	0.001	0.399
0.392	0.359	0.248	0.001
0.396	0.193	0.001	0.410
0.287	0.183	0.171	0.359
>CCTNGSCH	17-CCTNGSCH	1.202285	-240.904060	0	T:7149.0(98.53%),B:160410.6(93.02%),P:1e-104	Tpos:206.4,Tstd:174.5,Bpos:635.3,Bstd:2853.3,StrandBias:0.0,Multiplicity:2.58
0.016	0.739	0.049	0.196
0.244	0.754	0.001	0.001
0.197	0.198	0.099	0.506
0.196	0.297	0.213	0.294
0.001	0.001	0.997	0.001
0.001	0.508	0.490	0.001
0.001	0.917	0.081	0.001
0.279	0.311	0.001	0.409
>NDGGWWYC	18-NDGGWWYC	-2.040147	-159.230991	0	T:7246.0(99.86%),B:167735.6(97.27%),P:1e-69	Tpos:200.0,Tstd:170.9,Bpos:4064.0,Bstd:19603.7,StrandBias:0.0,Multiplicity:1.75
0.250	0.241	0.296	0.213
0.296	0.001	0.398	0.305
0.360	0.001	0.638	0.001
0.001	0.231	0.509	0.259
0.471	0.001	0.001	0.527
0.490	0.001	0.001	0.508
0.139	0.315	0.195	0.351
0.222	0.398	0.222	0.158
>TAYTTGAT	19-TAYTTGAT	-3.772047	-142.412435	0	T:7224.0(99.56%),B:166823.4(96.74%),P:1e-61	Tpos:187.3,Tstd:166.4,Bpos:5202.1,Bstd:19846.6,StrandBias:0.0,Multiplicity:1.67
0.236	0.236	0.002	0.526
0.702	0.118	0.004	0.176
0.001	0.472	0.001	0.526
0.001	0.123	0.001	0.875
0.410	0.001	0.001	0.588
0.061	0.001	0.702	0.236
0.877	0.001	0.121	0.001
0.236	0.003	0.118	0.643
>CAGAAACC	20-CAGAAACC	2.399224	-94.458724	0	T:7256.0(100.00%),B:170172.7(98.68%),P:1e-41	Tpos:104.4,Tstd:111.6,Bpos:6579.9,Bstd:12831.1,StrandBias:-1.0,Multiplicity:1.12
0.100	0.700	0.100	0.100
0.700	0.100	0.100	0.100
0.100	0.100	0.700	0.100
0.700	0.100	0.100	0.100
0.700	0.100	0.100	0.100
0.700	0.100	0.100	0.100
0.100	0.700	0.100	0.100
0.100	0.700	0.100	0.100
>GCACGCCG	21-GCACGCCG	0.000000	-5.772390	0	T:7256.0(100.00%),B:172309.2(99.92%),P:1e-2
0.100	0.100	0.700	0.100
0.100	0.700	0.100	0.100
0.700	0.100	0.100	0.100
0.100	0.700	0.100	0.100
0.100	0.100	0.700	0.100
0.100	0.700	0.100	0.100
0.100	0.700	0.100	0.100
0.100	0.100	0.700	0.100
>CCACGCCG	22-CCACGCCG	0.000000	-5.483662	0	T:7256.0(100.00%),B:172316.0(99.92%),P:1e-2
0.100	0.700	0.100	0.100
0.100	0.700	0.100	0.100
0.700	0.100	0.100	0.100
0.100	0.700	0.100	0.100
0.100	0.100	0.700	0.100
0.100	0.700	0.100	0.100
0.100	0.700	0.100	0.100
0.100	0.100	0.700	0.100
>CGCCACGC	23-CGCCACGC	-1.492596	-0.123646	0	T:7256.0(100.00%),B:172446.2(100.00%),P:1e0	Tpos:209.7,Tstd:172.7,Bpos:807.5,Bstd:4725.6,StrandBias:-0.0,Multiplicity:2.03
0.100	0.700	0.100	0.100
0.100	0.100	0.700	0.100
0.100	0.700	0.100	0.100
0.100	0.700	0.100	0.100
0.700	0.100	0.100	0.100
0.100	0.700	0.100	0.100
0.100	0.100	0.700	0.100
0.100	0.700	0.100	0.100
>CACGCCGC	24-CACGCCGC	-1.492596	-0.123646	0	T:7256.0(100.00%),B:172446.0(100.00%),P:1e0	Tpos:190.2,Tstd:166.0,Bpos:4689.7,Bstd:14969.6,StrandBias:0.0,Multiplicity:1.02
0.100	0.700	0.100	0.100
0.700	0.100	0.100	0.100
0.100	0.700	0.100	0.100
0.100	0.100	0.700	0.100
0.100	0.700	0.100	0.100
0.100	0.700	0.100	0.100
0.100	0.100	0.700	0.100
0.100	0.700	0.100	0.100
>AAACTGAA	25-AAACTGAA	-1.492596	0.000000	0	T:7256.0(100.00%),B:172449.2(100.00%),P:1e0	Tpos:200.1,Tstd:169.1,Bpos:2912.8,Bstd:16868.7,StrandBias:0.0,Multiplicity:2.95
0.700	0.100	0.100	0.100
0.700	0.100	0.100	0.100
0.700	0.100	0.100	0.100
0.100	0.700	0.100	0.100
0.100	0.100	0.100	0.700
0.100	0.100	0.700	0.100
0.700	0.100	0.100	0.100
0.700	0.100	0.100	0.100
