>TTTCASTTCCTC	4-TTTCASTTCCTC,BestGuess:PU.1-IRF(ETS:IRF)/Bcell-PU.1-ChIP-Seq(GSE21512)/Homer(0.915)	11.877014	-13.932267	0	T:10.0(0.14%),B:26.5(0.02%),P:1e-6
0.049	0.049	0.111	0.791
0.001	0.323	0.077	0.599
0.027	0.225	0.116	0.632
0.001	0.986	0.012	0.001
0.582	0.005	0.091	0.322
0.055	0.498	0.375	0.072
0.021	0.001	0.009	0.969
0.001	0.029	0.051	0.919
0.001	0.723	0.008	0.268
0.001	0.859	0.012	0.128
0.121	0.220	0.197	0.462
0.026	0.521	0.279	0.174
