>VNNVCVCRCGYG	15-VNNVCVCRCGYG	7.431807	-2.027940	0	T:12.0(0.17%),B:199.5(0.11%),P:1e0
0.207	0.341	0.266	0.185
0.188	0.288	0.310	0.214
0.216	0.260	0.316	0.208
0.367	0.283	0.349	0.001
0.246	0.408	0.208	0.138
0.262	0.275	0.352	0.111
0.001	0.891	0.001	0.107
0.524	0.001	0.474	0.001
0.068	0.587	0.001	0.344
0.229	0.001	0.769	0.001
0.001	0.497	0.001	0.501
0.132	0.165	0.574	0.129
