>GYGYGCGYGYGN	16-NCRCRCGCRCRC	9.575905	-1.399456	0	T:10.0(0.14%),B:186.1(0.11%),P:1e0
0.066	0.064	0.826	0.044
0.036	0.453	0.040	0.471
0.077	0.066	0.802	0.055
0.024	0.435	0.031	0.510
0.058	0.061	0.841	0.040
0.029	0.548	0.029	0.394
0.351	0.022	0.601	0.026
0.031	0.514	0.036	0.419
0.355	0.033	0.582	0.030
0.028	0.477	0.054	0.440
0.227	0.019	0.475	0.279
0.174	0.251	0.299	0.277
