>NRCRCACACGYN	22-NRCRCACACGYN	8.010343	-0.284487	0	T:4.0(0.06%),B:125.5(0.07%),P:1e0
0.217	0.216	0.228	0.339
0.366	0.123	0.423	0.088
0.113	0.658	0.123	0.106
0.444	0.130	0.341	0.086
0.106	0.691	0.119	0.084
0.512	0.095	0.326	0.067
0.094	0.724	0.093	0.089
0.535	0.073	0.325	0.067
0.073	0.580	0.095	0.252
0.278	0.092	0.535	0.095
0.073	0.442	0.123	0.361
0.228	0.220	0.294	0.258
