>CGCGTGCGCGTG	18-CGCGTGCGCGTG	11.665013	-0.940707	0	T:15.0(0.21%),B:331.2(0.19%),P:1e0
0.090	0.713	0.117	0.080
0.073	0.092	0.772	0.063
0.056	0.747	0.094	0.103
0.072	0.105	0.770	0.053
0.067	0.114	0.109	0.710
0.042	0.098	0.820	0.040
0.058	0.759	0.085	0.098
0.082	0.093	0.750	0.075
0.073	0.759	0.066	0.102
0.089	0.108	0.752	0.051
0.085	0.142	0.139	0.634
0.038	0.074	0.816	0.072
