>ACTTCCBSTTTY	7-ACTTCCBSTTTY	9.987254	-8.445070	0	T:21.0(0.29%),B:201.1(0.11%),P:1e-3
0.551	0.188	0.189	0.072
0.021	0.634	0.218	0.127
0.176	0.005	0.001	0.818
0.001	0.063	0.034	0.902
0.001	0.709	0.087	0.203
0.001	0.864	0.037	0.098
0.147	0.239	0.272	0.341
0.001	0.473	0.391	0.135
0.180	0.179	0.078	0.563
0.073	0.129	0.110	0.688
0.058	0.346	0.101	0.496
0.059	0.403	0.160	0.378
