>CACTTCCBBTTT	5-CACTTCCBBTTT	9.562821	-10.124451	0	T:36.0(0.50%),B:405.9(0.23%),P:1e-4
0.212	0.470	0.184	0.133
0.438	0.165	0.269	0.129
0.001	0.648	0.282	0.069
0.021	0.001	0.001	0.977
0.001	0.061	0.001	0.937
0.001	0.933	0.001	0.065
0.001	0.911	0.001	0.087
0.018	0.279	0.410	0.293
0.001	0.391	0.330	0.277
0.241	0.196	0.050	0.513
0.134	0.214	0.084	0.568
0.170	0.257	0.162	0.411
