# universalmotif version 1.4.6

---
name: CMYC_0H_merged
alphabet: DNA
type: PPM
icscore: 12.01
nsites: 4278.0
pseudocount: 0.3333333
bkg:
  A: 0.2740777
  C: 0.2257795
  G: 0.2258661
  T: 0.2742767
  AA: 0.0865103
  AC: 0.0500859
  AG: 0.0716263
  AT: 0.065725
  CA: 0.0720356
  CC: 0.0630787
  CG: 0.0190438
  CT: 0.0717093
  GA: 0.060255
  GC: 0.05251
  GG: 0.0631446
  GT: 0.0500351
  TA: 0.0551315
  TC: 0.0602242
  TG: 0.0721309
  TT: 0.0867538
consensus: SCACGTGG
strand: +-
pval: 9.0277535e-237
qval: 9.0277535e-237
eval: 1.8055507e-236
extrainfo:
- target:1809/963/3936,bkg:350/242/3936,score:4076.63050797232
motif:
- 8.617e-02 5.772e-01 3.111e-01 2.560e-02
- 0.000e+00 1.000e+00 0.000e+00 0.000e+00
- 9.027e-01 0.000e+00 9.128e-02 6.020e-03
- 0.000e+00 9.812e-01 0.000e+00 1.878e-02
- 1.174e-02 0.000e+00 9.882e-01 0.000e+00
- 8.460e-03 1.019e-01 0.000e+00 8.897e-01
- 0.000e+00 0.000e+00 1.000e+00 0.000e+00
- 3.050e-02 2.448e-01 6.600e-01 6.473e-02

