>TACACACACACA	17-TACACACACACA	11.098325	-3.422848	0	T:115.0(1.94%),B:2793.4(1.62%),P:1e-1
0.125	0.199	0.110	0.566
0.631	0.071	0.151	0.147
0.094	0.740	0.089	0.077
0.852	0.069	0.022	0.057
0.077	0.736	0.099	0.088
0.726	0.138	0.011	0.125
0.074	0.786	0.129	0.011
0.848	0.084	0.001	0.067
0.067	0.855	0.077	0.001
0.749	0.111	0.001	0.139
0.099	0.761	0.095	0.045
0.749	0.172	0.034	0.045
