>CACACACACACA	20-CACACACACACA	9.239431	-2.038456	0	T:176.0(2.97%),B:4694.5(2.72%),P:1e0
0.099	0.715	0.069	0.117
0.727	0.129	0.051	0.093
0.096	0.741	0.126	0.037
0.682	0.168	0.035	0.115
0.109	0.454	0.188	0.248
0.668	0.153	0.086	0.093
0.138	0.655	0.170	0.037
0.687	0.169	0.010	0.134
0.107	0.700	0.158	0.035
0.676	0.166	0.044	0.114
0.086	0.740	0.127	0.047
0.767	0.134	0.044	0.055
