>CASGCACSCHGG	15-CASGCACSCHGG,BestGuess:Pax8(Paired,Homeobox)/Thyroid-Pax8-ChIP-Seq(GSE26938)/Homer(0.720)	9.528039	-3.610969	0	T:75.0(1.26%),B:1720.3(1.00%),P:1e-1
0.037	0.915	0.025	0.023
0.925	0.027	0.029	0.019
0.192	0.431	0.344	0.033
0.022	0.263	0.498	0.216
0.134	0.644	0.199	0.023
0.562	0.306	0.021	0.111
0.135	0.482	0.327	0.055
0.022	0.370	0.469	0.140
0.213	0.741	0.031	0.015
0.394	0.271	0.011	0.324
0.024	0.349	0.616	0.011
0.033	0.041	0.885	0.041
