>TGTGSGTGTGTG	14-TGTGSGTGTGTG	11.304368	-4.006975	0	T:112.0(1.89%),B:2645.2(1.53%),P:1e-1
0.059	0.031	0.052	0.858
0.032	0.066	0.759	0.143
0.161	0.001	0.150	0.688
0.024	0.066	0.839	0.071
0.172	0.390	0.301	0.137
0.025	0.300	0.504	0.171
0.055	0.001	0.134	0.810
0.014	0.252	0.661	0.073
0.040	0.006	0.143	0.811
0.030	0.149	0.720	0.101
0.079	0.013	0.086	0.822
0.006	0.090	0.866	0.038
