>CACACACANACA	19-CACACACANACA	9.704649	-2.558106	0	T:107.0(1.80%),B:2695.8(1.56%),P:1e-1
0.122	0.761	0.083	0.034
0.721	0.134	0.003	0.142
0.169	0.574	0.232	0.025
0.693	0.177	0.018	0.112
0.137	0.621	0.211	0.031
0.669	0.158	0.023	0.150
0.092	0.658	0.230	0.020
0.647	0.216	0.001	0.136
0.219	0.244	0.277	0.260
0.482	0.244	0.103	0.171
0.222	0.669	0.075	0.034
0.747	0.129	0.024	0.100
