>CRCRCRYGCGSH	3-CRCRCRYGCGSH	0.966274	-369.910263	0	T:4009.0(67.57%),B:86269.1(49.90%),P:1e-160
0.001	0.824	0.001	0.174
0.447	0.106	0.445	0.001
0.001	0.733	0.001	0.265
0.476	0.001	0.522	0.001
0.001	0.693	0.001	0.305
0.431	0.001	0.567	0.001
0.001	0.516	0.001	0.482
0.261	0.001	0.737	0.001
0.001	0.588	0.001	0.410
0.339	0.001	0.659	0.001
0.001	0.443	0.383	0.173
0.342	0.306	0.108	0.244
