>CWCTCCWGCCAS	22-CWCTCCWGCCAS,BestGuess:TEAD2(TEA)/Py2T-Tead2-ChIP-Seq(GSE55709)/Homer(0.682)	11.650105	-0.924943	0	T:2.0(0.03%),B:40.0(0.02%),P:1e0
0.068	0.839	0.047	0.046
0.366	0.034	0.139	0.462
0.014	0.550	0.038	0.398
0.042	0.057	0.042	0.859
0.036	0.847	0.045	0.072
0.025	0.908	0.017	0.050
0.446	0.012	0.023	0.519
0.026	0.350	0.596	0.028
0.032	0.593	0.345	0.030
0.021	0.588	0.361	0.030
0.893	0.020	0.065	0.022
0.023	0.438	0.504	0.035
