>NTGCACACACAN	13-NTGCACACACAN	7.440081	-5.481748	0	T:52.0(0.88%),B:1011.1(0.58%),P:1e-2
0.259	0.247	0.235	0.259
0.200	0.066	0.207	0.527
0.105	0.220	0.482	0.193
0.120	0.600	0.167	0.113
0.505	0.202	0.043	0.250
0.165	0.557	0.189	0.089
0.561	0.254	0.058	0.127
0.210	0.612	0.134	0.044
0.633	0.174	0.060	0.133
0.110	0.614	0.191	0.085
0.579	0.205	0.075	0.141
0.237	0.274	0.250	0.239
