>STGGCWGGAGWG	22-CWCTCCWGCCAS	11.650105	-0.924943	0	T:2.0(0.03%),B:40.0(0.02%),P:1e0
0.035	0.504	0.438	0.023
0.022	0.065	0.020	0.893
0.030	0.361	0.588	0.021
0.030	0.345	0.593	0.032
0.028	0.596	0.350	0.026
0.519	0.023	0.012	0.446
0.050	0.017	0.908	0.025
0.072	0.045	0.847	0.036
0.859	0.042	0.057	0.042
0.398	0.038	0.550	0.014
0.462	0.139	0.034	0.366
0.046	0.047	0.839	0.068
