>GSCACGTG	1-GSCACGTG	4.665065	-3129.772885	0	T:4753.0(80.11%),B:51119.2(29.57%),P:1e-1359	Tpos:98.9,Tstd:41.1,Bpos:2809.7,Bstd:9017.0,StrandBias:0.0,Multiplicity:1.43
0.236	0.210	0.413	0.142
0.201	0.402	0.376	0.021
0.011	0.987	0.001	0.001
0.886	0.001	0.059	0.054
0.001	0.798	0.001	0.200
0.231	0.001	0.767	0.001
0.032	0.045	0.001	0.922
0.001	0.001	0.997	0.001
>SVCTTCTN	2-SVCTTCTN	3.212744	-416.672477	0	T:5780.0(97.42%),B:149868.7(86.69%),P:1e-180	Tpos:99.0,Tstd:56.1,Bpos:1956.1,Bstd:15279.1,StrandBias:0.1,Multiplicity:1.62
0.179	0.349	0.316	0.156
0.372	0.295	0.231	0.101
0.065	0.721	0.153	0.061
0.106	0.249	0.105	0.540
0.076	0.261	0.178	0.486
0.057	0.765	0.100	0.078
0.142	0.257	0.131	0.470
0.202	0.317	0.299	0.182
>GCCTATTM	3-GCCTATTM	-1.090185	-240.427264	0	T:5915.0(99.70%),B:163998.9(94.87%),P:1e-104	Tpos:98.9,Tstd:57.2,Bpos:3025.6,Bstd:17108.0,StrandBias:-0.0,Multiplicity:1.46
0.360	0.001	0.638	0.001
0.001	0.703	0.295	0.001
0.001	0.649	0.349	0.001
0.184	0.225	0.142	0.449
0.521	0.251	0.001	0.227
0.001	0.263	0.001	0.735
0.001	0.001	0.001	0.997
0.479	0.330	0.190	0.001
>AACACACA	4-AACACACA	0.687008	-132.100970	0	T:4044.0(68.16%),B:100037.2(57.87%),P:1e-57	Tpos:98.3,Tstd:56.2,Bpos:10327.6,Bstd:38889.4,StrandBias:-0.0,Multiplicity:1.55
0.589	0.083	0.180	0.148
0.505	0.205	0.036	0.254
0.001	0.888	0.001	0.110
0.997	0.001	0.001	0.001
0.001	0.997	0.001	0.001
0.965	0.001	0.033	0.001
0.001	0.997	0.001	0.001
0.965	0.001	0.033	0.001
>GGAAGTGA	5-GGAAGTGA	7.971097	-118.674886	0	T:684.0(11.53%),B:10627.2(6.15%),P:1e-51	Tpos:97.4,Tstd:51.5,Bpos:3290.4,Bstd:9015.0,StrandBias:-0.1,Multiplicity:1.08
0.071	0.001	0.927	0.001
0.001	0.001	0.997	0.001
0.997	0.001	0.001	0.001
0.997	0.001	0.001	0.001
0.001	0.211	0.787	0.001
0.001	0.001	0.001	0.997
0.044	0.001	0.954	0.001
0.839	0.001	0.159	0.001
>RGSGCSSC	6-RGSGCSSC	1.517196	-116.373299	0	T:5914.0(99.68%),B:167757.0(97.04%),P:1e-50	Tpos:99.9,Tstd:57.1,Bpos:1027.9,Bstd:8340.5,StrandBias:0.0,Multiplicity:1.58
0.430	0.077	0.316	0.176
0.106	0.161	0.606	0.127
0.235	0.433	0.316	0.017
0.089	0.262	0.569	0.080
0.169	0.472	0.251	0.108
0.023	0.451	0.386	0.140
0.111	0.487	0.347	0.055
0.185	0.671	0.013	0.131
>TTTCCTCA	7-TTTCCTCA	2.399224	-101.531321	0	T:5920.0(99.78%),B:168670.8(97.57%),P:1e-44	Tpos:97.5,Tstd:57.1,Bpos:2967.3,Bstd:14695.6,StrandBias:0.0,Multiplicity:2.91
0.100	0.100	0.100	0.700
0.100	0.100	0.100	0.700
0.100	0.100	0.100	0.700
0.100	0.700	0.100	0.100
0.100	0.700	0.100	0.100
0.100	0.100	0.100	0.700
0.100	0.700	0.100	0.100
0.700	0.100	0.100	0.100
>TTCAGTTT	8-TTCAGTTT	2.399224	-96.302818	0	T:5697.0(96.02%),B:158167.8(91.49%),P:1e-41	Tpos:97.4,Tstd:57.2,Bpos:6290.2,Bstd:28014.9,StrandBias:0.0,Multiplicity:2.64
0.100	0.100	0.100	0.700
0.100	0.100	0.100	0.700
0.100	0.700	0.100	0.100
0.700	0.100	0.100	0.100
0.100	0.100	0.700	0.100
0.100	0.100	0.100	0.700
0.100	0.100	0.100	0.700
0.100	0.100	0.100	0.700
>AAACCAGG	9-AAACCAGG	2.399224	-93.115643	0	T:5930.0(99.95%),B:169781.6(98.21%),P:1e-40	Tpos:97.4,Tstd:56.7,Bpos:2206.1,Bstd:10504.3,StrandBias:0.1,Multiplicity:2.50
0.700	0.100	0.100	0.100
0.700	0.100	0.100	0.100
0.700	0.100	0.100	0.100
0.100	0.700	0.100	0.100
0.100	0.700	0.100	0.100
0.700	0.100	0.100	0.100
0.100	0.100	0.700	0.100
0.100	0.100	0.700	0.100
>GTGTGGGG	10-GTGTGGGG	2.399224	-83.872021	0	T:5932.0(99.98%),B:170275.5(98.50%),P:1e-36	Tpos:99.1,Tstd:56.0,Bpos:1119.3,Bstd:7784.6,StrandBias:0.1,Multiplicity:1.80
0.100	0.100	0.700	0.100
0.100	0.100	0.100	0.700
0.100	0.100	0.700	0.100
0.100	0.100	0.100	0.700
0.100	0.100	0.700	0.100
0.100	0.100	0.700	0.100
0.100	0.100	0.700	0.100
0.100	0.100	0.700	0.100
>NAMWDRWD	11-NAMWDRWD	2.331634	-74.139434	0	T:4664.0(78.61%),B:124005.2(71.73%),P:1e-32	Tpos:98.0,Tstd:58.4,Bpos:8589.6,Bstd:32739.8,StrandBias:-0.1,Multiplicity:1.60
0.322	0.204	0.207	0.268
0.689	0.001	0.309	0.001
0.389	0.252	0.232	0.127
0.451	0.001	0.239	0.309
0.413	0.001	0.315	0.271
0.423	0.257	0.318	0.001
0.364	0.211	0.176	0.250
0.337	0.185	0.192	0.286
>TTTTTTTT	12-TTTTTTTT	2.058064	-71.385078	0	T:4312.0(72.68%),B:113217.5(65.49%),P:1e-31	Tpos:95.7,Tstd:60.6,Bpos:10498.1,Bstd:25079.0,StrandBias:0.0,Multiplicity:2.25
0.301	0.094	0.063	0.542
0.163	0.169	0.214	0.454
0.286	0.041	0.060	0.613
0.178	0.177	0.220	0.425
0.268	0.069	0.128	0.535
0.206	0.181	0.209	0.405
0.247	0.084	0.123	0.546
0.258	0.129	0.176	0.437
>HVACCACA	13-HVACCACA	0.963686	-64.339946	0	T:3866.0(65.16%),B:100312.6(58.03%),P:1e-27	Tpos:97.2,Tstd:56.6,Bpos:7340.1,Bstd:25533.7,StrandBias:0.0,Multiplicity:1.50
0.374	0.307	0.039	0.280
0.219	0.356	0.287	0.138
0.785	0.001	0.213	0.001
0.290	0.479	0.001	0.230
0.021	0.977	0.001	0.001
0.997	0.001	0.001	0.001
0.001	0.997	0.001	0.001
0.997	0.001	0.001	0.001
>ACAAAAAC	14-ACAAAAAC	3.043844	-49.278616	0	T:4150.0(69.95%),B:110531.5(63.94%),P:1e-21	Tpos:97.4,Tstd:60.3,Bpos:9058.4,Bstd:26085.3,StrandBias:-0.0,Multiplicity:1.96
0.690	0.076	0.053	0.181
0.192	0.590	0.064	0.154
0.825	0.048	0.043	0.084
0.457	0.212	0.226	0.105
0.722	0.030	0.057	0.191
0.536	0.306	0.075	0.083
0.792	0.053	0.054	0.101
0.163	0.642	0.102	0.093
>GCTGCACA	15-GCTGCACA	2.399224	-37.914076	0	T:5933.0(100.00%),B:171754.8(99.35%),P:1e-16	Tpos:97.7,Tstd:55.6,Bpos:1432.9,Bstd:11493.2,StrandBias:-0.0,Multiplicity:2.49
0.100	0.100	0.700	0.100
0.100	0.700	0.100	0.100
0.100	0.100	0.100	0.700
0.100	0.100	0.700	0.100
0.100	0.700	0.100	0.100
0.700	0.100	0.100	0.100
0.100	0.700	0.100	0.100
0.700	0.100	0.100	0.100
>CACACACA	16-CACACACA	4.468877	-22.457627	0	T:981.0(16.53%),B:23519.6(13.60%),P:1e-9	Tpos:95.6,Tstd:50.0,Bpos:3515.3,Bstd:9321.3,StrandBias:-0.1,Multiplicity:1.31
0.001	0.997	0.001	0.001
0.972	0.001	0.026	0.001
0.001	0.972	0.001	0.026
0.965	0.001	0.033	0.001
0.001	0.997	0.001	0.001
0.957	0.001	0.041	0.001
0.001	0.943	0.035	0.021
0.884	0.001	0.077	0.038
>AATGTGTG	17-AATGTGTG	7.503366	-1.532580	0	T:231.0(3.89%),B:6379.1(3.69%),P:1e0	Tpos:103.1,Tstd:40.2,Bpos:3317.9,Bstd:7976.0,StrandBias:-1.3,Multiplicity:1.00
0.501	0.272	0.140	0.087
0.505	0.171	0.144	0.180
0.120	0.010	0.109	0.761
0.029	0.128	0.761	0.082
0.054	0.019	0.033	0.894
0.037	0.111	0.739	0.113
0.064	0.001	0.009	0.926
0.006	0.049	0.912	0.033
>AYWTGCTG	18-AYWTGCTG	6.990635	-1.412822	0	T:667.0(11.24%),B:18926.6(10.95%),P:1e0	Tpos:114.4,Tstd:50.3,Bpos:2988.9,Bstd:8542.2,StrandBias:0.3,Multiplicity:1.02
0.524	0.194	0.281	0.001
0.245	0.440	0.001	0.314
0.456	0.001	0.001	0.542
0.001	0.001	0.052	0.946
0.001	0.210	0.475	0.315
0.001	0.997	0.001	0.001
0.001	0.001	0.001	0.997
0.001	0.001	0.701	0.297
>NHTGTGTG	19-NHTGTGTG	6.946483	-0.429089	0	T:675.0(11.38%),B:19939.8(11.53%),P:1e0	Tpos:102.0,Tstd:60.2,Bpos:2897.2,Bstd:8782.9,StrandBias:1.6,Multiplicity:1.00
0.300	0.245	0.204	0.251
0.279	0.273	0.066	0.382
0.162	0.002	0.107	0.729
0.048	0.176	0.637	0.139
0.032	0.007	0.001	0.960
0.015	0.045	0.848	0.092
0.068	0.001	0.113	0.818
0.001	0.039	0.921	0.039
>STTTCTCW	20-STTTCTCW	5.034614	-0.016203	0	T:74.0(1.25%),B:2732.8(1.58%),P:1e0	Tpos:92.1,Tstd:29.0,Bpos:3677.5,Bstd:9748.6,StrandBias:0.0,Multiplicity:1.00
0.197	0.396	0.254	0.153
0.265	0.225	0.081	0.429
0.102	0.231	0.215	0.452
0.077	0.217	0.253	0.453
0.106	0.776	0.112	0.006
0.249	0.241	0.008	0.502
0.131	0.438	0.149	0.282
0.395	0.152	0.088	0.366
>TTTCTCAG	21-TTTCTCAG	8.713073	-0.009919	0	T:74.0(1.25%),B:2788.2(1.61%),P:1e0	Tpos:75.1,Tstd:42.2,Bpos:7070.6,Bstd:29981.5,StrandBias:0.4,Multiplicity:1.00
0.078	0.123	0.101	0.698
0.055	0.133	0.091	0.721
0.064	0.180	0.195	0.561
0.029	0.924	0.042	0.005
0.057	0.180	0.027	0.736
0.060	0.857	0.052	0.031
0.779	0.043	0.040	0.138
0.069	0.140	0.724	0.067
>CCBCHSSG	22-CCBCHSSG	4.784154	-0.000000	0	T:129.0(2.17%),B:6224.6(3.60%),P:1e0	Tpos:69.0,Tstd:34.4,Bpos:449.6,Bstd:1188.0,StrandBias:-1.0,Multiplicity:1.00
0.085	0.444	0.282	0.189
0.148	0.480	0.203	0.168
0.055	0.322	0.379	0.244
0.061	0.779	0.095	0.065
0.198	0.306	0.150	0.346
0.171	0.236	0.380	0.213
0.085	0.273	0.417	0.226
0.076	0.343	0.529	0.052
>CBCCCGGG	23-CBCCCGGG	8.289711	0.000000	0	T:169.0(2.85%),B:10069.3(5.82%),P:1e0	Tpos:87.6,Tstd:45.6,Bpos:567.3,Bstd:2666.4,StrandBias:0.0,Multiplicity:1.00
0.001	0.997	0.001	0.001
0.001	0.395	0.302	0.302
0.001	0.997	0.001	0.001
0.001	0.650	0.001	0.348
0.001	0.611	0.387	0.001
0.001	0.193	0.574	0.232
0.001	0.001	0.997	0.001
0.001	0.317	0.681	0.001
>BSSSNSNG	24-BSSSNSNG	4.310734	0.000000	0	T:172.0(2.90%),B:8624.8(4.99%),P:1e0	Tpos:105.1,Tstd:53.8,Bpos:275.0,Bstd:562.3,StrandBias:-0.4,Multiplicity:1.00
0.171	0.290	0.344	0.195
0.001	0.502	0.491	0.006
0.147	0.417	0.286	0.150
0.206	0.444	0.321	0.029
0.220	0.297	0.315	0.167
0.126	0.324	0.364	0.186
0.311	0.198	0.307	0.185
0.001	0.001	0.997	0.001
>CNCDGVGV	25-CNCDGVGV	4.573505	0.000000	0	T:201.0(3.39%),B:9663.2(5.59%),P:1e0	Tpos:133.9,Tstd:30.5,Bpos:1456.6,Bstd:3688.1,StrandBias:0.4,Multiplicity:1.00
0.056	0.652	0.244	0.048
0.222	0.330	0.202	0.247
0.099	0.493	0.319	0.089
0.332	0.172	0.289	0.207
0.091	0.140	0.680	0.089
0.303	0.301	0.327	0.069
0.057	0.347	0.513	0.083
0.232	0.368	0.320	0.080
