>VRCCACGTGG	1-VRCCACGTGG	4.661698	-3101.447015	0	T:4249.0(71.62%),B:38863.4(22.48%),P:1e-1346	Tpos:99.2,Tstd:39.5,Bpos:3012.9,Bstd:9638.1,StrandBias:0.0,Multiplicity:1.30
0.335	0.196	0.330	0.138
0.284	0.183	0.364	0.169
0.247	0.448	0.280	0.025
0.001	0.997	0.001	0.001
0.950	0.001	0.036	0.013
0.001	0.790	0.001	0.208
0.170	0.001	0.828	0.001
0.001	0.031	0.001	0.967
0.001	0.001	0.997	0.001
0.011	0.302	0.461	0.226
>CACRCACGCD	2-CACRCACGCD	4.178987	-277.282374	0	T:4073.0(68.65%),B:92470.4(53.49%),P:1e-120	Tpos:97.3,Tstd:51.9,Bpos:2045.4,Bstd:12086.8,StrandBias:-0.0,Multiplicity:1.68
0.142	0.581	0.142	0.135
0.553	0.011	0.298	0.138
0.184	0.593	0.082	0.141
0.468	0.065	0.462	0.005
0.027	0.875	0.046	0.052
0.593	0.001	0.392	0.014
0.089	0.644	0.068	0.199
0.336	0.009	0.596	0.059
0.076	0.762	0.133	0.029
0.339	0.133	0.316	0.211
>ACTTCCKSTT	3-ACTTCCKSTT	4.657161	-256.272682	0	T:3781.0(63.73%),B:84668.8(48.98%),P:1e-111	Tpos:97.0,Tstd:55.2,Bpos:8133.3,Bstd:35945.4,StrandBias:0.0,Multiplicity:1.59
0.589	0.046	0.304	0.061
0.036	0.609	0.254	0.101
0.078	0.001	0.017	0.904
0.079	0.024	0.056	0.841
0.017	0.858	0.002	0.123
0.018	0.810	0.022	0.150
0.028	0.243	0.398	0.332
0.055	0.416	0.352	0.177
0.172	0.202	0.106	0.520
0.229	0.192	0.085	0.493
>TTTCACTTCC	4-TTTCACTTCC	9.145793	-196.387115	0	T:333.0(5.61%),B:2556.9(1.48%),P:1e-85	Tpos:98.8,Tstd:48.4,Bpos:5192.2,Bstd:11633.4,StrandBias:0.1,Multiplicity:1.05
0.009	0.032	0.001	0.958
0.017	0.108	0.014	0.861
0.007	0.029	0.006	0.958
0.001	0.986	0.004	0.009
0.975	0.001	0.006	0.018
0.015	0.735	0.229	0.021
0.025	0.001	0.001	0.973
0.001	0.009	0.001	0.989
0.001	0.948	0.001	0.050
0.001	0.889	0.001	0.109
>TTTCCTTCCC	5-TTTCCTTCCC	2.512553	-195.929681	0	T:5918.0(99.75%),B:165590.4(95.79%),P:1e-85	Tpos:97.2,Tstd:57.1,Bpos:2627.3,Bstd:16981.3,StrandBias:0.0,Multiplicity:2.42
0.100	0.100	0.100	0.700
0.100	0.100	0.100	0.700
0.100	0.100	0.100	0.700
0.100	0.700	0.100	0.100
0.100	0.700	0.100	0.100
0.100	0.100	0.100	0.700
0.100	0.100	0.100	0.700
0.100	0.700	0.100	0.100
0.100	0.700	0.100	0.100
0.100	0.700	0.100	0.100
>CTTGTGGCCA	6-CTTGTGGCCA	2.512553	-169.290031	0	T:5933.0(100.00%),B:167928.2(97.14%),P:1e-73	Tpos:96.8,Tstd:55.1,Bpos:1950.6,Bstd:10777.2,StrandBias:-0.0,Multiplicity:2.17
0.100	0.700	0.100	0.100
0.100	0.100	0.100	0.700
0.100	0.100	0.100	0.700
0.100	0.100	0.700	0.100
0.100	0.100	0.100	0.700
0.100	0.100	0.700	0.100
0.100	0.100	0.700	0.100
0.100	0.700	0.100	0.100
0.100	0.700	0.100	0.100
0.700	0.100	0.100	0.100
>TCCCCTCCCC	7-TCCCCTCCCC	2.512553	-152.081931	0	T:5916.0(99.71%),B:166773.5(96.47%),P:1e-66	Tpos:82.9,Tstd:65.0,Bpos:2427.4,Bstd:6565.8,StrandBias:0.0,Multiplicity:1.00
0.100	0.100	0.100	0.700
0.100	0.700	0.100	0.100
0.100	0.700	0.100	0.100
0.100	0.700	0.100	0.100
0.100	0.700	0.100	0.100
0.100	0.100	0.100	0.700
0.100	0.700	0.100	0.100
0.100	0.700	0.100	0.100
0.100	0.700	0.100	0.100
0.100	0.700	0.100	0.100
>CCCACCCCAA	8-CCCACCCCAA	2.512553	-145.663756	0	T:5919.0(99.76%),B:167209.3(96.72%),P:1e-63	Tpos:99.4,Tstd:56.6,Bpos:1475.3,Bstd:10618.7,StrandBias:0.0,Multiplicity:1.87
0.100	0.700	0.100	0.100
0.100	0.700	0.100	0.100
0.100	0.700	0.100	0.100
0.700	0.100	0.100	0.100
0.100	0.700	0.100	0.100
0.100	0.700	0.100	0.100
0.100	0.700	0.100	0.100
0.100	0.700	0.100	0.100
0.700	0.100	0.100	0.100
0.700	0.100	0.100	0.100
>ACAGCTGTTT	9-ACAGCTGTTT	2.512553	-126.877308	0	T:5729.0(96.56%),B:158032.7(91.41%),P:1e-55	Tpos:97.0,Tstd:56.7,Bpos:3706.4,Bstd:18659.3,StrandBias:-0.0,Multiplicity:1.87
0.700	0.100	0.100	0.100
0.100	0.700	0.100	0.100
0.700	0.100	0.100	0.100
0.100	0.100	0.700	0.100
0.100	0.700	0.100	0.100
0.100	0.100	0.100	0.700
0.100	0.100	0.700	0.100
0.100	0.100	0.100	0.700
0.100	0.100	0.100	0.700
0.100	0.100	0.100	0.700
>GTGTTTTGTG	10-GTGTTTTGTG	3.253421	-101.728355	0	T:4284.0(72.21%),B:109733.5(63.48%),P:1e-44	Tpos:96.4,Tstd:59.0,Bpos:8338.7,Bstd:27778.0,StrandBias:0.0,Multiplicity:1.62
0.110	0.172	0.542	0.176
0.125	0.106	0.141	0.628
0.095	0.129	0.597	0.179
0.102	0.164	0.148	0.586
0.083	0.158	0.134	0.625
0.117	0.133	0.156	0.594
0.096	0.111	0.141	0.652
0.099	0.172	0.557	0.172
0.134	0.098	0.127	0.641
0.118	0.115	0.575	0.192
>NNCAAACACA	11-NNCAAACACA	4.495815	-66.943697	0	T:3832.0(64.59%),B:99027.6(57.28%),P:1e-29	Tpos:97.4,Tstd:57.0,Bpos:8415.9,Bstd:30505.5,StrandBias:0.0,Multiplicity:1.53
0.291	0.285	0.162	0.263
0.314	0.214	0.209	0.263
0.227	0.455	0.264	0.054
0.533	0.187	0.001	0.279
0.440	0.280	0.221	0.060
0.492	0.292	0.185	0.031
0.070	0.928	0.001	0.001
0.997	0.001	0.001	0.001
0.101	0.693	0.196	0.010
0.997	0.001	0.001	0.001
>TTTTTWTTTT	12-TTTTTWTTTT	2.170702	-55.926276	0	T:4148.0(69.91%),B:109733.8(63.48%),P:1e-24	Tpos:96.5,Tstd:60.7,Bpos:9692.6,Bstd:23770.4,StrandBias:-0.0,Multiplicity:2.10
0.096	0.146	0.085	0.673
0.093	0.125	0.061	0.721
0.104	0.153	0.072	0.671
0.135	0.176	0.041	0.648
0.164	0.139	0.117	0.580
0.233	0.196	0.203	0.368
0.154	0.164	0.085	0.597
0.104	0.131	0.045	0.720
0.113	0.143	0.078	0.666
0.110	0.162	0.099	0.629
>ATGCAAATTA	13-ATGCAAATTA	2.512553	-47.707392	0	T:4822.0(81.27%),B:131554.7(76.10%),P:1e-20	Tpos:98.3,Tstd:57.5,Bpos:9874.8,Bstd:34630.1,StrandBias:-0.0,Multiplicity:1.90
0.700	0.100	0.100	0.100
0.100	0.100	0.100	0.700
0.100	0.100	0.700	0.100
0.100	0.700	0.100	0.100
0.700	0.100	0.100	0.100
0.700	0.100	0.100	0.100
0.700	0.100	0.100	0.100
0.100	0.100	0.100	0.700
0.100	0.100	0.100	0.700
0.700	0.100	0.100	0.100
>GGAAGTGACG	14-GGAAGTGACG	8.350283	-7.509756	0	T:201.0(3.39%),B:4596.2(2.66%),P:1e-3	Tpos:101.3,Tstd:69.4,Bpos:1628.7,Bstd:5175.7,StrandBias:10.0,Multiplicity:1.00
0.100	0.100	0.700	0.100
0.100	0.100	0.700	0.100
0.700	0.100	0.100	0.100
0.700	0.100	0.100	0.100
0.100	0.100	0.700	0.100
0.100	0.100	0.100	0.700
0.100	0.100	0.700	0.100
0.700	0.100	0.100	0.100
0.100	0.700	0.100	0.100
0.100	0.100	0.700	0.100
>WCATGTGAAA	15-WCATGTGAAA	9.159537	-2.526628	0	T:28.0(0.47%),B:606.2(0.35%),P:1e-1	Tpos:98.5,Tstd:58.6,Bpos:8674.2,Bstd:13938.9,StrandBias:-0.8,Multiplicity:1.00
0.311	0.190	0.147	0.351
0.063	0.738	0.074	0.125
0.733	0.167	0.006	0.094
0.031	0.006	0.031	0.932
0.019	0.132	0.627	0.222
0.109	0.001	0.007	0.883
0.098	0.077	0.700	0.125
0.706	0.145	0.011	0.138
0.845	0.070	0.046	0.039
0.529	0.060	0.108	0.303
>CACACACACA	16-CACACACACA	8.505135	-2.061261	0	T:209.0(3.52%),B:5612.9(3.25%),P:1e0	Tpos:101.0,Tstd:34.5,Bpos:2662.3,Bstd:5765.9,StrandBias:0.0,Multiplicity:1.00
0.096	0.692	0.086	0.126
0.696	0.123	0.063	0.118
0.107	0.674	0.120	0.099
0.745	0.086	0.058	0.111
0.156	0.605	0.131	0.108
0.687	0.117	0.088	0.108
0.132	0.701	0.103	0.064
0.771	0.101	0.034	0.094
0.125	0.670	0.104	0.101
0.760	0.096	0.071	0.073
>CTGCCTGGCT	17-CTGCCTGGCT	0.566642	-0.911156	0	T:5933.0(100.00%),B:172847.1(99.98%),P:1e0	Tpos:98.8,Tstd:57.8,Bpos:2021.1,Bstd:11940.2,StrandBias:0.0,Multiplicity:1.98
0.100	0.700	0.100	0.100
0.100	0.100	0.100	0.700
0.100	0.100	0.700	0.100
0.100	0.700	0.100	0.100
0.100	0.700	0.100	0.100
0.100	0.100	0.100	0.700
0.100	0.100	0.700	0.100
0.100	0.100	0.700	0.100
0.100	0.700	0.100	0.100
0.100	0.100	0.100	0.700
>GGCAGGCCTC	18-GGCAGGCCTC	10.296193	-0.877165	0	T:10.0(0.17%),B:262.6(0.15%),P:1e0	Tpos:148.0,Tstd:6.0,Bpos:5076.0,Bstd:11794.2,StrandBias:0.0,Multiplicity:1.00
0.100	0.100	0.700	0.100
0.100	0.100	0.700	0.100
0.100	0.700	0.100	0.100
0.700	0.100	0.100	0.100
0.100	0.100	0.700	0.100
0.100	0.100	0.700	0.100
0.100	0.700	0.100	0.100
0.100	0.700	0.100	0.100
0.100	0.100	0.100	0.700
0.100	0.700	0.100	0.100
>HNCAMACACA	19-HNCAMACACA	8.656623	-0.287233	0	T:5.0(0.08%),B:183.7(0.11%),P:1e0	Tpos:86.0,Tstd:26.0,Bpos:3720.1,Bstd:5587.0,StrandBias:0.0,Multiplicity:1.00
0.281	0.288	0.110	0.321
0.314	0.247	0.223	0.216
0.188	0.500	0.143	0.169
0.625	0.185	0.001	0.189
0.379	0.360	0.139	0.122
0.611	0.297	0.064	0.028
0.029	0.952	0.018	0.001
0.987	0.011	0.001	0.001
0.093	0.817	0.052	0.038
0.979	0.019	0.001	0.001
>GWGGNCCHVC	20-GWGGNCCHVC	6.826451	-0.198077	0	T:11.0(0.19%),B:407.6(0.24%),P:1e0	Tpos:157.0,Tstd:0.0,Bpos:3864.9,Bstd:5164.1,StrandBias:10.0,Multiplicity:1.00
0.236	0.236	0.400	0.127
0.473	0.018	0.091	0.417
0.145	0.036	0.710	0.109
0.182	0.018	0.691	0.109
0.217	0.292	0.291	0.200
0.181	0.745	0.073	0.001
0.145	0.638	0.072	0.145
0.309	0.346	0.018	0.327
0.417	0.309	0.274	0.001
0.018	0.473	0.272	0.237
>NSCCCWGGGN	21-NSCCCWGGGN	7.338043	-0.010492	0	T:25.0(0.42%),B:1112.0(0.64%),P:1e0	Tpos:111.0,Tstd:47.3,Bpos:887.1,Bstd:4543.2,StrandBias:0.4,Multiplicity:1.00
0.193	0.293	0.316	0.198
0.177	0.390	0.260	0.173
0.100	0.657	0.001	0.242
0.169	0.536	0.001	0.294
0.149	0.849	0.001	0.001
0.519	0.001	0.001	0.479
0.165	0.001	0.833	0.001
0.303	0.001	0.554	0.142
0.201	0.219	0.579	0.001
0.233	0.287	0.286	0.194
>WSCCYCHNNS	22-WSCCYCHNNS	6.266690	-0.001260	0	T:21.0(0.35%),B:1101.8(0.64%),P:1e0	Tpos:107.5,Tstd:55.6,Bpos:548.9,Bstd:2488.3,StrandBias:0.0,Multiplicity:1.00
0.547	0.001	0.001	0.451
0.129	0.484	0.386	0.001
0.225	0.524	0.001	0.250
0.187	0.811	0.001	0.001
0.218	0.449	0.001	0.332
0.163	0.835	0.001	0.001
0.314	0.408	0.001	0.277
0.220	0.305	0.260	0.215
0.192	0.275	0.337	0.196
0.197	0.309	0.348	0.146
>CCCCCTGGCG	23-CCCCCTGGCG	-3.325178	0.000000	0	T:5933.0(100.00%),B:172874.9(100.00%),P:1e0	Tpos:97.1,Tstd:59.4,Bpos:4520.0,Bstd:23998.6,StrandBias:0.0,Multiplicity:1.38
0.100	0.700	0.100	0.100
0.100	0.700	0.100	0.100
0.100	0.700	0.100	0.100
0.100	0.700	0.100	0.100
0.100	0.700	0.100	0.100
0.100	0.100	0.100	0.700
0.100	0.100	0.700	0.100
0.100	0.100	0.700	0.100
0.100	0.700	0.100	0.100
0.100	0.100	0.700	0.100
>GTGRNCCYHS	24-GTGRNCCYHS	5.449961	0.000000	0	T:640.0(10.79%),B:25935.5(15.00%),P:1e0	Tpos:117.5,Tstd:71.1,Bpos:2548.6,Bstd:4939.9,StrandBias:-1.0,Multiplicity:1.00
0.302	0.163	0.464	0.070
0.279	0.001	0.278	0.442
0.255	0.001	0.489	0.256
0.418	0.001	0.396	0.186
0.255	0.280	0.255	0.210
0.255	0.743	0.001	0.001
0.001	0.674	0.001	0.324
0.116	0.512	0.001	0.371
0.256	0.209	0.187	0.348
0.023	0.373	0.511	0.093
>VAGGBCCCVS	25-VAGGBCCCVS	6.177188	0.000000	0	T:287.0(4.84%),B:12043.6(6.97%),P:1e0	Tpos:114.2,Tstd:55.6,Bpos:1856.0,Bstd:9382.8,StrandBias:-0.6,Multiplicity:1.00
0.285	0.232	0.376	0.107
0.483	0.018	0.250	0.249
0.196	0.001	0.660	0.143
0.197	0.001	0.678	0.124
0.107	0.304	0.321	0.268
0.071	0.822	0.071	0.036
0.231	0.537	0.018	0.214
0.232	0.464	0.001	0.303
0.321	0.339	0.339	0.001
0.071	0.411	0.268	0.250
