>NNNRCCACRTGG	1-NNNRCCACRTGG	7.471904	-2533.175558	0	T:2580.0(43.49%),B:14125.1(8.17%),P:1e-1100	Tpos:98.7,Tstd:35.2,Bpos:3545.3,Bstd:9681.3,StrandBias:-0.0,Multiplicity:1.07
0.260	0.243	0.239	0.258
0.246	0.248	0.268	0.238
0.276	0.296	0.202	0.225
0.403	0.120	0.273	0.205
0.170	0.502	0.327	0.001
0.001	0.997	0.001	0.001
0.997	0.001	0.001	0.001
0.001	0.934	0.001	0.064
0.425	0.001	0.573	0.001
0.001	0.001	0.001	0.997
0.001	0.001	0.997	0.001
0.001	0.196	0.489	0.315
>NNVCCDCRYGNN	2-NNVCCDCRYGNN	0.907790	-1767.928372	0	T:5525.0(93.12%),B:101601.2(58.77%),P:1e-767	Tpos:99.4,Tstd:50.0,Bpos:2320.4,Bstd:13377.8,StrandBias:-0.0,Multiplicity:1.60
0.249	0.251	0.304	0.196
0.245	0.312	0.244	0.199
0.307	0.253	0.304	0.136
0.001	0.456	0.270	0.273
0.001	0.997	0.001	0.001
0.400	0.001	0.257	0.342
0.001	0.996	0.002	0.001
0.456	0.001	0.542	0.001
0.225	0.330	0.001	0.444
0.001	0.001	0.997	0.001
0.229	0.265	0.321	0.185
0.191	0.299	0.239	0.272
>CRCRCRYGCGSH	3-CRCRCRYGCGSH	0.966274	-369.910263	0	T:4009.0(67.57%),B:86269.1(49.90%),P:1e-160	Tpos:98.0,Tstd:46.1,Bpos:2514.2,Bstd:10762.7,StrandBias:0.0,Multiplicity:1.80
0.001	0.824	0.001	0.174
0.447	0.106	0.445	0.001
0.001	0.733	0.001	0.265
0.476	0.001	0.522	0.001
0.001	0.693	0.001	0.305
0.431	0.001	0.567	0.001
0.001	0.516	0.001	0.482
0.261	0.001	0.737	0.001
0.001	0.588	0.001	0.410
0.339	0.001	0.659	0.001
0.001	0.443	0.383	0.173
0.342	0.306	0.108	0.244
>ACTTCCYCTTTY	4-ACTTCCYCTTTY	8.209842	-296.283733	0	T:771.0(13.00%),B:8238.0(4.77%),P:1e-128	Tpos:99.1,Tstd:50.7,Bpos:4562.8,Bstd:11099.8,StrandBias:0.0,Multiplicity:1.08
0.711	0.026	0.227	0.036
0.001	0.694	0.248	0.057
0.013	0.001	0.001	0.985
0.001	0.001	0.001	0.997
0.001	0.997	0.001	0.001
0.001	0.867	0.001	0.131
0.061	0.319	0.173	0.448
0.027	0.592	0.187	0.194
0.252	0.112	0.050	0.586
0.089	0.107	0.029	0.775
0.138	0.153	0.076	0.633
0.107	0.347	0.125	0.420
>RSTTTCASTTCC	5-RSTTTCASTTCC	10.151956	-181.584946	0	T:284.0(4.79%),B:2028.5(1.17%),P:1e-78	Tpos:96.5,Tstd:51.7,Bpos:6310.6,Bstd:16486.3,StrandBias:-0.1,Multiplicity:1.03
0.394	0.173	0.287	0.146
0.047	0.413	0.492	0.048
0.087	0.001	0.001	0.911
0.001	0.020	0.001	0.978
0.001	0.001	0.001	0.997
0.001	0.997	0.001	0.001
0.790	0.001	0.001	0.208
0.129	0.381	0.424	0.066
0.161	0.001	0.001	0.837
0.001	0.001	0.001	0.997
0.001	0.579	0.001	0.419
0.001	0.641	0.001	0.357
>GCCMYCTRGTGG	6-GCCMYCTRGTGG	10.812267	-129.717327	0	T:192.0(3.24%),B:1303.6(0.75%),P:1e-56	Tpos:94.6,Tstd:50.3,Bpos:1392.6,Bstd:4677.9,StrandBias:-0.2,Multiplicity:1.02
0.216	0.001	0.549	0.234
0.141	0.857	0.001	0.001
0.001	0.997	0.001	0.001
0.527	0.416	0.001	0.056
0.001	0.536	0.001	0.462
0.001	0.943	0.001	0.055
0.124	0.001	0.001	0.874
0.386	0.126	0.355	0.133
0.001	0.237	0.761	0.001
0.001	0.179	0.001	0.819
0.001	0.001	0.997	0.001
0.050	0.001	0.833	0.116
>CCATGTGCTCTG	7-CCATGTGCTCTG	9.914978	-29.781484	0	T:102.0(1.72%),B:1274.4(0.74%),P:1e-12	Tpos:98.5,Tstd:48.9,Bpos:3707.1,Bstd:10419.0,StrandBias:0.1,Multiplicity:1.00
0.001	0.938	0.060	0.001
0.068	0.758	0.061	0.113
0.836	0.069	0.084	0.011
0.069	0.019	0.192	0.720
0.153	0.165	0.641	0.041
0.001	0.087	0.037	0.875
0.068	0.046	0.824	0.062
0.001	0.766	0.090	0.143
0.001	0.017	0.001	0.981
0.034	0.901	0.064	0.001
0.060	0.001	0.056	0.883
0.068	0.012	0.854	0.066
>AGGGGCAATTAG	8-AGGGGCAATTAG	12.606912	-9.763811	0	T:7.0(0.12%),B:24.1(0.01%),P:1e-4	Tpos:97.9,Tstd:59.3,Bpos:8676.9,Bstd:17573.6,StrandBias:0.4,Multiplicity:1.00
0.597	0.401	0.001	0.001
0.001	0.224	0.767	0.008
0.001	0.134	0.853	0.012
0.001	0.383	0.615	0.001
0.001	0.333	0.665	0.001
0.001	0.997	0.001	0.001
0.993	0.001	0.005	0.001
0.930	0.001	0.068	0.001
0.001	0.001	0.207	0.791
0.001	0.001	0.194	0.804
0.997	0.001	0.001	0.001
0.001	0.001	0.791	0.207
>DCAGAAMCCTCT	9-DCAGAAMCCTCT	9.920693	-7.707309	0	T:82.0(1.38%),B:1600.0(0.93%),P:1e-3	Tpos:103.1,Tstd:54.3,Bpos:30236.0,Bstd:89140.1,StrandBias:0.3,Multiplicity:1.00
0.280	0.017	0.386	0.316
0.001	0.997	0.001	0.001
0.875	0.001	0.001	0.123
0.001	0.001	0.997	0.001
0.684	0.290	0.025	0.001
0.593	0.017	0.389	0.001
0.478	0.418	0.059	0.045
0.041	0.674	0.244	0.041
0.164	0.665	0.134	0.037
0.010	0.318	0.180	0.493
0.001	0.803	0.114	0.082
0.088	0.001	0.001	0.910
>TAAKCGAGTGTT	10-TAAKCGAGTGTT	12.483604	-7.321106	0	T:7.0(0.12%),B:38.5(0.02%),P:1e-3	Tpos:139.4,Tstd:40.7,Bpos:8427.7,Bstd:16467.2,StrandBias:-0.4,Multiplicity:1.00
0.001	0.001	0.001	0.997
0.997	0.001	0.001	0.001
0.624	0.001	0.374	0.001
0.001	0.186	0.424	0.389
0.317	0.671	0.011	0.001
0.001	0.001	0.997	0.001
0.951	0.001	0.047	0.001
0.001	0.001	0.997	0.001
0.001	0.001	0.001	0.997
0.001	0.001	0.980	0.018
0.341	0.001	0.001	0.657
0.001	0.339	0.048	0.612
>ATGTAAAACGCG	11-ATGTAAAACGCG	9.947736	-6.783359	0	T:17.0(0.29%),B:202.8(0.12%),P:1e-2	Tpos:73.2,Tstd:41.4,Bpos:1577.9,Bstd:4836.8,StrandBias:-0.6,Multiplicity:1.00
0.675	0.131	0.001	0.193
0.001	0.028	0.230	0.741
0.001	0.280	0.718	0.001
0.001	0.059	0.125	0.815
0.697	0.228	0.074	0.001
0.997	0.001	0.001	0.001
0.718	0.071	0.001	0.210
0.806	0.192	0.001	0.001
0.105	0.738	0.156	0.001
0.074	0.085	0.767	0.074
0.001	0.925	0.001	0.073
0.001	0.102	0.896	0.001
>AGCSCGCCCAAA	12-AGCSCGCCCAAA	10.645080	-5.677533	0	T:41.0(0.69%),B:744.6(0.43%),P:1e-2	Tpos:94.9,Tstd:53.0,Bpos:1602.8,Bstd:4350.4,StrandBias:0.0,Multiplicity:1.00
0.877	0.001	0.121	0.001
0.001	0.001	0.997	0.001
0.001	0.957	0.041	0.001
0.001	0.567	0.431	0.001
0.325	0.601	0.001	0.073
0.001	0.001	0.997	0.001
0.389	0.551	0.001	0.059
0.001	0.997	0.001	0.001
0.234	0.590	0.175	0.001
0.668	0.064	0.267	0.001
0.624	0.374	0.001	0.001
0.880	0.001	0.001	0.118
>NTGCACACACAN	13-NTGCACACACAN	7.440081	-5.481748	0	T:52.0(0.88%),B:1011.1(0.58%),P:1e-2	Tpos:74.5,Tstd:34.5,Bpos:8228.1,Bstd:15140.4,StrandBias:1.6,Multiplicity:1.00
0.259	0.247	0.235	0.259
0.200	0.066	0.207	0.527
0.105	0.220	0.482	0.193
0.120	0.600	0.167	0.113
0.505	0.202	0.043	0.250
0.165	0.557	0.189	0.089
0.561	0.254	0.058	0.127
0.210	0.612	0.134	0.044
0.633	0.174	0.060	0.133
0.110	0.614	0.191	0.085
0.579	0.205	0.075	0.141
0.237	0.274	0.250	0.239
>TGTGSGTGTGTG	14-TGTGSGTGTGTG	11.304368	-4.006975	0	T:112.0(1.89%),B:2645.2(1.53%),P:1e-1	Tpos:153.3,Tstd:30.0,Bpos:2430.6,Bstd:12281.4,StrandBias:-1.0,Multiplicity:1.00
0.059	0.031	0.052	0.858
0.032	0.066	0.759	0.143
0.161	0.001	0.150	0.688
0.024	0.066	0.839	0.071
0.172	0.390	0.301	0.137
0.025	0.300	0.504	0.171
0.055	0.001	0.134	0.810
0.014	0.252	0.661	0.073
0.040	0.006	0.143	0.811
0.030	0.149	0.720	0.101
0.079	0.013	0.086	0.822
0.006	0.090	0.866	0.038
>CASGCACSCHGG	15-CASGCACSCHGG	9.528039	-3.610969	0	T:75.0(1.26%),B:1720.3(1.00%),P:1e-1	Tpos:99.9,Tstd:50.4,Bpos:1711.1,Bstd:5070.6,StrandBias:0.0,Multiplicity:1.00
0.037	0.915	0.025	0.023
0.925	0.027	0.029	0.019
0.192	0.431	0.344	0.033
0.022	0.263	0.498	0.216
0.134	0.644	0.199	0.023
0.562	0.306	0.021	0.111
0.135	0.482	0.327	0.055
0.022	0.370	0.469	0.140
0.213	0.741	0.031	0.015
0.394	0.271	0.011	0.324
0.024	0.349	0.616	0.011
0.033	0.041	0.885	0.041
>CCCGTAHGATCC	16-CCCGTAHGATCC	12.372375	-3.550337	0	T:6.0(0.10%),B:64.9(0.04%),P:1e-1	Tpos:91.4,Tstd:64.2,Bpos:1335.3,Bstd:3056.5,StrandBias:-2.0,Multiplicity:1.00
0.001	0.997	0.001	0.001
0.001	0.997	0.001	0.001
0.001	0.997	0.001	0.001
0.001	0.001	0.997	0.001
0.001	0.304	0.001	0.694
0.997	0.001	0.001	0.001
0.305	0.323	0.067	0.305
0.304	0.001	0.694	0.001
0.694	0.304	0.001	0.001
0.001	0.001	0.001	0.997
0.001	0.694	0.001	0.304
0.001	0.997	0.001	0.001
>TACACACACACA	17-TACACACACACA	11.098325	-3.422848	0	T:115.0(1.94%),B:2793.4(1.62%),P:1e-1	Tpos:100.0,Tstd:0.0,Bpos:6353.0,Bstd:11796.8,StrandBias:-10.0,Multiplicity:1.00
0.125	0.199	0.110	0.566
0.631	0.071	0.151	0.147
0.094	0.740	0.089	0.077
0.852	0.069	0.022	0.057
0.077	0.736	0.099	0.088
0.726	0.138	0.011	0.125
0.074	0.786	0.129	0.011
0.848	0.084	0.001	0.067
0.067	0.855	0.077	0.001
0.749	0.111	0.001	0.139
0.099	0.761	0.095	0.045
0.749	0.172	0.034	0.045
>GTGCGCATCCSC	18-GTGCGCATCCSC	11.809766	-2.718490	0	T:50.0(0.84%),B:1155.8(0.67%),P:1e-1	Tpos:89.7,Tstd:66.4,Bpos:1600.2,Bstd:6088.3,StrandBias:0.0,Multiplicity:1.00
0.001	0.001	0.997	0.001
0.001	0.001	0.001	0.997
0.001	0.001	0.997	0.001
0.138	0.661	0.001	0.200
0.001	0.053	0.824	0.122
0.085	0.760	0.154	0.001
0.834	0.164	0.001	0.001
0.001	0.001	0.293	0.705
0.001	0.553	0.341	0.105
0.001	0.908	0.090	0.001
0.001	0.356	0.402	0.242
0.001	0.997	0.001	0.001
>CACACACANACA	19-CACACACANACA	9.704649	-2.558106	0	T:107.0(1.80%),B:2695.8(1.56%),P:1e-1	Tpos:92.8,Tstd:47.2,Bpos:3916.5,Bstd:9927.9,StrandBias:-1.6,Multiplicity:1.00
0.122	0.761	0.083	0.034
0.721	0.134	0.003	0.142
0.169	0.574	0.232	0.025
0.693	0.177	0.018	0.112
0.137	0.621	0.211	0.031
0.669	0.158	0.023	0.150
0.092	0.658	0.230	0.020
0.647	0.216	0.001	0.136
0.219	0.244	0.277	0.260
0.482	0.244	0.103	0.171
0.222	0.669	0.075	0.034
0.747	0.129	0.024	0.100
>CACACACACACA	20-CACACACACACA	9.239431	-2.038456	0	T:176.0(2.97%),B:4694.5(2.72%),P:1e0	Tpos:52.5,Tstd:29.8,Bpos:4575.1,Bstd:10621.4,StrandBias:0.0,Multiplicity:1.00
0.099	0.715	0.069	0.117
0.727	0.129	0.051	0.093
0.096	0.741	0.126	0.037
0.682	0.168	0.035	0.115
0.109	0.454	0.188	0.248
0.668	0.153	0.086	0.093
0.138	0.655	0.170	0.037
0.687	0.169	0.010	0.134
0.107	0.700	0.158	0.035
0.676	0.166	0.044	0.114
0.086	0.740	0.127	0.047
0.767	0.134	0.044	0.055
>CACBCCCACACA	21-CACBCCCACACA	10.876641	-1.825402	0	T:74.0(1.25%),B:1905.3(1.10%),P:1e0	Tpos:104.1,Tstd:54.0,Bpos:2106.8,Bstd:6383.4,StrandBias:0.4,Multiplicity:1.00
0.001	0.997	0.001	0.001
0.509	0.322	0.144	0.025
0.033	0.902	0.001	0.064
0.001	0.291	0.403	0.305
0.001	0.997	0.001	0.001
0.178	0.726	0.001	0.095
0.169	0.496	0.334	0.001
0.697	0.301	0.001	0.001
0.096	0.889	0.014	0.001
0.968	0.030	0.001	0.001
0.001	0.997	0.001	0.001
0.843	0.001	0.001	0.155
>CWCTCCWGCCAS	22-CWCTCCWGCCAS	11.650105	-0.924943	0	T:2.0(0.03%),B:40.0(0.02%),P:1e0	Tpos:34.5,Tstd:12.5,Bpos:2512.8,Bstd:5919.1,StrandBias:0.0,Multiplicity:1.00
0.068	0.839	0.047	0.046
0.366	0.034	0.139	0.462
0.014	0.550	0.038	0.398
0.042	0.057	0.042	0.859
0.036	0.847	0.045	0.072
0.025	0.908	0.017	0.050
0.446	0.012	0.023	0.519
0.026	0.350	0.596	0.028
0.032	0.593	0.345	0.030
0.021	0.588	0.361	0.030
0.893	0.020	0.065	0.022
0.023	0.438	0.504	0.035
>TGCGCAGGCGCA	23-TGCGCAGGCGCA	11.489837	-0.459027	0	T:37.0(0.62%),B:1129.2(0.65%),P:1e0	Tpos:81.4,Tstd:40.5,Bpos:458.8,Bstd:1374.2,StrandBias:-1.3,Multiplicity:1.00
0.042	0.173	0.001	0.784
0.001	0.001	0.711	0.287
0.204	0.658	0.137	0.001
0.001	0.001	0.923	0.075
0.063	0.735	0.201	0.001
0.735	0.001	0.001	0.263
0.001	0.001	0.997	0.001
0.026	0.300	0.673	0.001
0.100	0.517	0.244	0.139
0.001	0.199	0.606	0.194
0.146	0.852	0.001	0.001
0.854	0.144	0.001	0.001
>TGCGCAGBCCMG	24-TGCGCAGBCCMG	11.266314	-0.293167	0	T:4.0(0.07%),B:148.5(0.09%),P:1e0	Tpos:23.0,Tstd:12.0,Bpos:448.0,Bstd:1044.4,StrandBias:0.0,Multiplicity:1.00
0.019	0.234	0.047	0.700
0.001	0.006	0.978	0.015
0.030	0.929	0.007	0.034
0.327	0.163	0.485	0.025
0.244	0.658	0.065	0.033
0.632	0.063	0.153	0.152
0.001	0.001	0.997	0.001
0.043	0.383	0.305	0.269
0.001	0.666	0.332	0.001
0.046	0.554	0.365	0.035
0.449	0.465	0.032	0.054
0.018	0.285	0.696	0.001
>CGCGCCTGCGCG	25-CGCGCCTGCGCG	10.666016	-0.106138	0	T:87.0(1.47%),B:2890.1(1.67%),P:1e0	Tpos:102.5,Tstd:57.8,Bpos:344.5,Bstd:1198.7,StrandBias:1.1,Multiplicity:1.03
0.044	0.795	0.001	0.160
0.226	0.001	0.639	0.134
0.152	0.784	0.063	0.001
0.020	0.080	0.758	0.142
0.111	0.772	0.078	0.039
0.001	0.997	0.001	0.001
0.115	0.001	0.025	0.859
0.021	0.093	0.751	0.135
0.046	0.902	0.051	0.001
0.001	0.040	0.874	0.085
0.118	0.880	0.001	0.001
0.001	0.001	0.986	0.012
