>VRCCACGTGG	1-VRCCACGTGG	4.661698	-3101.447015	0	T:4249.0(71.62%),B:38863.4(22.48%),P:1e-1346	Tpos:99.2,Tstd:39.5,Bpos:3012.9,Bstd:9638.1,StrandBias:0.0,Multiplicity:1.30
0.335	0.196	0.330	0.138
0.284	0.183	0.364	0.169
0.247	0.448	0.280	0.025
0.001	0.997	0.001	0.001
0.950	0.001	0.036	0.013
0.001	0.790	0.001	0.208
0.170	0.001	0.828	0.001
0.001	0.031	0.001	0.967
0.001	0.001	0.997	0.001
0.011	0.302	0.461	0.226
>CACRCACGCD	2-CACRCACGCD	4.178987	-277.282374	0	T:4073.0(68.65%),B:92470.4(53.49%),P:1e-120	Tpos:97.3,Tstd:51.9,Bpos:2045.4,Bstd:12086.8,StrandBias:-0.0,Multiplicity:1.68
0.142	0.581	0.142	0.135
0.553	0.011	0.298	0.138
0.184	0.593	0.082	0.141
0.468	0.065	0.462	0.005
0.027	0.875	0.046	0.052
0.593	0.001	0.392	0.014
0.089	0.644	0.068	0.199
0.336	0.009	0.596	0.059
0.076	0.762	0.133	0.029
0.339	0.133	0.316	0.211
>ACTTCCKSTT	3-ACTTCCKSTT	4.657161	-256.272682	0	T:3781.0(63.73%),B:84668.8(48.98%),P:1e-111	Tpos:97.0,Tstd:55.2,Bpos:8133.3,Bstd:35945.4,StrandBias:0.0,Multiplicity:1.59
0.589	0.046	0.304	0.061
0.036	0.609	0.254	0.101
0.078	0.001	0.017	0.904
0.079	0.024	0.056	0.841
0.017	0.858	0.002	0.123
0.018	0.810	0.022	0.150
0.028	0.243	0.398	0.332
0.055	0.416	0.352	0.177
0.172	0.202	0.106	0.520
0.229	0.192	0.085	0.493
>TTTCACTTCC	4-TTTCACTTCC	9.145793	-196.387115	0	T:333.0(5.61%),B:2556.9(1.48%),P:1e-85	Tpos:98.8,Tstd:48.4,Bpos:5192.2,Bstd:11633.4,StrandBias:0.1,Multiplicity:1.05
0.009	0.032	0.001	0.958
0.017	0.108	0.014	0.861
0.007	0.029	0.006	0.958
0.001	0.986	0.004	0.009
0.975	0.001	0.006	0.018
0.015	0.735	0.229	0.021
0.025	0.001	0.001	0.973
0.001	0.009	0.001	0.989
0.001	0.948	0.001	0.050
0.001	0.889	0.001	0.109
>TTTCCTTCCC	5-TTTCCTTCCC	2.512553	-195.929681	0	T:5918.0(99.75%),B:165590.4(95.79%),P:1e-85	Tpos:97.2,Tstd:57.1,Bpos:2627.3,Bstd:16981.3,StrandBias:0.0,Multiplicity:2.42
0.100	0.100	0.100	0.700
0.100	0.100	0.100	0.700
0.100	0.100	0.100	0.700
0.100	0.700	0.100	0.100
0.100	0.700	0.100	0.100
0.100	0.100	0.100	0.700
0.100	0.100	0.100	0.700
0.100	0.700	0.100	0.100
0.100	0.700	0.100	0.100
0.100	0.700	0.100	0.100
>CTTGTGGCCA	6-CTTGTGGCCA	2.512553	-169.290031	0	T:5933.0(100.00%),B:167928.2(97.14%),P:1e-73	Tpos:96.8,Tstd:55.1,Bpos:1950.6,Bstd:10777.2,StrandBias:-0.0,Multiplicity:2.17
0.100	0.700	0.100	0.100
0.100	0.100	0.100	0.700
0.100	0.100	0.100	0.700
0.100	0.100	0.700	0.100
0.100	0.100	0.100	0.700
0.100	0.100	0.700	0.100
0.100	0.100	0.700	0.100
0.100	0.700	0.100	0.100
0.100	0.700	0.100	0.100
0.700	0.100	0.100	0.100
>TCCCCTCCCC	7-TCCCCTCCCC	2.512553	-152.081931	0	T:5916.0(99.71%),B:166773.5(96.47%),P:1e-66	Tpos:82.9,Tstd:65.0,Bpos:2427.4,Bstd:6565.8,StrandBias:0.0,Multiplicity:1.00
0.100	0.100	0.100	0.700
0.100	0.700	0.100	0.100
0.100	0.700	0.100	0.100
0.100	0.700	0.100	0.100
0.100	0.700	0.100	0.100
0.100	0.100	0.100	0.700
0.100	0.700	0.100	0.100
0.100	0.700	0.100	0.100
0.100	0.700	0.100	0.100
0.100	0.700	0.100	0.100
>CCCACCCCAA	8-CCCACCCCAA	2.512553	-145.663756	0	T:5919.0(99.76%),B:167209.3(96.72%),P:1e-63	Tpos:99.4,Tstd:56.6,Bpos:1475.3,Bstd:10618.7,StrandBias:0.0,Multiplicity:1.87
0.100	0.700	0.100	0.100
0.100	0.700	0.100	0.100
0.100	0.700	0.100	0.100
0.700	0.100	0.100	0.100
0.100	0.700	0.100	0.100
0.100	0.700	0.100	0.100
0.100	0.700	0.100	0.100
0.100	0.700	0.100	0.100
0.700	0.100	0.100	0.100
0.700	0.100	0.100	0.100
>ACAGCTGTTT	9-ACAGCTGTTT	2.512553	-126.877308	0	T:5729.0(96.56%),B:158032.7(91.41%),P:1e-55	Tpos:97.0,Tstd:56.7,Bpos:3706.4,Bstd:18659.3,StrandBias:-0.0,Multiplicity:1.87
0.700	0.100	0.100	0.100
0.100	0.700	0.100	0.100
0.700	0.100	0.100	0.100
0.100	0.100	0.700	0.100
0.100	0.700	0.100	0.100
0.100	0.100	0.100	0.700
0.100	0.100	0.700	0.100
0.100	0.100	0.100	0.700
0.100	0.100	0.100	0.700
0.100	0.100	0.100	0.700
>GTGTTTTGTG	10-GTGTTTTGTG	3.253421	-101.728355	0	T:4284.0(72.21%),B:109733.5(63.48%),P:1e-44	Tpos:96.4,Tstd:59.0,Bpos:8338.7,Bstd:27778.0,StrandBias:0.0,Multiplicity:1.62
0.110	0.172	0.542	0.176
0.125	0.106	0.141	0.628
0.095	0.129	0.597	0.179
0.102	0.164	0.148	0.586
0.083	0.158	0.134	0.625
0.117	0.133	0.156	0.594
0.096	0.111	0.141	0.652
0.099	0.172	0.557	0.172
0.134	0.098	0.127	0.641
0.118	0.115	0.575	0.192
>NNCAAACACA	11-NNCAAACACA	4.495815	-66.943697	0	T:3832.0(64.59%),B:99027.6(57.28%),P:1e-29	Tpos:97.4,Tstd:57.0,Bpos:8415.9,Bstd:30505.5,StrandBias:0.0,Multiplicity:1.53
0.291	0.285	0.162	0.263
0.314	0.214	0.209	0.263
0.227	0.455	0.264	0.054
0.533	0.187	0.001	0.279
0.440	0.280	0.221	0.060
0.492	0.292	0.185	0.031
0.070	0.928	0.001	0.001
0.997	0.001	0.001	0.001
0.101	0.693	0.196	0.010
0.997	0.001	0.001	0.001
>TTTTTWTTTT	12-TTTTTWTTTT	2.170702	-55.926276	0	T:4148.0(69.91%),B:109733.8(63.48%),P:1e-24	Tpos:96.5,Tstd:60.7,Bpos:9692.6,Bstd:23770.4,StrandBias:-0.0,Multiplicity:2.10
0.096	0.146	0.085	0.673
0.093	0.125	0.061	0.721
0.104	0.153	0.072	0.671
0.135	0.176	0.041	0.648
0.164	0.139	0.117	0.580
0.233	0.196	0.203	0.368
0.154	0.164	0.085	0.597
0.104	0.131	0.045	0.720
0.113	0.143	0.078	0.666
0.110	0.162	0.099	0.629
>ATGCAAATTA	13-ATGCAAATTA	2.512553	-47.707392	0	T:4822.0(81.27%),B:131554.7(76.10%),P:1e-20	Tpos:98.3,Tstd:57.5,Bpos:9874.8,Bstd:34630.1,StrandBias:-0.0,Multiplicity:1.90
0.700	0.100	0.100	0.100
0.100	0.100	0.100	0.700
0.100	0.100	0.700	0.100
0.100	0.700	0.100	0.100
0.700	0.100	0.100	0.100
0.700	0.100	0.100	0.100
0.700	0.100	0.100	0.100
0.100	0.100	0.100	0.700
0.100	0.100	0.100	0.700
0.700	0.100	0.100	0.100
>GGAAGTGACG	14-GGAAGTGACG	8.350283	-7.509756	0	T:201.0(3.39%),B:4596.2(2.66%),P:1e-3	Tpos:101.3,Tstd:69.4,Bpos:1628.7,Bstd:5175.7,StrandBias:10.0,Multiplicity:1.00
0.100	0.100	0.700	0.100
0.100	0.100	0.700	0.100
0.700	0.100	0.100	0.100
0.700	0.100	0.100	0.100
0.100	0.100	0.700	0.100
0.100	0.100	0.100	0.700
0.100	0.100	0.700	0.100
0.700	0.100	0.100	0.100
0.100	0.700	0.100	0.100
0.100	0.100	0.700	0.100
>WCATGTGAAA	15-WCATGTGAAA	9.159537	-2.526628	0	T:28.0(0.47%),B:606.2(0.35%),P:1e-1	Tpos:98.5,Tstd:58.6,Bpos:8674.2,Bstd:13938.9,StrandBias:-0.8,Multiplicity:1.00
0.311	0.190	0.147	0.351
0.063	0.738	0.074	0.125
0.733	0.167	0.006	0.094
0.031	0.006	0.031	0.932
0.019	0.132	0.627	0.222
0.109	0.001	0.007	0.883
0.098	0.077	0.700	0.125
0.706	0.145	0.011	0.138
0.845	0.070	0.046	0.039
0.529	0.060	0.108	0.303
>CACACACACA	16-CACACACACA	8.505135	-2.061261	0	T:209.0(3.52%),B:5612.9(3.25%),P:1e0	Tpos:101.0,Tstd:34.5,Bpos:2662.3,Bstd:5765.9,StrandBias:0.0,Multiplicity:1.00
0.096	0.692	0.086	0.126
0.696	0.123	0.063	0.118
0.107	0.674	0.120	0.099
0.745	0.086	0.058	0.111
0.156	0.605	0.131	0.108
0.687	0.117	0.088	0.108
0.132	0.701	0.103	0.064
0.771	0.101	0.034	0.094
0.125	0.670	0.104	0.101
0.760	0.096	0.071	0.073
>CTGCCTGGCT	17-CTGCCTGGCT	0.566642	-0.911156	0	T:5933.0(100.00%),B:172847.1(99.98%),P:1e0	Tpos:98.8,Tstd:57.8,Bpos:2021.1,Bstd:11940.2,StrandBias:0.0,Multiplicity:1.98
0.100	0.700	0.100	0.100
0.100	0.100	0.100	0.700
0.100	0.100	0.700	0.100
0.100	0.700	0.100	0.100
0.100	0.700	0.100	0.100
0.100	0.100	0.100	0.700
0.100	0.100	0.700	0.100
0.100	0.100	0.700	0.100
0.100	0.700	0.100	0.100
0.100	0.100	0.100	0.700
>GGCAGGCCTC	18-GGCAGGCCTC	10.296193	-0.877165	0	T:10.0(0.17%),B:262.6(0.15%),P:1e0	Tpos:148.0,Tstd:6.0,Bpos:5076.0,Bstd:11794.2,StrandBias:0.0,Multiplicity:1.00
0.100	0.100	0.700	0.100
0.100	0.100	0.700	0.100
0.100	0.700	0.100	0.100
0.700	0.100	0.100	0.100
0.100	0.100	0.700	0.100
0.100	0.100	0.700	0.100
0.100	0.700	0.100	0.100
0.100	0.700	0.100	0.100
0.100	0.100	0.100	0.700
0.100	0.700	0.100	0.100
>HNCAMACACA	19-HNCAMACACA	8.656623	-0.287233	0	T:5.0(0.08%),B:183.7(0.11%),P:1e0	Tpos:86.0,Tstd:26.0,Bpos:3720.1,Bstd:5587.0,StrandBias:0.0,Multiplicity:1.00
0.281	0.288	0.110	0.321
0.314	0.247	0.223	0.216
0.188	0.500	0.143	0.169
0.625	0.185	0.001	0.189
0.379	0.360	0.139	0.122
0.611	0.297	0.064	0.028
0.029	0.952	0.018	0.001
0.987	0.011	0.001	0.001
0.093	0.817	0.052	0.038
0.979	0.019	0.001	0.001
>GWGGNCCHVC	20-GWGGNCCHVC	6.826451	-0.198077	0	T:11.0(0.19%),B:407.6(0.24%),P:1e0	Tpos:157.0,Tstd:0.0,Bpos:3864.9,Bstd:5164.1,StrandBias:10.0,Multiplicity:1.00
0.236	0.236	0.400	0.127
0.473	0.018	0.091	0.417
0.145	0.036	0.710	0.109
0.182	0.018	0.691	0.109
0.217	0.292	0.291	0.200
0.181	0.745	0.073	0.001
0.145	0.638	0.072	0.145
0.309	0.346	0.018	0.327
0.417	0.309	0.274	0.001
0.018	0.473	0.272	0.237
>NSCCCWGGGN	21-NSCCCWGGGN	7.338043	-0.010492	0	T:25.0(0.42%),B:1112.0(0.64%),P:1e0	Tpos:111.0,Tstd:47.3,Bpos:887.1,Bstd:4543.2,StrandBias:0.4,Multiplicity:1.00
0.193	0.293	0.316	0.198
0.177	0.390	0.260	0.173
0.100	0.657	0.001	0.242
0.169	0.536	0.001	0.294
0.149	0.849	0.001	0.001
0.519	0.001	0.001	0.479
0.165	0.001	0.833	0.001
0.303	0.001	0.554	0.142
0.201	0.219	0.579	0.001
0.233	0.287	0.286	0.194
>WSCCYCHNNS	22-WSCCYCHNNS	6.266690	-0.001260	0	T:21.0(0.35%),B:1101.8(0.64%),P:1e0	Tpos:107.5,Tstd:55.6,Bpos:548.9,Bstd:2488.3,StrandBias:0.0,Multiplicity:1.00
0.547	0.001	0.001	0.451
0.129	0.484	0.386	0.001
0.225	0.524	0.001	0.250
0.187	0.811	0.001	0.001
0.218	0.449	0.001	0.332
0.163	0.835	0.001	0.001
0.314	0.408	0.001	0.277
0.220	0.305	0.260	0.215
0.192	0.275	0.337	0.196
0.197	0.309	0.348	0.146
>CCCCCTGGCG	23-CCCCCTGGCG	-3.325178	0.000000	0	T:5933.0(100.00%),B:172874.9(100.00%),P:1e0	Tpos:97.1,Tstd:59.4,Bpos:4520.0,Bstd:23998.6,StrandBias:0.0,Multiplicity:1.38
0.100	0.700	0.100	0.100
0.100	0.700	0.100	0.100
0.100	0.700	0.100	0.100
0.100	0.700	0.100	0.100
0.100	0.700	0.100	0.100
0.100	0.100	0.100	0.700
0.100	0.100	0.700	0.100
0.100	0.100	0.700	0.100
0.100	0.700	0.100	0.100
0.100	0.100	0.700	0.100
>GTGRNCCYHS	24-GTGRNCCYHS	5.449961	0.000000	0	T:640.0(10.79%),B:25935.5(15.00%),P:1e0	Tpos:117.5,Tstd:71.1,Bpos:2548.6,Bstd:4939.9,StrandBias:-1.0,Multiplicity:1.00
0.302	0.163	0.464	0.070
0.279	0.001	0.278	0.442
0.255	0.001	0.489	0.256
0.418	0.001	0.396	0.186
0.255	0.280	0.255	0.210
0.255	0.743	0.001	0.001
0.001	0.674	0.001	0.324
0.116	0.512	0.001	0.371
0.256	0.209	0.187	0.348
0.023	0.373	0.511	0.093
>VAGGBCCCVS	25-VAGGBCCCVS	6.177188	0.000000	0	T:287.0(4.84%),B:12043.6(6.97%),P:1e0	Tpos:114.2,Tstd:55.6,Bpos:1856.0,Bstd:9382.8,StrandBias:-0.6,Multiplicity:1.00
0.285	0.232	0.376	0.107
0.483	0.018	0.250	0.249
0.196	0.001	0.660	0.143
0.197	0.001	0.678	0.124
0.107	0.304	0.321	0.268
0.071	0.822	0.071	0.036
0.231	0.537	0.018	0.214
0.232	0.464	0.001	0.303
0.321	0.339	0.339	0.001
0.071	0.411	0.268	0.250
>NNNRCCACRTGG	1-NNNRCCACRTGG	7.471904	-2533.175558	0	T:2580.0(43.49%),B:14125.1(8.17%),P:1e-1100	Tpos:98.7,Tstd:35.2,Bpos:3545.3,Bstd:9681.3,StrandBias:-0.0,Multiplicity:1.07
0.260	0.243	0.239	0.258
0.246	0.248	0.268	0.238
0.276	0.296	0.202	0.225
0.403	0.120	0.273	0.205
0.170	0.502	0.327	0.001
0.001	0.997	0.001	0.001
0.997	0.001	0.001	0.001
0.001	0.934	0.001	0.064
0.425	0.001	0.573	0.001
0.001	0.001	0.001	0.997
0.001	0.001	0.997	0.001
0.001	0.196	0.489	0.315
>NNVCCDCRYGNN	2-NNVCCDCRYGNN	0.907790	-1767.928372	0	T:5525.0(93.12%),B:101601.2(58.77%),P:1e-767	Tpos:99.4,Tstd:50.0,Bpos:2320.4,Bstd:13377.8,StrandBias:-0.0,Multiplicity:1.60
0.249	0.251	0.304	0.196
0.245	0.312	0.244	0.199
0.307	0.253	0.304	0.136
0.001	0.456	0.270	0.273
0.001	0.997	0.001	0.001
0.400	0.001	0.257	0.342
0.001	0.996	0.002	0.001
0.456	0.001	0.542	0.001
0.225	0.330	0.001	0.444
0.001	0.001	0.997	0.001
0.229	0.265	0.321	0.185
0.191	0.299	0.239	0.272
>CRCRCRYGCGSH	3-CRCRCRYGCGSH	0.966274	-369.910263	0	T:4009.0(67.57%),B:86269.1(49.90%),P:1e-160	Tpos:98.0,Tstd:46.1,Bpos:2514.2,Bstd:10762.7,StrandBias:0.0,Multiplicity:1.80
0.001	0.824	0.001	0.174
0.447	0.106	0.445	0.001
0.001	0.733	0.001	0.265
0.476	0.001	0.522	0.001
0.001	0.693	0.001	0.305
0.431	0.001	0.567	0.001
0.001	0.516	0.001	0.482
0.261	0.001	0.737	0.001
0.001	0.588	0.001	0.410
0.339	0.001	0.659	0.001
0.001	0.443	0.383	0.173
0.342	0.306	0.108	0.244
>ACTTCCYCTTTY	4-ACTTCCYCTTTY	8.209842	-296.283733	0	T:771.0(13.00%),B:8238.0(4.77%),P:1e-128	Tpos:99.1,Tstd:50.7,Bpos:4562.8,Bstd:11099.8,StrandBias:0.0,Multiplicity:1.08
0.711	0.026	0.227	0.036
0.001	0.694	0.248	0.057
0.013	0.001	0.001	0.985
0.001	0.001	0.001	0.997
0.001	0.997	0.001	0.001
0.001	0.867	0.001	0.131
0.061	0.319	0.173	0.448
0.027	0.592	0.187	0.194
0.252	0.112	0.050	0.586
0.089	0.107	0.029	0.775
0.138	0.153	0.076	0.633
0.107	0.347	0.125	0.420
>RSTTTCASTTCC	5-RSTTTCASTTCC	10.151956	-181.584946	0	T:284.0(4.79%),B:2028.5(1.17%),P:1e-78	Tpos:96.5,Tstd:51.7,Bpos:6310.6,Bstd:16486.3,StrandBias:-0.1,Multiplicity:1.03
0.394	0.173	0.287	0.146
0.047	0.413	0.492	0.048
0.087	0.001	0.001	0.911
0.001	0.020	0.001	0.978
0.001	0.001	0.001	0.997
0.001	0.997	0.001	0.001
0.790	0.001	0.001	0.208
0.129	0.381	0.424	0.066
0.161	0.001	0.001	0.837
0.001	0.001	0.001	0.997
0.001	0.579	0.001	0.419
0.001	0.641	0.001	0.357
>GCCMYCTRGTGG	6-GCCMYCTRGTGG	10.812267	-129.717327	0	T:192.0(3.24%),B:1303.6(0.75%),P:1e-56	Tpos:94.6,Tstd:50.3,Bpos:1392.6,Bstd:4677.9,StrandBias:-0.2,Multiplicity:1.02
0.216	0.001	0.549	0.234
0.141	0.857	0.001	0.001
0.001	0.997	0.001	0.001
0.527	0.416	0.001	0.056
0.001	0.536	0.001	0.462
0.001	0.943	0.001	0.055
0.124	0.001	0.001	0.874
0.386	0.126	0.355	0.133
0.001	0.237	0.761	0.001
0.001	0.179	0.001	0.819
0.001	0.001	0.997	0.001
0.050	0.001	0.833	0.116
>CCATGTGCTCTG	7-CCATGTGCTCTG	9.914978	-29.781484	0	T:102.0(1.72%),B:1274.4(0.74%),P:1e-12	Tpos:98.5,Tstd:48.9,Bpos:3707.1,Bstd:10419.0,StrandBias:0.1,Multiplicity:1.00
0.001	0.938	0.060	0.001
0.068	0.758	0.061	0.113
0.836	0.069	0.084	0.011
0.069	0.019	0.192	0.720
0.153	0.165	0.641	0.041
0.001	0.087	0.037	0.875
0.068	0.046	0.824	0.062
0.001	0.766	0.090	0.143
0.001	0.017	0.001	0.981
0.034	0.901	0.064	0.001
0.060	0.001	0.056	0.883
0.068	0.012	0.854	0.066
>AGGGGCAATTAG	8-AGGGGCAATTAG	12.606912	-9.763811	0	T:7.0(0.12%),B:24.1(0.01%),P:1e-4	Tpos:97.9,Tstd:59.3,Bpos:8676.9,Bstd:17573.6,StrandBias:0.4,Multiplicity:1.00
0.597	0.401	0.001	0.001
0.001	0.224	0.767	0.008
0.001	0.134	0.853	0.012
0.001	0.383	0.615	0.001
0.001	0.333	0.665	0.001
0.001	0.997	0.001	0.001
0.993	0.001	0.005	0.001
0.930	0.001	0.068	0.001
0.001	0.001	0.207	0.791
0.001	0.001	0.194	0.804
0.997	0.001	0.001	0.001
0.001	0.001	0.791	0.207
>DCAGAAMCCTCT	9-DCAGAAMCCTCT	9.920693	-7.707309	0	T:82.0(1.38%),B:1600.0(0.93%),P:1e-3	Tpos:103.1,Tstd:54.3,Bpos:30236.0,Bstd:89140.1,StrandBias:0.3,Multiplicity:1.00
0.280	0.017	0.386	0.316
0.001	0.997	0.001	0.001
0.875	0.001	0.001	0.123
0.001	0.001	0.997	0.001
0.684	0.290	0.025	0.001
0.593	0.017	0.389	0.001
0.478	0.418	0.059	0.045
0.041	0.674	0.244	0.041
0.164	0.665	0.134	0.037
0.010	0.318	0.180	0.493
0.001	0.803	0.114	0.082
0.088	0.001	0.001	0.910
>TAAKCGAGTGTT	10-TAAKCGAGTGTT	12.483604	-7.321106	0	T:7.0(0.12%),B:38.5(0.02%),P:1e-3	Tpos:139.4,Tstd:40.7,Bpos:8427.7,Bstd:16467.2,StrandBias:-0.4,Multiplicity:1.00
0.001	0.001	0.001	0.997
0.997	0.001	0.001	0.001
0.624	0.001	0.374	0.001
0.001	0.186	0.424	0.389
0.317	0.671	0.011	0.001
0.001	0.001	0.997	0.001
0.951	0.001	0.047	0.001
0.001	0.001	0.997	0.001
0.001	0.001	0.001	0.997
0.001	0.001	0.980	0.018
0.341	0.001	0.001	0.657
0.001	0.339	0.048	0.612
>ATGTAAAACGCG	11-ATGTAAAACGCG	9.947736	-6.783359	0	T:17.0(0.29%),B:202.8(0.12%),P:1e-2	Tpos:73.2,Tstd:41.4,Bpos:1577.9,Bstd:4836.8,StrandBias:-0.6,Multiplicity:1.00
0.675	0.131	0.001	0.193
0.001	0.028	0.230	0.741
0.001	0.280	0.718	0.001
0.001	0.059	0.125	0.815
0.697	0.228	0.074	0.001
0.997	0.001	0.001	0.001
0.718	0.071	0.001	0.210
0.806	0.192	0.001	0.001
0.105	0.738	0.156	0.001
0.074	0.085	0.767	0.074
0.001	0.925	0.001	0.073
0.001	0.102	0.896	0.001
>AGCSCGCCCAAA	12-AGCSCGCCCAAA	10.645080	-5.677533	0	T:41.0(0.69%),B:744.6(0.43%),P:1e-2	Tpos:94.9,Tstd:53.0,Bpos:1602.8,Bstd:4350.4,StrandBias:0.0,Multiplicity:1.00
0.877	0.001	0.121	0.001
0.001	0.001	0.997	0.001
0.001	0.957	0.041	0.001
0.001	0.567	0.431	0.001
0.325	0.601	0.001	0.073
0.001	0.001	0.997	0.001
0.389	0.551	0.001	0.059
0.001	0.997	0.001	0.001
0.234	0.590	0.175	0.001
0.668	0.064	0.267	0.001
0.624	0.374	0.001	0.001
0.880	0.001	0.001	0.118
>NTGCACACACAN	13-NTGCACACACAN	7.440081	-5.481748	0	T:52.0(0.88%),B:1011.1(0.58%),P:1e-2	Tpos:74.5,Tstd:34.5,Bpos:8228.1,Bstd:15140.4,StrandBias:1.6,Multiplicity:1.00
0.259	0.247	0.235	0.259
0.200	0.066	0.207	0.527
0.105	0.220	0.482	0.193
0.120	0.600	0.167	0.113
0.505	0.202	0.043	0.250
0.165	0.557	0.189	0.089
0.561	0.254	0.058	0.127
0.210	0.612	0.134	0.044
0.633	0.174	0.060	0.133
0.110	0.614	0.191	0.085
0.579	0.205	0.075	0.141
0.237	0.274	0.250	0.239
>TGTGSGTGTGTG	14-TGTGSGTGTGTG	11.304368	-4.006975	0	T:112.0(1.89%),B:2645.2(1.53%),P:1e-1	Tpos:153.3,Tstd:30.0,Bpos:2430.6,Bstd:12281.4,StrandBias:-1.0,Multiplicity:1.00
0.059	0.031	0.052	0.858
0.032	0.066	0.759	0.143
0.161	0.001	0.150	0.688
0.024	0.066	0.839	0.071
0.172	0.390	0.301	0.137
0.025	0.300	0.504	0.171
0.055	0.001	0.134	0.810
0.014	0.252	0.661	0.073
0.040	0.006	0.143	0.811
0.030	0.149	0.720	0.101
0.079	0.013	0.086	0.822
0.006	0.090	0.866	0.038
>CASGCACSCHGG	15-CASGCACSCHGG	9.528039	-3.610969	0	T:75.0(1.26%),B:1720.3(1.00%),P:1e-1	Tpos:99.9,Tstd:50.4,Bpos:1711.1,Bstd:5070.6,StrandBias:0.0,Multiplicity:1.00
0.037	0.915	0.025	0.023
0.925	0.027	0.029	0.019
0.192	0.431	0.344	0.033
0.022	0.263	0.498	0.216
0.134	0.644	0.199	0.023
0.562	0.306	0.021	0.111
0.135	0.482	0.327	0.055
0.022	0.370	0.469	0.140
0.213	0.741	0.031	0.015
0.394	0.271	0.011	0.324
0.024	0.349	0.616	0.011
0.033	0.041	0.885	0.041
>CCCGTAHGATCC	16-CCCGTAHGATCC	12.372375	-3.550337	0	T:6.0(0.10%),B:64.9(0.04%),P:1e-1	Tpos:91.4,Tstd:64.2,Bpos:1335.3,Bstd:3056.5,StrandBias:-2.0,Multiplicity:1.00
0.001	0.997	0.001	0.001
0.001	0.997	0.001	0.001
0.001	0.997	0.001	0.001
0.001	0.001	0.997	0.001
0.001	0.304	0.001	0.694
0.997	0.001	0.001	0.001
0.305	0.323	0.067	0.305
0.304	0.001	0.694	0.001
0.694	0.304	0.001	0.001
0.001	0.001	0.001	0.997
0.001	0.694	0.001	0.304
0.001	0.997	0.001	0.001
>TACACACACACA	17-TACACACACACA	11.098325	-3.422848	0	T:115.0(1.94%),B:2793.4(1.62%),P:1e-1	Tpos:100.0,Tstd:0.0,Bpos:6353.0,Bstd:11796.8,StrandBias:-10.0,Multiplicity:1.00
0.125	0.199	0.110	0.566
0.631	0.071	0.151	0.147
0.094	0.740	0.089	0.077
0.852	0.069	0.022	0.057
0.077	0.736	0.099	0.088
0.726	0.138	0.011	0.125
0.074	0.786	0.129	0.011
0.848	0.084	0.001	0.067
0.067	0.855	0.077	0.001
0.749	0.111	0.001	0.139
0.099	0.761	0.095	0.045
0.749	0.172	0.034	0.045
>GTGCGCATCCSC	18-GTGCGCATCCSC	11.809766	-2.718490	0	T:50.0(0.84%),B:1155.8(0.67%),P:1e-1	Tpos:89.7,Tstd:66.4,Bpos:1600.2,Bstd:6088.3,StrandBias:0.0,Multiplicity:1.00
0.001	0.001	0.997	0.001
0.001	0.001	0.001	0.997
0.001	0.001	0.997	0.001
0.138	0.661	0.001	0.200
0.001	0.053	0.824	0.122
0.085	0.760	0.154	0.001
0.834	0.164	0.001	0.001
0.001	0.001	0.293	0.705
0.001	0.553	0.341	0.105
0.001	0.908	0.090	0.001
0.001	0.356	0.402	0.242
0.001	0.997	0.001	0.001
>CACACACANACA	19-CACACACANACA	9.704649	-2.558106	0	T:107.0(1.80%),B:2695.8(1.56%),P:1e-1	Tpos:92.8,Tstd:47.2,Bpos:3916.5,Bstd:9927.9,StrandBias:-1.6,Multiplicity:1.00
0.122	0.761	0.083	0.034
0.721	0.134	0.003	0.142
0.169	0.574	0.232	0.025
0.693	0.177	0.018	0.112
0.137	0.621	0.211	0.031
0.669	0.158	0.023	0.150
0.092	0.658	0.230	0.020
0.647	0.216	0.001	0.136
0.219	0.244	0.277	0.260
0.482	0.244	0.103	0.171
0.222	0.669	0.075	0.034
0.747	0.129	0.024	0.100
>CACACACACACA	20-CACACACACACA	9.239431	-2.038456	0	T:176.0(2.97%),B:4694.5(2.72%),P:1e0	Tpos:52.5,Tstd:29.8,Bpos:4575.1,Bstd:10621.4,StrandBias:0.0,Multiplicity:1.00
0.099	0.715	0.069	0.117
0.727	0.129	0.051	0.093
0.096	0.741	0.126	0.037
0.682	0.168	0.035	0.115
0.109	0.454	0.188	0.248
0.668	0.153	0.086	0.093
0.138	0.655	0.170	0.037
0.687	0.169	0.010	0.134
0.107	0.700	0.158	0.035
0.676	0.166	0.044	0.114
0.086	0.740	0.127	0.047
0.767	0.134	0.044	0.055
>CACBCCCACACA	21-CACBCCCACACA	10.876641	-1.825402	0	T:74.0(1.25%),B:1905.3(1.10%),P:1e0	Tpos:104.1,Tstd:54.0,Bpos:2106.8,Bstd:6383.4,StrandBias:0.4,Multiplicity:1.00
0.001	0.997	0.001	0.001
0.509	0.322	0.144	0.025
0.033	0.902	0.001	0.064
0.001	0.291	0.403	0.305
0.001	0.997	0.001	0.001
0.178	0.726	0.001	0.095
0.169	0.496	0.334	0.001
0.697	0.301	0.001	0.001
0.096	0.889	0.014	0.001
0.968	0.030	0.001	0.001
0.001	0.997	0.001	0.001
0.843	0.001	0.001	0.155
>CWCTCCWGCCAS	22-CWCTCCWGCCAS	11.650105	-0.924943	0	T:2.0(0.03%),B:40.0(0.02%),P:1e0	Tpos:34.5,Tstd:12.5,Bpos:2512.8,Bstd:5919.1,StrandBias:0.0,Multiplicity:1.00
0.068	0.839	0.047	0.046
0.366	0.034	0.139	0.462
0.014	0.550	0.038	0.398
0.042	0.057	0.042	0.859
0.036	0.847	0.045	0.072
0.025	0.908	0.017	0.050
0.446	0.012	0.023	0.519
0.026	0.350	0.596	0.028
0.032	0.593	0.345	0.030
0.021	0.588	0.361	0.030
0.893	0.020	0.065	0.022
0.023	0.438	0.504	0.035
>TGCGCAGGCGCA	23-TGCGCAGGCGCA	11.489837	-0.459027	0	T:37.0(0.62%),B:1129.2(0.65%),P:1e0	Tpos:81.4,Tstd:40.5,Bpos:458.8,Bstd:1374.2,StrandBias:-1.3,Multiplicity:1.00
0.042	0.173	0.001	0.784
0.001	0.001	0.711	0.287
0.204	0.658	0.137	0.001
0.001	0.001	0.923	0.075
0.063	0.735	0.201	0.001
0.735	0.001	0.001	0.263
0.001	0.001	0.997	0.001
0.026	0.300	0.673	0.001
0.100	0.517	0.244	0.139
0.001	0.199	0.606	0.194
0.146	0.852	0.001	0.001
0.854	0.144	0.001	0.001
>TGCGCAGBCCMG	24-TGCGCAGBCCMG	11.266314	-0.293167	0	T:4.0(0.07%),B:148.5(0.09%),P:1e0	Tpos:23.0,Tstd:12.0,Bpos:448.0,Bstd:1044.4,StrandBias:0.0,Multiplicity:1.00
0.019	0.234	0.047	0.700
0.001	0.006	0.978	0.015
0.030	0.929	0.007	0.034
0.327	0.163	0.485	0.025
0.244	0.658	0.065	0.033
0.632	0.063	0.153	0.152
0.001	0.001	0.997	0.001
0.043	0.383	0.305	0.269
0.001	0.666	0.332	0.001
0.046	0.554	0.365	0.035
0.449	0.465	0.032	0.054
0.018	0.285	0.696	0.001
>CGCGCCTGCGCG	25-CGCGCCTGCGCG	10.666016	-0.106138	0	T:87.0(1.47%),B:2890.1(1.67%),P:1e0	Tpos:102.5,Tstd:57.8,Bpos:344.5,Bstd:1198.7,StrandBias:1.1,Multiplicity:1.03
0.044	0.795	0.001	0.160
0.226	0.001	0.639	0.134
0.152	0.784	0.063	0.001
0.020	0.080	0.758	0.142
0.111	0.772	0.078	0.039
0.001	0.997	0.001	0.001
0.115	0.001	0.025	0.859
0.021	0.093	0.751	0.135
0.046	0.902	0.051	0.001
0.001	0.040	0.874	0.085
0.118	0.880	0.001	0.001
0.001	0.001	0.986	0.012
>GSCACGTG	1-GSCACGTG	4.665065	-3129.772885	0	T:4753.0(80.11%),B:51119.2(29.57%),P:1e-1359	Tpos:98.9,Tstd:41.1,Bpos:2809.7,Bstd:9017.0,StrandBias:0.0,Multiplicity:1.43
0.236	0.210	0.413	0.142
0.201	0.402	0.376	0.021
0.011	0.987	0.001	0.001
0.886	0.001	0.059	0.054
0.001	0.798	0.001	0.200
0.231	0.001	0.767	0.001
0.032	0.045	0.001	0.922
0.001	0.001	0.997	0.001
>SVCTTCTN	2-SVCTTCTN	3.212744	-416.672477	0	T:5780.0(97.42%),B:149868.7(86.69%),P:1e-180	Tpos:99.0,Tstd:56.1,Bpos:1956.1,Bstd:15279.1,StrandBias:0.1,Multiplicity:1.62
0.179	0.349	0.316	0.156
0.372	0.295	0.231	0.101
0.065	0.721	0.153	0.061
0.106	0.249	0.105	0.540
0.076	0.261	0.178	0.486
0.057	0.765	0.100	0.078
0.142	0.257	0.131	0.470
0.202	0.317	0.299	0.182
>GCCTATTM	3-GCCTATTM	-1.090185	-240.427264	0	T:5915.0(99.70%),B:163998.9(94.87%),P:1e-104	Tpos:98.9,Tstd:57.2,Bpos:3025.6,Bstd:17108.0,StrandBias:-0.0,Multiplicity:1.46
0.360	0.001	0.638	0.001
0.001	0.703	0.295	0.001
0.001	0.649	0.349	0.001
0.184	0.225	0.142	0.449
0.521	0.251	0.001	0.227
0.001	0.263	0.001	0.735
0.001	0.001	0.001	0.997
0.479	0.330	0.190	0.001
>AACACACA	4-AACACACA	0.687008	-132.100970	0	T:4044.0(68.16%),B:100037.2(57.87%),P:1e-57	Tpos:98.3,Tstd:56.2,Bpos:10327.6,Bstd:38889.4,StrandBias:-0.0,Multiplicity:1.55
0.589	0.083	0.180	0.148
0.505	0.205	0.036	0.254
0.001	0.888	0.001	0.110
0.997	0.001	0.001	0.001
0.001	0.997	0.001	0.001
0.965	0.001	0.033	0.001
0.001	0.997	0.001	0.001
0.965	0.001	0.033	0.001
>GGAAGTGA	5-GGAAGTGA	7.971097	-118.674886	0	T:684.0(11.53%),B:10627.2(6.15%),P:1e-51	Tpos:97.4,Tstd:51.5,Bpos:3290.4,Bstd:9015.0,StrandBias:-0.1,Multiplicity:1.08
0.071	0.001	0.927	0.001
0.001	0.001	0.997	0.001
0.997	0.001	0.001	0.001
0.997	0.001	0.001	0.001
0.001	0.211	0.787	0.001
0.001	0.001	0.001	0.997
0.044	0.001	0.954	0.001
0.839	0.001	0.159	0.001
>RGSGCSSC	6-RGSGCSSC	1.517196	-116.373299	0	T:5914.0(99.68%),B:167757.0(97.04%),P:1e-50	Tpos:99.9,Tstd:57.1,Bpos:1027.9,Bstd:8340.5,StrandBias:0.0,Multiplicity:1.58
0.430	0.077	0.316	0.176
0.106	0.161	0.606	0.127
0.235	0.433	0.316	0.017
0.089	0.262	0.569	0.080
0.169	0.472	0.251	0.108
0.023	0.451	0.386	0.140
0.111	0.487	0.347	0.055
0.185	0.671	0.013	0.131
>TTTCCTCA	7-TTTCCTCA	2.399224	-101.531321	0	T:5920.0(99.78%),B:168670.8(97.57%),P:1e-44	Tpos:97.5,Tstd:57.1,Bpos:2967.3,Bstd:14695.6,StrandBias:0.0,Multiplicity:2.91
0.100	0.100	0.100	0.700
0.100	0.100	0.100	0.700
0.100	0.100	0.100	0.700
0.100	0.700	0.100	0.100
0.100	0.700	0.100	0.100
0.100	0.100	0.100	0.700
0.100	0.700	0.100	0.100
0.700	0.100	0.100	0.100
>TTCAGTTT	8-TTCAGTTT	2.399224	-96.302818	0	T:5697.0(96.02%),B:158167.8(91.49%),P:1e-41	Tpos:97.4,Tstd:57.2,Bpos:6290.2,Bstd:28014.9,StrandBias:0.0,Multiplicity:2.64
0.100	0.100	0.100	0.700
0.100	0.100	0.100	0.700
0.100	0.700	0.100	0.100
0.700	0.100	0.100	0.100
0.100	0.100	0.700	0.100
0.100	0.100	0.100	0.700
0.100	0.100	0.100	0.700
0.100	0.100	0.100	0.700
>AAACCAGG	9-AAACCAGG	2.399224	-93.115643	0	T:5930.0(99.95%),B:169781.6(98.21%),P:1e-40	Tpos:97.4,Tstd:56.7,Bpos:2206.1,Bstd:10504.3,StrandBias:0.1,Multiplicity:2.50
0.700	0.100	0.100	0.100
0.700	0.100	0.100	0.100
0.700	0.100	0.100	0.100
0.100	0.700	0.100	0.100
0.100	0.700	0.100	0.100
0.700	0.100	0.100	0.100
0.100	0.100	0.700	0.100
0.100	0.100	0.700	0.100
>GTGTGGGG	10-GTGTGGGG	2.399224	-83.872021	0	T:5932.0(99.98%),B:170275.5(98.50%),P:1e-36	Tpos:99.1,Tstd:56.0,Bpos:1119.3,Bstd:7784.6,StrandBias:0.1,Multiplicity:1.80
0.100	0.100	0.700	0.100
0.100	0.100	0.100	0.700
0.100	0.100	0.700	0.100
0.100	0.100	0.100	0.700
0.100	0.100	0.700	0.100
0.100	0.100	0.700	0.100
0.100	0.100	0.700	0.100
0.100	0.100	0.700	0.100
>NAMWDRWD	11-NAMWDRWD	2.331634	-74.139434	0	T:4664.0(78.61%),B:124005.2(71.73%),P:1e-32	Tpos:98.0,Tstd:58.4,Bpos:8589.6,Bstd:32739.8,StrandBias:-0.1,Multiplicity:1.60
0.322	0.204	0.207	0.268
0.689	0.001	0.309	0.001
0.389	0.252	0.232	0.127
0.451	0.001	0.239	0.309
0.413	0.001	0.315	0.271
0.423	0.257	0.318	0.001
0.364	0.211	0.176	0.250
0.337	0.185	0.192	0.286
>TTTTTTTT	12-TTTTTTTT	2.058064	-71.385078	0	T:4312.0(72.68%),B:113217.5(65.49%),P:1e-31	Tpos:95.7,Tstd:60.6,Bpos:10498.1,Bstd:25079.0,StrandBias:0.0,Multiplicity:2.25
0.301	0.094	0.063	0.542
0.163	0.169	0.214	0.454
0.286	0.041	0.060	0.613
0.178	0.177	0.220	0.425
0.268	0.069	0.128	0.535
0.206	0.181	0.209	0.405
0.247	0.084	0.123	0.546
0.258	0.129	0.176	0.437
>HVACCACA	13-HVACCACA	0.963686	-64.339946	0	T:3866.0(65.16%),B:100312.6(58.03%),P:1e-27	Tpos:97.2,Tstd:56.6,Bpos:7340.1,Bstd:25533.7,StrandBias:0.0,Multiplicity:1.50
0.374	0.307	0.039	0.280
0.219	0.356	0.287	0.138
0.785	0.001	0.213	0.001
0.290	0.479	0.001	0.230
0.021	0.977	0.001	0.001
0.997	0.001	0.001	0.001
0.001	0.997	0.001	0.001
0.997	0.001	0.001	0.001
>ACAAAAAC	14-ACAAAAAC	3.043844	-49.278616	0	T:4150.0(69.95%),B:110531.5(63.94%),P:1e-21	Tpos:97.4,Tstd:60.3,Bpos:9058.4,Bstd:26085.3,StrandBias:-0.0,Multiplicity:1.96
0.690	0.076	0.053	0.181
0.192	0.590	0.064	0.154
0.825	0.048	0.043	0.084
0.457	0.212	0.226	0.105
0.722	0.030	0.057	0.191
0.536	0.306	0.075	0.083
0.792	0.053	0.054	0.101
0.163	0.642	0.102	0.093
>GCTGCACA	15-GCTGCACA	2.399224	-37.914076	0	T:5933.0(100.00%),B:171754.8(99.35%),P:1e-16	Tpos:97.7,Tstd:55.6,Bpos:1432.9,Bstd:11493.2,StrandBias:-0.0,Multiplicity:2.49
0.100	0.100	0.700	0.100
0.100	0.700	0.100	0.100
0.100	0.100	0.100	0.700
0.100	0.100	0.700	0.100
0.100	0.700	0.100	0.100
0.700	0.100	0.100	0.100
0.100	0.700	0.100	0.100
0.700	0.100	0.100	0.100
>CACACACA	16-CACACACA	4.468877	-22.457627	0	T:981.0(16.53%),B:23519.6(13.60%),P:1e-9	Tpos:95.6,Tstd:50.0,Bpos:3515.3,Bstd:9321.3,StrandBias:-0.1,Multiplicity:1.31
0.001	0.997	0.001	0.001
0.972	0.001	0.026	0.001
0.001	0.972	0.001	0.026
0.965	0.001	0.033	0.001
0.001	0.997	0.001	0.001
0.957	0.001	0.041	0.001
0.001	0.943	0.035	0.021
0.884	0.001	0.077	0.038
>AATGTGTG	17-AATGTGTG	7.503366	-1.532580	0	T:231.0(3.89%),B:6379.1(3.69%),P:1e0	Tpos:103.1,Tstd:40.2,Bpos:3317.9,Bstd:7976.0,StrandBias:-1.3,Multiplicity:1.00
0.501	0.272	0.140	0.087
0.505	0.171	0.144	0.180
0.120	0.010	0.109	0.761
0.029	0.128	0.761	0.082
0.054	0.019	0.033	0.894
0.037	0.111	0.739	0.113
0.064	0.001	0.009	0.926
0.006	0.049	0.912	0.033
>AYWTGCTG	18-AYWTGCTG	6.990635	-1.412822	0	T:667.0(11.24%),B:18926.6(10.95%),P:1e0	Tpos:114.4,Tstd:50.3,Bpos:2988.9,Bstd:8542.2,StrandBias:0.3,Multiplicity:1.02
0.524	0.194	0.281	0.001
0.245	0.440	0.001	0.314
0.456	0.001	0.001	0.542
0.001	0.001	0.052	0.946
0.001	0.210	0.475	0.315
0.001	0.997	0.001	0.001
0.001	0.001	0.001	0.997
0.001	0.001	0.701	0.297
>NHTGTGTG	19-NHTGTGTG	6.946483	-0.429089	0	T:675.0(11.38%),B:19939.8(11.53%),P:1e0	Tpos:102.0,Tstd:60.2,Bpos:2897.2,Bstd:8782.9,StrandBias:1.6,Multiplicity:1.00
0.300	0.245	0.204	0.251
0.279	0.273	0.066	0.382
0.162	0.002	0.107	0.729
0.048	0.176	0.637	0.139
0.032	0.007	0.001	0.960
0.015	0.045	0.848	0.092
0.068	0.001	0.113	0.818
0.001	0.039	0.921	0.039
>STTTCTCW	20-STTTCTCW	5.034614	-0.016203	0	T:74.0(1.25%),B:2732.8(1.58%),P:1e0	Tpos:92.1,Tstd:29.0,Bpos:3677.5,Bstd:9748.6,StrandBias:0.0,Multiplicity:1.00
0.197	0.396	0.254	0.153
0.265	0.225	0.081	0.429
0.102	0.231	0.215	0.452
0.077	0.217	0.253	0.453
0.106	0.776	0.112	0.006
0.249	0.241	0.008	0.502
0.131	0.438	0.149	0.282
0.395	0.152	0.088	0.366
>TTTCTCAG	21-TTTCTCAG	8.713073	-0.009919	0	T:74.0(1.25%),B:2788.2(1.61%),P:1e0	Tpos:75.1,Tstd:42.2,Bpos:7070.6,Bstd:29981.5,StrandBias:0.4,Multiplicity:1.00
0.078	0.123	0.101	0.698
0.055	0.133	0.091	0.721
0.064	0.180	0.195	0.561
0.029	0.924	0.042	0.005
0.057	0.180	0.027	0.736
0.060	0.857	0.052	0.031
0.779	0.043	0.040	0.138
0.069	0.140	0.724	0.067
>CCBCHSSG	22-CCBCHSSG	4.784154	-0.000000	0	T:129.0(2.17%),B:6224.6(3.60%),P:1e0	Tpos:69.0,Tstd:34.4,Bpos:449.6,Bstd:1188.0,StrandBias:-1.0,Multiplicity:1.00
0.085	0.444	0.282	0.189
0.148	0.480	0.203	0.168
0.055	0.322	0.379	0.244
0.061	0.779	0.095	0.065
0.198	0.306	0.150	0.346
0.171	0.236	0.380	0.213
0.085	0.273	0.417	0.226
0.076	0.343	0.529	0.052
>CBCCCGGG	23-CBCCCGGG	8.289711	0.000000	0	T:169.0(2.85%),B:10069.3(5.82%),P:1e0	Tpos:87.6,Tstd:45.6,Bpos:567.3,Bstd:2666.4,StrandBias:0.0,Multiplicity:1.00
0.001	0.997	0.001	0.001
0.001	0.395	0.302	0.302
0.001	0.997	0.001	0.001
0.001	0.650	0.001	0.348
0.001	0.611	0.387	0.001
0.001	0.193	0.574	0.232
0.001	0.001	0.997	0.001
0.001	0.317	0.681	0.001
>BSSSNSNG	24-BSSSNSNG	4.310734	0.000000	0	T:172.0(2.90%),B:8624.8(4.99%),P:1e0	Tpos:105.1,Tstd:53.8,Bpos:275.0,Bstd:562.3,StrandBias:-0.4,Multiplicity:1.00
0.171	0.290	0.344	0.195
0.001	0.502	0.491	0.006
0.147	0.417	0.286	0.150
0.206	0.444	0.321	0.029
0.220	0.297	0.315	0.167
0.126	0.324	0.364	0.186
0.311	0.198	0.307	0.185
0.001	0.001	0.997	0.001
>CNCDGVGV	25-CNCDGVGV	4.573505	0.000000	0	T:201.0(3.39%),B:9663.2(5.59%),P:1e0	Tpos:133.9,Tstd:30.5,Bpos:1456.6,Bstd:3688.1,StrandBias:0.4,Multiplicity:1.00
0.056	0.652	0.244	0.048
0.222	0.330	0.202	0.247
0.099	0.493	0.319	0.089
0.332	0.172	0.289	0.207
0.091	0.140	0.680	0.089
0.303	0.301	0.327	0.069
0.057	0.347	0.513	0.083
0.232	0.368	0.320	0.080
