>NCCCCCCCCCCC	8-NCCCCCCCCCCC	3.576478	-330.876297	0	T:5041.0(84.97%),B:121312.7(70.56%),P:1e-143
0.238	0.270	0.272	0.220
0.237	0.405	0.210	0.148
0.108	0.589	0.126	0.177
0.087	0.629	0.103	0.181
0.117	0.565	0.119	0.199
0.081	0.593	0.154	0.172
0.083	0.569	0.173	0.175
0.133	0.628	0.084	0.155
0.100	0.566	0.141	0.193
0.090	0.618	0.156	0.136
0.135	0.536	0.163	0.166
0.216	0.380	0.175	0.228
