>CCACCAGGKGGC	3-CCACCAGGKGGC,BestGuess:BORIS(Zf)/K562-CTCFL-ChIP-Seq(GSE32465)/Homer(0.923)	2.822345	-474.422013	0	T:4776.0(80.50%),B:106225.8(61.78%),P:1e-206
0.043	0.825	0.023	0.109
0.033	0.965	0.001	0.001
0.852	0.052	0.087	0.009
0.074	0.636	0.258	0.032
0.241	0.482	0.044	0.233
0.808	0.017	0.011	0.164
0.172	0.011	0.816	0.001
0.240	0.040	0.713	0.007
0.060	0.070	0.445	0.425
0.011	0.009	0.959	0.021
0.048	0.019	0.871	0.062
0.207	0.693	0.023	0.077
