>NNNSCACGTGBN	1-NNNSCACGTGBN	5.665471	-3324.931174	0	T:3687.0(62.14%),B:25252.6(14.69%),P:1e-1443
0.219	0.271	0.275	0.235
0.255	0.228	0.296	0.221
0.290	0.253	0.284	0.173
0.226	0.430	0.299	0.045
0.071	0.875	0.028	0.026
0.856	0.045	0.002	0.097
0.030	0.664	0.042	0.264
0.141	0.032	0.804	0.023
0.087	0.013	0.038	0.862
0.030	0.029	0.862	0.079
0.036	0.354	0.344	0.266
0.189	0.273	0.238	0.299
