>BTGGRAACTTCT	25-BTGGRAACTTCT,BestGuess:RELA/MA0107.1/Jaspar(0.695)	-18.616781	0.000000	0	T:5933.0(100.00%),B:171930.0(100.00%),P:1e0
0.054	0.375	0.294	0.277
0.275	0.081	0.186	0.459
0.277	0.001	0.709	0.013
0.229	0.001	0.628	0.142
0.531	0.001	0.455	0.013
0.542	0.234	0.189	0.035
0.553	0.075	0.135	0.237
0.121	0.505	0.239	0.135
0.055	0.223	0.245	0.478
0.001	0.318	0.188	0.492
0.159	0.606	0.036	0.199
0.170	0.288	0.064	0.477
