>GAGGAAGTGAAA	6-GAGGAAGTGAAA	2.711019	-376.351674	0	T:3994.0(67.32%),B:85069.3(49.48%),P:1e-163
0.258	0.131	0.557	0.054
0.475	0.180	0.320	0.026
0.178	0.010	0.767	0.045
0.012	0.001	0.986	0.001
0.969	0.007	0.007	0.017
0.934	0.001	0.001	0.064
0.066	0.305	0.565	0.064
0.023	0.001	0.009	0.967
0.126	0.027	0.835	0.012
0.765	0.150	0.059	0.026
0.679	0.076	0.162	0.083
0.799	0.007	0.124	0.070
