>NNSARRNCCTGG	13-CCAGGNYYTSNN	1.551872	-71.951148	0	T:5933.0(100.00%),B:169821.8(98.77%),P:1e-31
0.256	0.250	0.212	0.282
0.271	0.208	0.215	0.306
0.210	0.391	0.354	0.045
0.580	0.051	0.065	0.304
0.349	0.040	0.419	0.192
0.306	0.212	0.453	0.029
0.287	0.263	0.248	0.202
0.037	0.536	0.230	0.197
0.244	0.457	0.029	0.270
0.068	0.016	0.026	0.890
0.053	0.016	0.872	0.059
0.141	0.148	0.562	0.149
