>NACGCACGCACB	10-NACGCACGCACB	3.713530	-325.134246	0	T:5025.0(84.70%),B:120987.8(70.37%),P:1e-141
0.217	0.321	0.287	0.175
0.595	0.159	0.123	0.123
0.150	0.544	0.198	0.108
0.022	0.147	0.726	0.105
0.098	0.682	0.136	0.084
0.568	0.174	0.129	0.129
0.125	0.552	0.206	0.117
0.010	0.133	0.766	0.091
0.086	0.693	0.146	0.075
0.560	0.155	0.132	0.153
0.115	0.622	0.162	0.101
0.083	0.284	0.371	0.262
