>SSSGCGSCSVSS	12-SSSGCGSCSVSS,BestGuess:ZBTB14/MA1650.1/Jaspar(0.605)	2.127341	-220.033933	0	T:5515.0(92.95%),B:144119.6(83.82%),P:1e-95
0.050	0.479	0.436	0.035
0.048	0.418	0.335	0.198
0.031	0.475	0.450	0.044
0.045	0.352	0.520	0.083
0.164	0.522	0.259	0.055
0.057	0.340	0.569	0.034
0.069	0.380	0.487	0.064
0.359	0.555	0.039	0.047
0.106	0.384	0.509	0.001
0.281	0.332	0.316	0.072
0.068	0.412	0.495	0.025
0.112	0.409	0.437	0.042
