>SSBSGSCGCSSS	12-SSSGCGSCSVSS	2.127341	-220.033933	0	T:5515.0(92.95%),B:144119.6(83.82%),P:1e-95
0.042	0.437	0.409	0.112
0.025	0.495	0.412	0.068
0.072	0.316	0.332	0.281
0.001	0.509	0.384	0.106
0.047	0.039	0.555	0.359
0.064	0.487	0.380	0.069
0.034	0.569	0.340	0.057
0.055	0.259	0.522	0.164
0.083	0.520	0.352	0.045
0.044	0.450	0.475	0.031
0.198	0.335	0.418	0.048
0.035	0.436	0.479	0.050
