>AAAAAAAAAAAA	11-AAAAAAAAAAAA	1.524920	-259.321364	0	T:4651.0(78.39%),B:111227.2(64.69%),P:1e-112
0.600	0.083	0.193	0.124
0.660	0.075	0.138	0.127
0.665	0.083	0.130	0.122
0.686	0.070	0.126	0.118
0.662	0.074	0.138	0.126
0.671	0.071	0.136	0.122
0.662	0.083	0.138	0.117
0.618	0.064	0.211	0.107
0.617	0.082	0.199	0.102
0.652	0.098	0.134	0.116
0.666	0.088	0.126	0.120
0.498	0.077	0.226	0.199
