>AGAAGTTYCCAV	25-BTGGRAACTTCT	-18.616781	0.000000	0	T:5933.0(100.00%),B:171930.0(100.00%),P:1e0
0.477	0.064	0.288	0.170
0.199	0.036	0.606	0.159
0.492	0.188	0.318	0.001
0.478	0.245	0.223	0.055
0.135	0.239	0.505	0.121
0.237	0.135	0.075	0.553
0.035	0.189	0.234	0.542
0.013	0.455	0.001	0.531
0.142	0.628	0.001	0.229
0.013	0.709	0.001	0.277
0.459	0.186	0.081	0.275
0.277	0.294	0.375	0.054
