>GCCMCCTGGTGG	3-CCACCAGGKGGC	2.822345	-474.422013	0	T:4776.0(80.50%),B:106225.8(61.78%),P:1e-206
0.077	0.023	0.693	0.207
0.062	0.871	0.019	0.048
0.021	0.959	0.009	0.011
0.425	0.445	0.070	0.060
0.007	0.713	0.040	0.240
0.001	0.816	0.011	0.172
0.164	0.011	0.017	0.808
0.233	0.044	0.482	0.241
0.032	0.258	0.636	0.074
0.009	0.087	0.052	0.852
0.001	0.001	0.965	0.033
0.109	0.023	0.825	0.043
