# universalmotif version 1.4.6

---
name: motif1_Reduced50
alphabet: DNA
type: PPM
icscore: 13.27
nsites: 1097
pseudocount: 0.3333333
bkg:
  A: 0.2740777
  C: 0.2257795
  G: 0.2258661
  T: 0.2742767
  AA: 0.0865103
  AC: 0.0500859
  AG: 0.0716263
  AT: 0.065725
  CA: 0.0720356
  CC: 0.0630787
  CG: 0.0190438
  CT: 0.0717093
  GA: 0.060255
  GC: 0.05251
  GG: 0.0631446
  GT: 0.0500351
  TA: 0.0551315
  TC: 0.0602242
  TG: 0.0721309
  TT: 0.0867538
consensus: VCCACGTG
strand: +-
pval: 1.2140144e-277
qval: 1.2140144e-277
eval: 2.4280287e-277
extrainfo:
- target:1394/886/7256,bkg:118/78/7256,score:4616.34129949067
motif:
- 2.981e-01 2.507e-01 3.026e-01 1.486e-01
- 0.000e+00 8.578e-01 1.422e-01 0.000e+00
- 0.000e+00 1.000e+00 0.000e+00 0.000e+00
- 1.000e+00 0.000e+00 0.000e+00 0.000e+00
- 0.000e+00 1.000e+00 0.000e+00 0.000e+00
- 0.000e+00 0.000e+00 1.000e+00 0.000e+00
- 0.000e+00 0.000e+00 0.000e+00 1.000e+00
- 0.000e+00 0.000e+00 1.000e+00 0.000e+00

