>NNVCACGTGB	1-NNVCACGTGB	5.539172	-1144.279081	0	T:3562.0(49.09%),B:40349.7(22.78%),P:1e-496	Tpos:51.1,Tstd:22.1,Bpos:2485.7,Bstd:8675.7,StrandBias:0.0,Multiplicity:1.14
0.242	0.265	0.222	0.271
0.319	0.206	0.263	0.213
0.246	0.332	0.269	0.153
0.055	0.933	0.007	0.005
0.722	0.005	0.159	0.114
0.004	0.726	0.002	0.268
0.281	0.001	0.712	0.006
0.117	0.165	0.007	0.711
0.001	0.003	0.958	0.038
0.118	0.278	0.338	0.267
>GGAAGTGAAA	2-GGAAGTGAAA	10.983620	-64.315192	0	T:79.0(1.09%),B:372.7(0.21%),P:1e-27	Tpos:50.5,Tstd:27.6,Bpos:4762.0,Bstd:9660.1,StrandBias:0.2,Multiplicity:1.00
0.062	0.015	0.903	0.020
0.121	0.029	0.837	0.013
0.952	0.011	0.027	0.010
0.911	0.019	0.026	0.044
0.063	0.337	0.584	0.016
0.048	0.209	0.001	0.742
0.060	0.024	0.890	0.026
0.770	0.079	0.130	0.021
0.652	0.066	0.207	0.075
0.767	0.047	0.095	0.091
>GMGGAAGTGA	3-GMGGAAGTGA	7.907071	-55.499354	0	T:530.0(7.30%),B:8019.5(4.53%),P:1e-24	Tpos:49.6,Tstd:27.5,Bpos:1855.2,Bstd:6322.4,StrandBias:0.3,Multiplicity:1.04
0.193	0.303	0.483	0.021
0.425	0.381	0.155	0.039
0.087	0.014	0.875	0.024
0.072	0.052	0.867	0.009
0.968	0.023	0.002	0.007
0.922	0.003	0.001	0.074
0.124	0.145	0.713	0.018
0.050	0.198	0.079	0.673
0.234	0.158	0.491	0.116
0.393	0.209	0.231	0.166
>ASTTCCKSTT	4-ASTTCCKSTT	7.623209	-44.246904	0	T:157.0(2.16%),B:1645.8(0.93%),P:1e-19	Tpos:51.2,Tstd:26.4,Bpos:3059.3,Bstd:9067.9,StrandBias:-0.2,Multiplicity:1.02
0.521	0.077	0.289	0.113
0.007	0.465	0.354	0.173
0.048	0.003	0.008	0.941
0.028	0.008	0.053	0.911
0.002	0.694	0.001	0.303
0.001	0.824	0.002	0.173
0.187	0.183	0.388	0.242
0.070	0.399	0.340	0.191
0.178	0.212	0.151	0.459
0.201	0.189	0.120	0.490
>RCTTCCGBTT	5-RCTTCCGBTT	7.291346	-39.340311	0	T:425.0(5.86%),B:6648.0(3.75%),P:1e-17	Tpos:51.8,Tstd:27.5,Bpos:7767.1,Bstd:33743.8,StrandBias:0.4,Multiplicity:1.03
0.444	0.066	0.373	0.116
0.001	0.504	0.308	0.187
0.076	0.001	0.001	0.922
0.133	0.001	0.001	0.865
0.001	0.760	0.217	0.022
0.001	0.788	0.001	0.210
0.001	0.176	0.517	0.306
0.001	0.364	0.380	0.255
0.217	0.001	0.186	0.596
0.220	0.183	0.156	0.441
>VNVBCACGYG	6-VNVBCACGYG	6.171245	-39.192169	0	T:214.0(2.95%),B:2709.4(1.53%),P:1e-17	Tpos:53.8,Tstd:25.1,Bpos:296.1,Bstd:950.9,StrandBias:0.5,Multiplicity:1.00
0.354	0.282	0.219	0.145
0.258	0.245	0.293	0.204
0.246	0.261	0.395	0.098
0.188	0.343	0.265	0.204
0.192	0.702	0.071	0.035
0.480	0.001	0.320	0.198
0.019	0.752	0.001	0.228
0.291	0.004	0.690	0.015
0.159	0.439	0.001	0.400
0.139	0.153	0.608	0.100
>GTTTCACTTC	7-GTTTCACTTC	11.183743	-31.729066	0	T:30.0(0.41%),B:107.3(0.06%),P:1e-13	Tpos:37.0,Tstd:24.6,Bpos:4062.6,Bstd:8678.3,StrandBias:0.0,Multiplicity:1.00
0.172	0.182	0.439	0.207
0.012	0.042	0.001	0.945
0.055	0.095	0.021	0.829
0.050	0.127	0.019	0.804
0.012	0.895	0.058	0.035
0.736	0.001	0.130	0.133
0.016	0.651	0.272	0.061
0.009	0.001	0.044	0.946
0.060	0.055	0.001	0.884
0.011	0.692	0.118	0.179
>RRSCGGAART	8-RRSCGGAART	6.898377	-24.076971	0	T:342.0(4.71%),B:5723.9(3.23%),P:1e-10	Tpos:49.2,Tstd:27.2,Bpos:846.7,Bstd:3133.4,StrandBias:0.0,Multiplicity:1.03
0.362	0.175	0.260	0.203
0.346	0.178	0.312	0.164
0.180	0.302	0.381	0.138
0.267	0.519	0.168	0.046
0.160	0.001	0.838	0.001
0.196	0.046	0.757	0.001
0.946	0.001	0.001	0.052
0.885	0.005	0.001	0.109
0.266	0.210	0.411	0.113
0.155	0.285	0.125	0.436
>CTTCCGSTTY	9-CTTCCGSTTY	8.110898	-19.927624	0	T:160.0(2.21%),B:2335.7(1.32%),P:1e-8	Tpos:52.2,Tstd:27.2,Bpos:2364.7,Bstd:7964.7,StrandBias:0.9,Multiplicity:1.00
0.009	0.521	0.310	0.160
0.001	0.001	0.001	0.997
0.001	0.001	0.026	0.972
0.011	0.711	0.043	0.235
0.001	0.899	0.001	0.099
0.147	0.071	0.524	0.258
0.046	0.426	0.414	0.114
0.156	0.233	0.078	0.533
0.144	0.178	0.146	0.532
0.160	0.272	0.186	0.382
>SSCAYGCGSS	10-SSCAYGCGSS	7.785171	-19.267864	0	T:324.0(4.47%),B:5625.8(3.18%),P:1e-8	Tpos:53.5,Tstd:24.7,Bpos:385.1,Bstd:1169.4,StrandBias:-0.3,Multiplicity:1.00
0.218	0.369	0.315	0.098
0.174	0.347	0.391	0.088
0.001	0.997	0.001	0.001
0.997	0.001	0.001	0.001
0.001	0.557	0.001	0.441
0.132	0.001	0.866	0.001
0.213	0.699	0.001	0.087
0.043	0.209	0.452	0.295
0.115	0.319	0.395	0.170
0.083	0.407	0.270	0.239
>CRCRTGCBNB	11-CRCRTGCBNB	6.147274	-13.623342	0	T:130.0(1.79%),B:2012.0(1.14%),P:1e-5	Tpos:47.0,Tstd:27.0,Bpos:723.2,Bstd:3584.3,StrandBias:0.7,Multiplicity:1.00
0.255	0.492	0.198	0.054
0.407	0.017	0.381	0.195
0.022	0.831	0.087	0.060
0.433	0.031	0.474	0.061
0.124	0.231	0.036	0.609
0.052	0.092	0.759	0.097
0.061	0.503	0.325	0.111
0.149	0.325	0.258	0.268
0.216	0.271	0.263	0.250
0.135	0.320	0.276	0.269
>CRCRCGCRCG	12-CRCRCGCRCG	8.279020	-7.037821	0	T:102.0(1.41%),B:1778.3(1.00%),P:1e-3	Tpos:51.1,Tstd:23.6,Bpos:297.6,Bstd:661.8,StrandBias:-0.5,Multiplicity:1.10
0.218	0.779	0.002	0.001
0.319	0.117	0.371	0.193
0.164	0.571	0.180	0.085
0.460	0.001	0.538	0.001
0.228	0.532	0.001	0.239
0.324	0.001	0.635	0.040
0.109	0.738	0.020	0.133
0.553	0.001	0.445	0.001
0.001	0.711	0.001	0.287
0.271	0.016	0.505	0.208
>VVGCAYGCKB	13-VVGCAYGCKB	8.397124	-4.427126	0	T:216.0(2.98%),B:4489.6(2.53%),P:1e-1	Tpos:46.8,Tstd:26.9,Bpos:352.9,Bstd:1532.8,StrandBias:0.3,Multiplicity:1.02
0.268	0.254	0.348	0.130
0.397	0.343	0.248	0.013
0.226	0.182	0.479	0.114
0.001	0.997	0.001	0.001
0.993	0.001	0.001	0.005
0.007	0.568	0.001	0.424
0.001	0.001	0.997	0.001
0.022	0.976	0.001	0.001
0.004	0.211	0.437	0.348
0.112	0.358	0.314	0.215
>NAADSNGGAA	14-NAADSNGGAA	6.559579	-3.933047	0	T:62.0(0.85%),B:1137.1(0.64%),P:1e-1	Tpos:42.1,Tstd:25.3,Bpos:4232.0,Bstd:9088.1,StrandBias:-0.2,Multiplicity:1.00
0.301	0.218	0.294	0.187
0.490	0.010	0.239	0.260
0.497	0.117	0.169	0.217
0.365	0.167	0.240	0.229
0.228	0.314	0.456	0.002
0.201	0.303	0.304	0.192
0.024	0.223	0.688	0.065
0.337	0.003	0.659	0.001
0.698	0.281	0.001	0.020
0.833	0.003	0.083	0.081
>DYGYGYGTGY	15-DYGYGYGTGY	7.327553	-2.991848	0	T:105.0(1.45%),B:2160.2(1.22%),P:1e-1	Tpos:51.5,Tstd:24.2,Bpos:356.0,Bstd:1125.4,StrandBias:0.7,Multiplicity:1.04
0.243	0.169	0.322	0.265
0.168	0.368	0.206	0.257
0.157	0.149	0.480	0.213
0.113	0.431	0.036	0.419
0.001	0.001	0.997	0.001
0.001	0.512	0.029	0.458
0.001	0.132	0.657	0.210
0.067	0.364	0.001	0.568
0.054	0.001	0.944	0.001
0.143	0.368	0.207	0.283
>NGCGYGCGTG	16-NGCGYGCGTG	7.125674	-2.541963	0	T:27.0(0.37%),B:485.7(0.27%),P:1e-1	Tpos:47.7,Tstd:33.7,Bpos:321.5,Bstd:671.4,StrandBias:-1.0,Multiplicity:1.00
0.204	0.281	0.237	0.278
0.008	0.208	0.565	0.219
0.087	0.467	0.148	0.298
0.276	0.078	0.513	0.133
0.227	0.317	0.031	0.425
0.090	0.003	0.894	0.013
0.041	0.523	0.093	0.343
0.292	0.073	0.460	0.175
0.034	0.276	0.063	0.627
0.047	0.207	0.544	0.202
>CCGCCATATT	17-CCGCCATATT	10.485670	-1.460983	0	T:93.0(1.28%),B:2091.8(1.18%),P:1e0	Tpos:49.9,Tstd:27.2,Bpos:444.0,Bstd:1941.8,StrandBias:-0.1,Multiplicity:1.01
0.124	0.767	0.055	0.054
0.223	0.577	0.112	0.088
0.001	0.024	0.974	0.001
0.017	0.981	0.001	0.001
0.062	0.826	0.002	0.110
0.896	0.094	0.001	0.009
0.001	0.001	0.001	0.997
0.406	0.174	0.176	0.244
0.082	0.124	0.040	0.754
0.020	0.023	0.123	0.834
>RVGCAYGCGG	18-RVGCAYGCGG	9.616171	-1.295558	0	T:49.0(0.68%),B:1086.1(0.61%),P:1e0	Tpos:72.0,Tstd:15.1,Bpos:214.8,Bstd:669.4,StrandBias:-1.6,Multiplicity:1.00
0.399	0.171	0.429	0.001
0.258	0.251	0.383	0.108
0.001	0.350	0.648	0.001
0.001	0.997	0.001	0.001
0.997	0.001	0.001	0.001
0.001	0.546	0.001	0.452
0.001	0.001	0.997	0.001
0.284	0.714	0.001	0.001
0.001	0.247	0.510	0.242
0.001	0.053	0.824	0.122
>NNVNCACGCG	19-NNVNCACGCG	6.576220	-1.201816	0	T:22.0(0.30%),B:470.0(0.27%),P:1e0	Tpos:41.4,Tstd:33.6,Bpos:296.2,Bstd:401.9,StrandBias:0.6,Multiplicity:1.00
0.261	0.248	0.289	0.202
0.273	0.220	0.268	0.239
0.290	0.292	0.278	0.139
0.230	0.282	0.279	0.210
0.001	0.997	0.001	0.001
0.806	0.001	0.001	0.192
0.001	0.582	0.001	0.416
0.260	0.001	0.738	0.001
0.347	0.651	0.001	0.001
0.128	0.164	0.474	0.235
>NACGCCACGN	20-NACGCCACGN	6.628572	-1.092386	0	T:10.0(0.14%),B:204.5(0.12%),P:1e0	Tpos:54.3,Tstd:29.8,Bpos:402.0,Bstd:1369.4,StrandBias:-1.2,Multiplicity:1.25
0.230	0.291	0.245	0.234
0.580	0.135	0.146	0.139
0.166	0.537	0.135	0.162
0.165	0.140	0.557	0.138
0.154	0.543	0.146	0.157
0.149	0.542	0.162	0.147
0.564	0.137	0.152	0.147
0.146	0.557	0.138	0.159
0.159	0.142	0.550	0.149
0.238	0.281	0.210	0.272
>BRCCGCATGC	21-BRCCGCATGC	8.015124	-0.947322	0	T:13.0(0.18%),B:284.5(0.16%),P:1e0	Tpos:53.7,Tstd:22.4,Bpos:895.1,Bstd:2636.3,StrandBias:0.3,Multiplicity:1.00
0.135	0.363	0.218	0.284
0.484	0.088	0.378	0.050
0.163	0.548	0.236	0.053
0.183	0.488	0.201	0.128
0.199	0.004	0.500	0.297
0.029	0.930	0.001	0.040
0.787	0.003	0.185	0.025
0.061	0.296	0.011	0.632
0.028	0.001	0.945	0.026
0.119	0.468	0.177	0.235
>GYGYGTGYGB	22-GYGYGTGYGB	6.986750	-0.266217	0	T:29.0(0.40%),B:800.7(0.45%),P:1e0	Tpos:53.7,Tstd:25.0,Bpos:439.3,Bstd:1376.8,StrandBias:0.6,Multiplicity:1.11
0.134	0.150	0.571	0.145
0.116	0.414	0.115	0.354
0.073	0.117	0.629	0.181
0.033	0.459	0.041	0.468
0.091	0.075	0.706	0.128
0.071	0.352	0.030	0.547
0.114	0.126	0.564	0.196
0.129	0.439	0.087	0.345
0.235	0.045	0.443	0.277
0.149	0.236	0.258	0.357
>GCGCATGCGC	23-GCGCATGCGC	8.749304	-0.146261	0	T:35.0(0.48%),B:1016.6(0.57%),P:1e0	Tpos:51.4,Tstd:29.0,Bpos:297.2,Bstd:801.1,StrandBias:0.0,Multiplicity:1.00
0.172	0.127	0.573	0.128
0.138	0.607	0.122	0.133
0.134	0.126	0.595	0.145
0.126	0.640	0.103	0.131
0.604	0.081	0.168	0.147
0.151	0.185	0.084	0.580
0.144	0.112	0.621	0.123
0.122	0.632	0.101	0.145
0.127	0.145	0.594	0.134
0.148	0.556	0.161	0.135
>DCRCRCRCRC	24-DCRCRCRCRC	8.233903	-0.114158	0	T:38.0(0.52%),B:1120.3(0.63%),P:1e0	Tpos:51.8,Tstd:25.7,Bpos:335.0,Bstd:1197.6,StrandBias:0.5,Multiplicity:1.00
0.371	0.046	0.326	0.258
0.043	0.955	0.001	0.001
0.415	0.001	0.514	0.070
0.094	0.567	0.001	0.338
0.444	0.001	0.535	0.020
0.001	0.997	0.001	0.001
0.476	0.001	0.522	0.001
0.085	0.741	0.001	0.173
0.309	0.169	0.352	0.170
0.148	0.479	0.261	0.112
>CGCRTGCGCG	25-CGCRTGCGCG	10.238586	-0.066708	0	T:25.0(0.34%),B:808.7(0.46%),P:1e0	Tpos:48.7,Tstd:24.7,Bpos:316.5,Bstd:930.8,StrandBias:-0.4,Multiplicity:1.04
0.046	0.842	0.062	0.050
0.291	0.008	0.623	0.078
0.006	0.897	0.001	0.096
0.541	0.001	0.430	0.028
0.011	0.314	0.001	0.674
0.001	0.001	0.996	0.002
0.034	0.874	0.049	0.043
0.154	0.084	0.582	0.180
0.067	0.741	0.110	0.082
0.228	0.186	0.414	0.171
