>NNVCACGTGB	1-NNVCACGTGB	5.539172	-1144.279081	0	T:3562.0(49.09%),B:40349.7(22.78%),P:1e-496	Tpos:51.1,Tstd:22.1,Bpos:2485.7,Bstd:8675.7,StrandBias:0.0,Multiplicity:1.14
0.242	0.265	0.222	0.271
0.319	0.206	0.263	0.213
0.246	0.332	0.269	0.153
0.055	0.933	0.007	0.005
0.722	0.005	0.159	0.114
0.004	0.726	0.002	0.268
0.281	0.001	0.712	0.006
0.117	0.165	0.007	0.711
0.001	0.003	0.958	0.038
0.118	0.278	0.338	0.267
>GGAAGTGAAA	2-GGAAGTGAAA	10.983620	-64.315192	0	T:79.0(1.09%),B:372.7(0.21%),P:1e-27	Tpos:50.5,Tstd:27.6,Bpos:4762.0,Bstd:9660.1,StrandBias:0.2,Multiplicity:1.00
0.062	0.015	0.903	0.020
0.121	0.029	0.837	0.013
0.952	0.011	0.027	0.010
0.911	0.019	0.026	0.044
0.063	0.337	0.584	0.016
0.048	0.209	0.001	0.742
0.060	0.024	0.890	0.026
0.770	0.079	0.130	0.021
0.652	0.066	0.207	0.075
0.767	0.047	0.095	0.091
>GMGGAAGTGA	3-GMGGAAGTGA	7.907071	-55.499354	0	T:530.0(7.30%),B:8019.5(4.53%),P:1e-24	Tpos:49.6,Tstd:27.5,Bpos:1855.2,Bstd:6322.4,StrandBias:0.3,Multiplicity:1.04
0.193	0.303	0.483	0.021
0.425	0.381	0.155	0.039
0.087	0.014	0.875	0.024
0.072	0.052	0.867	0.009
0.968	0.023	0.002	0.007
0.922	0.003	0.001	0.074
0.124	0.145	0.713	0.018
0.050	0.198	0.079	0.673
0.234	0.158	0.491	0.116
0.393	0.209	0.231	0.166
>ASTTCCKSTT	4-ASTTCCKSTT	7.623209	-44.246904	0	T:157.0(2.16%),B:1645.8(0.93%),P:1e-19	Tpos:51.2,Tstd:26.4,Bpos:3059.3,Bstd:9067.9,StrandBias:-0.2,Multiplicity:1.02
0.521	0.077	0.289	0.113
0.007	0.465	0.354	0.173
0.048	0.003	0.008	0.941
0.028	0.008	0.053	0.911
0.002	0.694	0.001	0.303
0.001	0.824	0.002	0.173
0.187	0.183	0.388	0.242
0.070	0.399	0.340	0.191
0.178	0.212	0.151	0.459
0.201	0.189	0.120	0.490
>RCTTCCGBTT	5-RCTTCCGBTT	7.291346	-39.340311	0	T:425.0(5.86%),B:6648.0(3.75%),P:1e-17	Tpos:51.8,Tstd:27.5,Bpos:7767.1,Bstd:33743.8,StrandBias:0.4,Multiplicity:1.03
0.444	0.066	0.373	0.116
0.001	0.504	0.308	0.187
0.076	0.001	0.001	0.922
0.133	0.001	0.001	0.865
0.001	0.760	0.217	0.022
0.001	0.788	0.001	0.210
0.001	0.176	0.517	0.306
0.001	0.364	0.380	0.255
0.217	0.001	0.186	0.596
0.220	0.183	0.156	0.441
>VNVBCACGYG	6-VNVBCACGYG	6.171245	-39.192169	0	T:214.0(2.95%),B:2709.4(1.53%),P:1e-17	Tpos:53.8,Tstd:25.1,Bpos:296.1,Bstd:950.9,StrandBias:0.5,Multiplicity:1.00
0.354	0.282	0.219	0.145
0.258	0.245	0.293	0.204
0.246	0.261	0.395	0.098
0.188	0.343	0.265	0.204
0.192	0.702	0.071	0.035
0.480	0.001	0.320	0.198
0.019	0.752	0.001	0.228
0.291	0.004	0.690	0.015
0.159	0.439	0.001	0.400
0.139	0.153	0.608	0.100
>GTTTCACTTC	7-GTTTCACTTC	11.183743	-31.729066	0	T:30.0(0.41%),B:107.3(0.06%),P:1e-13	Tpos:37.0,Tstd:24.6,Bpos:4062.6,Bstd:8678.3,StrandBias:0.0,Multiplicity:1.00
0.172	0.182	0.439	0.207
0.012	0.042	0.001	0.945
0.055	0.095	0.021	0.829
0.050	0.127	0.019	0.804
0.012	0.895	0.058	0.035
0.736	0.001	0.130	0.133
0.016	0.651	0.272	0.061
0.009	0.001	0.044	0.946
0.060	0.055	0.001	0.884
0.011	0.692	0.118	0.179
>RRSCGGAART	8-RRSCGGAART	6.898377	-24.076971	0	T:342.0(4.71%),B:5723.9(3.23%),P:1e-10	Tpos:49.2,Tstd:27.2,Bpos:846.7,Bstd:3133.4,StrandBias:0.0,Multiplicity:1.03
0.362	0.175	0.260	0.203
0.346	0.178	0.312	0.164
0.180	0.302	0.381	0.138
0.267	0.519	0.168	0.046
0.160	0.001	0.838	0.001
0.196	0.046	0.757	0.001
0.946	0.001	0.001	0.052
0.885	0.005	0.001	0.109
0.266	0.210	0.411	0.113
0.155	0.285	0.125	0.436
>CTTCCGSTTY	9-CTTCCGSTTY	8.110898	-19.927624	0	T:160.0(2.21%),B:2335.7(1.32%),P:1e-8	Tpos:52.2,Tstd:27.2,Bpos:2364.7,Bstd:7964.7,StrandBias:0.9,Multiplicity:1.00
0.009	0.521	0.310	0.160
0.001	0.001	0.001	0.997
0.001	0.001	0.026	0.972
0.011	0.711	0.043	0.235
0.001	0.899	0.001	0.099
0.147	0.071	0.524	0.258
0.046	0.426	0.414	0.114
0.156	0.233	0.078	0.533
0.144	0.178	0.146	0.532
0.160	0.272	0.186	0.382
>SSCAYGCGSS	10-SSCAYGCGSS	7.785171	-19.267864	0	T:324.0(4.47%),B:5625.8(3.18%),P:1e-8	Tpos:53.5,Tstd:24.7,Bpos:385.1,Bstd:1169.4,StrandBias:-0.3,Multiplicity:1.00
0.218	0.369	0.315	0.098
0.174	0.347	0.391	0.088
0.001	0.997	0.001	0.001
0.997	0.001	0.001	0.001
0.001	0.557	0.001	0.441
0.132	0.001	0.866	0.001
0.213	0.699	0.001	0.087
0.043	0.209	0.452	0.295
0.115	0.319	0.395	0.170
0.083	0.407	0.270	0.239
>CRCRTGCBNB	11-CRCRTGCBNB	6.147274	-13.623342	0	T:130.0(1.79%),B:2012.0(1.14%),P:1e-5	Tpos:47.0,Tstd:27.0,Bpos:723.2,Bstd:3584.3,StrandBias:0.7,Multiplicity:1.00
0.255	0.492	0.198	0.054
0.407	0.017	0.381	0.195
0.022	0.831	0.087	0.060
0.433	0.031	0.474	0.061
0.124	0.231	0.036	0.609
0.052	0.092	0.759	0.097
0.061	0.503	0.325	0.111
0.149	0.325	0.258	0.268
0.216	0.271	0.263	0.250
0.135	0.320	0.276	0.269
>CRCRCGCRCG	12-CRCRCGCRCG	8.279020	-7.037821	0	T:102.0(1.41%),B:1778.3(1.00%),P:1e-3	Tpos:51.1,Tstd:23.6,Bpos:297.6,Bstd:661.8,StrandBias:-0.5,Multiplicity:1.10
0.218	0.779	0.002	0.001
0.319	0.117	0.371	0.193
0.164	0.571	0.180	0.085
0.460	0.001	0.538	0.001
0.228	0.532	0.001	0.239
0.324	0.001	0.635	0.040
0.109	0.738	0.020	0.133
0.553	0.001	0.445	0.001
0.001	0.711	0.001	0.287
0.271	0.016	0.505	0.208
>VVGCAYGCKB	13-VVGCAYGCKB	8.397124	-4.427126	0	T:216.0(2.98%),B:4489.6(2.53%),P:1e-1	Tpos:46.8,Tstd:26.9,Bpos:352.9,Bstd:1532.8,StrandBias:0.3,Multiplicity:1.02
0.268	0.254	0.348	0.130
0.397	0.343	0.248	0.013
0.226	0.182	0.479	0.114
0.001	0.997	0.001	0.001
0.993	0.001	0.001	0.005
0.007	0.568	0.001	0.424
0.001	0.001	0.997	0.001
0.022	0.976	0.001	0.001
0.004	0.211	0.437	0.348
0.112	0.358	0.314	0.215
>NAADSNGGAA	14-NAADSNGGAA	6.559579	-3.933047	0	T:62.0(0.85%),B:1137.1(0.64%),P:1e-1	Tpos:42.1,Tstd:25.3,Bpos:4232.0,Bstd:9088.1,StrandBias:-0.2,Multiplicity:1.00
0.301	0.218	0.294	0.187
0.490	0.010	0.239	0.260
0.497	0.117	0.169	0.217
0.365	0.167	0.240	0.229
0.228	0.314	0.456	0.002
0.201	0.303	0.304	0.192
0.024	0.223	0.688	0.065
0.337	0.003	0.659	0.001
0.698	0.281	0.001	0.020
0.833	0.003	0.083	0.081
>DYGYGYGTGY	15-DYGYGYGTGY	7.327553	-2.991848	0	T:105.0(1.45%),B:2160.2(1.22%),P:1e-1	Tpos:51.5,Tstd:24.2,Bpos:356.0,Bstd:1125.4,StrandBias:0.7,Multiplicity:1.04
0.243	0.169	0.322	0.265
0.168	0.368	0.206	0.257
0.157	0.149	0.480	0.213
0.113	0.431	0.036	0.419
0.001	0.001	0.997	0.001
0.001	0.512	0.029	0.458
0.001	0.132	0.657	0.210
0.067	0.364	0.001	0.568
0.054	0.001	0.944	0.001
0.143	0.368	0.207	0.283
>NGCGYGCGTG	16-NGCGYGCGTG	7.125674	-2.541963	0	T:27.0(0.37%),B:485.7(0.27%),P:1e-1	Tpos:47.7,Tstd:33.7,Bpos:321.5,Bstd:671.4,StrandBias:-1.0,Multiplicity:1.00
0.204	0.281	0.237	0.278
0.008	0.208	0.565	0.219
0.087	0.467	0.148	0.298
0.276	0.078	0.513	0.133
0.227	0.317	0.031	0.425
0.090	0.003	0.894	0.013
0.041	0.523	0.093	0.343
0.292	0.073	0.460	0.175
0.034	0.276	0.063	0.627
0.047	0.207	0.544	0.202
>CCGCCATATT	17-CCGCCATATT	10.485670	-1.460983	0	T:93.0(1.28%),B:2091.8(1.18%),P:1e0	Tpos:49.9,Tstd:27.2,Bpos:444.0,Bstd:1941.8,StrandBias:-0.1,Multiplicity:1.01
0.124	0.767	0.055	0.054
0.223	0.577	0.112	0.088
0.001	0.024	0.974	0.001
0.017	0.981	0.001	0.001
0.062	0.826	0.002	0.110
0.896	0.094	0.001	0.009
0.001	0.001	0.001	0.997
0.406	0.174	0.176	0.244
0.082	0.124	0.040	0.754
0.020	0.023	0.123	0.834
>RVGCAYGCGG	18-RVGCAYGCGG	9.616171	-1.295558	0	T:49.0(0.68%),B:1086.1(0.61%),P:1e0	Tpos:72.0,Tstd:15.1,Bpos:214.8,Bstd:669.4,StrandBias:-1.6,Multiplicity:1.00
0.399	0.171	0.429	0.001
0.258	0.251	0.383	0.108
0.001	0.350	0.648	0.001
0.001	0.997	0.001	0.001
0.997	0.001	0.001	0.001
0.001	0.546	0.001	0.452
0.001	0.001	0.997	0.001
0.284	0.714	0.001	0.001
0.001	0.247	0.510	0.242
0.001	0.053	0.824	0.122
>NNVNCACGCG	19-NNVNCACGCG	6.576220	-1.201816	0	T:22.0(0.30%),B:470.0(0.27%),P:1e0	Tpos:41.4,Tstd:33.6,Bpos:296.2,Bstd:401.9,StrandBias:0.6,Multiplicity:1.00
0.261	0.248	0.289	0.202
0.273	0.220	0.268	0.239
0.290	0.292	0.278	0.139
0.230	0.282	0.279	0.210
0.001	0.997	0.001	0.001
0.806	0.001	0.001	0.192
0.001	0.582	0.001	0.416
0.260	0.001	0.738	0.001
0.347	0.651	0.001	0.001
0.128	0.164	0.474	0.235
>NACGCCACGN	20-NACGCCACGN	6.628572	-1.092386	0	T:10.0(0.14%),B:204.5(0.12%),P:1e0	Tpos:54.3,Tstd:29.8,Bpos:402.0,Bstd:1369.4,StrandBias:-1.2,Multiplicity:1.25
0.230	0.291	0.245	0.234
0.580	0.135	0.146	0.139
0.166	0.537	0.135	0.162
0.165	0.140	0.557	0.138
0.154	0.543	0.146	0.157
0.149	0.542	0.162	0.147
0.564	0.137	0.152	0.147
0.146	0.557	0.138	0.159
0.159	0.142	0.550	0.149
0.238	0.281	0.210	0.272
>BRCCGCATGC	21-BRCCGCATGC	8.015124	-0.947322	0	T:13.0(0.18%),B:284.5(0.16%),P:1e0	Tpos:53.7,Tstd:22.4,Bpos:895.1,Bstd:2636.3,StrandBias:0.3,Multiplicity:1.00
0.135	0.363	0.218	0.284
0.484	0.088	0.378	0.050
0.163	0.548	0.236	0.053
0.183	0.488	0.201	0.128
0.199	0.004	0.500	0.297
0.029	0.930	0.001	0.040
0.787	0.003	0.185	0.025
0.061	0.296	0.011	0.632
0.028	0.001	0.945	0.026
0.119	0.468	0.177	0.235
>GYGYGTGYGB	22-GYGYGTGYGB	6.986750	-0.266217	0	T:29.0(0.40%),B:800.7(0.45%),P:1e0	Tpos:53.7,Tstd:25.0,Bpos:439.3,Bstd:1376.8,StrandBias:0.6,Multiplicity:1.11
0.134	0.150	0.571	0.145
0.116	0.414	0.115	0.354
0.073	0.117	0.629	0.181
0.033	0.459	0.041	0.468
0.091	0.075	0.706	0.128
0.071	0.352	0.030	0.547
0.114	0.126	0.564	0.196
0.129	0.439	0.087	0.345
0.235	0.045	0.443	0.277
0.149	0.236	0.258	0.357
>GCGCATGCGC	23-GCGCATGCGC	8.749304	-0.146261	0	T:35.0(0.48%),B:1016.6(0.57%),P:1e0	Tpos:51.4,Tstd:29.0,Bpos:297.2,Bstd:801.1,StrandBias:0.0,Multiplicity:1.00
0.172	0.127	0.573	0.128
0.138	0.607	0.122	0.133
0.134	0.126	0.595	0.145
0.126	0.640	0.103	0.131
0.604	0.081	0.168	0.147
0.151	0.185	0.084	0.580
0.144	0.112	0.621	0.123
0.122	0.632	0.101	0.145
0.127	0.145	0.594	0.134
0.148	0.556	0.161	0.135
>DCRCRCRCRC	24-DCRCRCRCRC	8.233903	-0.114158	0	T:38.0(0.52%),B:1120.3(0.63%),P:1e0	Tpos:51.8,Tstd:25.7,Bpos:335.0,Bstd:1197.6,StrandBias:0.5,Multiplicity:1.00
0.371	0.046	0.326	0.258
0.043	0.955	0.001	0.001
0.415	0.001	0.514	0.070
0.094	0.567	0.001	0.338
0.444	0.001	0.535	0.020
0.001	0.997	0.001	0.001
0.476	0.001	0.522	0.001
0.085	0.741	0.001	0.173
0.309	0.169	0.352	0.170
0.148	0.479	0.261	0.112
>CGCRTGCGCG	25-CGCRTGCGCG	10.238586	-0.066708	0	T:25.0(0.34%),B:808.7(0.46%),P:1e0	Tpos:48.7,Tstd:24.7,Bpos:316.5,Bstd:930.8,StrandBias:-0.4,Multiplicity:1.04
0.046	0.842	0.062	0.050
0.291	0.008	0.623	0.078
0.006	0.897	0.001	0.096
0.541	0.001	0.430	0.028
0.011	0.314	0.001	0.674
0.001	0.001	0.996	0.002
0.034	0.874	0.049	0.043
0.154	0.084	0.582	0.180
0.067	0.741	0.110	0.082
0.228	0.186	0.414	0.171
>VSCACGTGSNNN	1-VSCACGTGSNNN	5.868542	-1065.408367	0	T:3503.0(48.28%),B:40587.4(22.92%),P:1e-462	Tpos:51.1,Tstd:21.6,Bpos:1492.5,Bstd:6086.4,StrandBias:-0.0,Multiplicity:1.14
0.288	0.240	0.315	0.156
0.216	0.381	0.327	0.076
0.012	0.986	0.001	0.001
0.720	0.005	0.196	0.079
0.001	0.778	0.001	0.220
0.237	0.001	0.761	0.001
0.096	0.151	0.004	0.749
0.001	0.007	0.985	0.007
0.069	0.340	0.377	0.214
0.165	0.288	0.251	0.297
0.200	0.305	0.247	0.248
0.209	0.291	0.292	0.208
>CACTTCCTCTTT	2-CACTTCCTCTTT	9.178554	-87.774391	0	T:246.0(3.39%),B:2245.7(1.27%),P:1e-38	Tpos:46.3,Tstd:26.0,Bpos:3436.5,Bstd:8850.2,StrandBias:-0.2,Multiplicity:1.02
0.191	0.404	0.155	0.250
0.635	0.057	0.222	0.086
0.001	0.699	0.181	0.119
0.001	0.001	0.001	0.997
0.001	0.001	0.001	0.997
0.001	0.993	0.001	0.005
0.001	0.897	0.001	0.101
0.006	0.222	0.298	0.475
0.013	0.510	0.288	0.189
0.215	0.301	0.021	0.462
0.173	0.209	0.138	0.480
0.184	0.254	0.152	0.410
>AGGAAGTGAAAS	3-AGGAAGTGAAAS	12.082600	-76.731341	0	T:62.0(0.85%),B:166.0(0.09%),P:1e-33	Tpos:50.0,Tstd:27.7,Bpos:3867.5,Bstd:8683.1,StrandBias:0.0,Multiplicity:1.00
0.636	0.154	0.192	0.018
0.078	0.001	0.888	0.033
0.039	0.013	0.947	0.001
0.971	0.013	0.015	0.001
0.985	0.001	0.001	0.013
0.110	0.184	0.705	0.001
0.068	0.066	0.010	0.856
0.065	0.053	0.881	0.001
0.707	0.134	0.142	0.017
0.768	0.080	0.096	0.056
0.849	0.049	0.063	0.039
0.101	0.462	0.322	0.114
>RBTTTCACTTCC	4-RBTTTCACTTCC	10.100096	-64.497697	0	T:117.0(1.61%),B:794.1(0.45%),P:1e-28	Tpos:57.0,Tstd:26.5,Bpos:3855.1,Bstd:10345.0,StrandBias:-0.8,Multiplicity:1.00
0.310	0.132	0.362	0.197
0.166	0.298	0.337	0.199
0.020	0.165	0.024	0.791
0.053	0.173	0.090	0.684
0.001	0.154	0.303	0.542
0.001	0.997	0.001	0.001
0.665	0.028	0.142	0.165
0.001	0.574	0.279	0.146
0.026	0.027	0.001	0.946
0.001	0.001	0.001	0.997
0.001	0.772	0.007	0.220
0.040	0.760	0.001	0.199
>DGAGGAAGTGAR	5-DGAGGAAGTGAR	10.145953	-51.262300	0	T:95.0(1.31%),B:660.9(0.37%),P:1e-22	Tpos:38.1,Tstd:30.6,Bpos:2973.7,Bstd:6846.1,StrandBias:0.2,Multiplicity:1.00
0.381	0.023	0.302	0.294
0.189	0.251	0.548	0.012
0.531	0.275	0.163	0.031
0.072	0.001	0.926	0.001
0.044	0.001	0.954	0.001
0.941	0.057	0.001	0.001
0.997	0.001	0.001	0.001
0.142	0.240	0.617	0.001
0.104	0.159	0.142	0.595
0.253	0.014	0.732	0.001
0.467	0.245	0.270	0.018
0.440	0.152	0.304	0.104
>RCTTCCKCTTYY	6-RCTTCCKCTTYY	8.355856	-48.142089	0	T:266.0(3.67%),B:3373.2(1.90%),P:1e-20	Tpos:50.7,Tstd:26.0,Bpos:2566.2,Bstd:7890.1,StrandBias:0.0,Multiplicity:1.02
0.450	0.104	0.303	0.143
0.019	0.579	0.231	0.171
0.001	0.001	0.001	0.997
0.001	0.001	0.018	0.980
0.001	0.889	0.001	0.109
0.001	0.780	0.005	0.214
0.029	0.251	0.299	0.421
0.038	0.445	0.253	0.264
0.184	0.272	0.103	0.442
0.171	0.220	0.133	0.476
0.154	0.301	0.153	0.391
0.109	0.397	0.200	0.294
>AASAGGAASYGR	7-AASAGGAASYGR	10.136750	-28.397515	0	T:36.0(0.50%),B:183.6(0.10%),P:1e-12	Tpos:68.0,Tstd:6.2,Bpos:2896.1,Bstd:3521.8,StrandBias:10.0,Multiplicity:1.00
0.743	0.121	0.104	0.032
0.730	0.079	0.141	0.050
0.166	0.373	0.444	0.017
0.503	0.213	0.100	0.184
0.033	0.001	0.965	0.001
0.336	0.006	0.657	0.001
0.908	0.017	0.074	0.001
0.988	0.003	0.008	0.001
0.144	0.343	0.473	0.040
0.146	0.290	0.190	0.373
0.231	0.163	0.439	0.167
0.382	0.077	0.389	0.152
>CRCTTCCBSTTY	8-CRCTTCCBSTTY	8.909045	-19.055340	0	T:100.0(1.38%),B:1272.9(0.72%),P:1e-8	Tpos:49.2,Tstd:26.0,Bpos:436.3,Bstd:1222.1,StrandBias:0.3,Multiplicity:1.00
0.160	0.419	0.179	0.242
0.415	0.137	0.333	0.115
0.001	0.565	0.245	0.189
0.001	0.002	0.001	0.996
0.001	0.006	0.001	0.992
0.001	0.783	0.005	0.211
0.001	0.890	0.001	0.108
0.138	0.267	0.327	0.268
0.036	0.440	0.324	0.200
0.131	0.307	0.085	0.476
0.132	0.217	0.140	0.511
0.180	0.438	0.004	0.378
>HGYCATGHGSTY	9-HGYCATGHGSTY	10.272961	-17.398287	0	T:36.0(0.50%),B:287.6(0.16%),P:1e-7	Tpos:53.7,Tstd:10.6,Bpos:3581.1,Bstd:7816.2,StrandBias:0.3,Multiplicity:1.00
0.344	0.351	0.001	0.305
0.033	0.057	0.859	0.051
0.025	0.489	0.037	0.449
0.023	0.959	0.017	0.001
0.759	0.093	0.041	0.107
0.065	0.056	0.090	0.789
0.001	0.423	0.575	0.001
0.302	0.272	0.004	0.422
0.202	0.016	0.741	0.041
0.198	0.433	0.368	0.001
0.034	0.075	0.074	0.817
0.043	0.507	0.032	0.418
>AAAGCAGAAGTG	10-AAAGCAGAAGTG	11.822266	-15.018849	0	T:29.0(0.40%),B:223.5(0.13%),P:1e-6	Tpos:49.4,Tstd:26.2,Bpos:4450.7,Bstd:8195.9,StrandBias:-0.1,Multiplicity:1.04
0.830	0.022	0.103	0.045
0.923	0.042	0.034	0.001
0.792	0.017	0.072	0.119
0.079	0.051	0.824	0.046
0.084	0.816	0.088	0.012
0.844	0.056	0.047	0.053
0.072	0.017	0.910	0.001
0.826	0.058	0.071	0.045
0.883	0.051	0.031	0.035
0.060	0.100	0.806	0.034
0.012	0.055	0.062	0.871
0.102	0.118	0.680	0.100
>CAAAAGCAGAAG	11-CAAAAGCAGAAG	11.120139	-14.738623	0	T:50.0(0.69%),B:536.4(0.30%),P:1e-6	Tpos:36.4,Tstd:23.8,Bpos:6249.7,Bstd:13724.6,StrandBias:0.0,Multiplicity:1.00
0.192	0.431	0.238	0.139
0.869	0.001	0.129	0.001
0.645	0.193	0.044	0.118
0.947	0.030	0.022	0.001
0.884	0.028	0.001	0.087
0.047	0.249	0.703	0.001
0.001	0.908	0.090	0.001
0.997	0.001	0.001	0.001
0.023	0.187	0.789	0.001
0.896	0.001	0.001	0.102
0.997	0.001	0.001	0.001
0.001	0.001	0.957	0.041
>TGCCATGTGACT	12-TGCCATGTGACT	10.376654	-13.740064	0	T:29.0(0.40%),B:239.4(0.14%),P:1e-5	Tpos:44.0,Tstd:22.6,Bpos:4013.9,Bstd:7886.9,StrandBias:0.2,Multiplicity:1.00
0.150	0.077	0.206	0.567
0.028	0.127	0.702	0.143
0.085	0.580	0.102	0.233
0.094	0.904	0.001	0.001
0.572	0.152	0.092	0.184
0.092	0.054	0.152	0.702
0.001	0.060	0.934	0.005
0.189	0.023	0.001	0.787
0.001	0.001	0.997	0.001
0.534	0.082	0.310	0.074
0.084	0.663	0.102	0.151
0.088	0.149	0.106	0.657
>TGTCCGCGTGTG	13-TGTCCGCGTGTG	11.047720	-10.879420	0	T:36.0(0.50%),B:390.8(0.22%),P:1e-4	Tpos:54.3,Tstd:28.5,Bpos:1040.4,Bstd:3378.4,StrandBias:0.3,Multiplicity:1.00
0.083	0.087	0.139	0.691
0.001	0.058	0.804	0.137
0.001	0.001	0.001	0.997
0.107	0.755	0.107	0.031
0.096	0.822	0.001	0.081
0.001	0.001	0.997	0.001
0.001	0.752	0.190	0.057
0.001	0.001	0.997	0.001
0.001	0.135	0.102	0.762
0.001	0.001	0.997	0.001
0.148	0.001	0.001	0.850
0.115	0.195	0.633	0.057
>CCACYAGGTGGC	14-CCACYAGGTGGC	13.348386	-10.186620	0	T:9.0(0.12%),B:34.6(0.02%),P:1e-4	Tpos:40.1,Tstd:26.0,Bpos:1718.8,Bstd:2702.1,StrandBias:1.0,Multiplicity:1.00
0.001	0.997	0.001	0.001
0.001	0.997	0.001	0.001
0.684	0.001	0.314	0.001
0.001	0.683	0.315	0.001
0.139	0.368	0.061	0.431
0.859	0.001	0.081	0.059
0.001	0.001	0.997	0.001
0.284	0.001	0.714	0.001
0.001	0.060	0.348	0.591
0.001	0.001	0.997	0.001
0.001	0.001	0.938	0.060
0.001	0.938	0.001	0.060
>SCGGAAGTGVSG	15-SCGGAAGTGVSG	9.968941	-7.234543	0	T:199.0(2.74%),B:3824.0(2.16%),P:1e-3	Tpos:51.0,Tstd:27.8,Bpos:486.7,Bstd:2176.1,StrandBias:0.4,Multiplicity:1.04
0.001	0.552	0.446	0.001
0.383	0.554	0.062	0.001
0.001	0.013	0.977	0.009
0.001	0.001	0.997	0.001
0.983	0.007	0.001	0.009
0.982	0.003	0.001	0.014
0.001	0.099	0.899	0.001
0.054	0.246	0.137	0.563
0.001	0.354	0.527	0.118
0.234	0.256	0.338	0.171
0.182	0.350	0.430	0.038
0.152	0.231	0.389	0.229
>GCGCGCGCACGC	16-GCGCGCGCACGC	14.316668	-5.065513	0	T:21.0(0.29%),B:271.6(0.15%),P:1e-2	Tpos:37.6,Tstd:16.2,Bpos:251.0,Bstd:282.9,StrandBias:2.2,Multiplicity:1.00
0.367	0.001	0.631	0.001
0.001	0.997	0.001	0.001
0.015	0.001	0.983	0.001
0.001	0.997	0.001	0.001
0.328	0.001	0.670	0.001
0.001	0.997	0.001	0.001
0.302	0.001	0.696	0.001
0.001	0.997	0.001	0.001
0.588	0.001	0.410	0.001
0.001	0.997	0.001	0.001
0.409	0.001	0.589	0.001
0.001	0.997	0.001	0.001
>NDGCATGCTBCT	17-NDGCATGCTBCT	9.856852	-4.960037	0	T:25.0(0.34%),B:346.8(0.20%),P:1e-2	Tpos:46.2,Tstd:18.0,Bpos:3089.7,Bstd:7490.8,StrandBias:-1.0,Multiplicity:1.00
0.259	0.325	0.228	0.188
0.343	0.129	0.306	0.222
0.093	0.284	0.488	0.135
0.020	0.978	0.001	0.001
0.952	0.008	0.032	0.008
0.023	0.296	0.014	0.667
0.007	0.014	0.961	0.018
0.010	0.988	0.001	0.001
0.121	0.280	0.100	0.499
0.075	0.234	0.343	0.348
0.008	0.944	0.017	0.031
0.125	0.204	0.141	0.530
>RWGGGGGAGGGG	18-RWGGGGGAGGGG	10.995947	-4.913716	0	T:28.0(0.39%),B:403.7(0.23%),P:1e-2	Tpos:50.0,Tstd:26.9,Bpos:835.3,Bstd:3609.5,StrandBias:-0.2,Multiplicity:1.00
0.235	0.207	0.369	0.189
0.296	0.151	0.185	0.367
0.053	0.016	0.862	0.069
0.098	0.038	0.589	0.275
0.007	0.027	0.955	0.011
0.014	0.006	0.964	0.016
0.258	0.014	0.710	0.018
0.558	0.177	0.041	0.224
0.276	0.006	0.632	0.086
0.017	0.189	0.740	0.054
0.085	0.242	0.611	0.062
0.241	0.060	0.496	0.203
>AAGATGGCGGCC	19-AAGATGGCGGCC	12.136719	-3.574600	0	T:60.0(0.83%),B:1119.5(0.63%),P:1e-1	Tpos:53.0,Tstd:24.2,Bpos:456.7,Bstd:1702.2,StrandBias:0.2,Multiplicity:1.00
0.938	0.060	0.001	0.001
0.674	0.062	0.120	0.144
0.253	0.240	0.506	0.001
0.997	0.001	0.001	0.001
0.001	0.001	0.109	0.889
0.001	0.001	0.997	0.001
0.001	0.001	0.997	0.001
0.001	0.997	0.001	0.001
0.131	0.250	0.498	0.121
0.001	0.001	0.707	0.291
0.001	0.873	0.001	0.125
0.147	0.530	0.155	0.168
>CCASGCCACGCC	20-CCASGCCACGCC	12.741518	-2.977349	0	T:29.0(0.40%),B:503.5(0.28%),P:1e-1	Tpos:51.9,Tstd:27.7,Bpos:253.4,Bstd:598.9,StrandBias:-0.7,Multiplicity:1.03
0.054	0.715	0.230	0.001
0.073	0.684	0.199	0.044
0.485	0.146	0.177	0.192
0.065	0.432	0.502	0.001
0.045	0.175	0.745	0.035
0.001	0.959	0.001	0.039
0.001	0.997	0.001	0.001
0.957	0.001	0.041	0.001
0.001	0.970	0.028	0.001
0.001	0.010	0.975	0.014
0.001	0.997	0.001	0.001
0.001	0.781	0.001	0.217
>DVVGCCATGCKN	21-DVVGCCATGCKN	8.598773	-2.873791	0	T:64.0(0.88%),B:1260.3(0.71%),P:1e-1	Tpos:49.8,Tstd:20.6,Bpos:507.4,Bstd:1847.1,StrandBias:-0.4,Multiplicity:1.00
0.257	0.059	0.392	0.292
0.264	0.357	0.361	0.017
0.238	0.347	0.246	0.169
0.042	0.022	0.903	0.033
0.061	0.786	0.116	0.037
0.046	0.855	0.062	0.037
0.824	0.062	0.057	0.057
0.065	0.117	0.067	0.751
0.046	0.257	0.425	0.272
0.125	0.522	0.023	0.330
0.038	0.032	0.538	0.392
0.168	0.311	0.310	0.211
>VCRCRCRCRCAC	22-VCRCRCRCRCAC	10.994023	-2.514697	0	T:47.0(0.65%),B:917.4(0.52%),P:1e-1	Tpos:62.2,Tstd:25.4,Bpos:345.0,Bstd:733.7,StrandBias:0.6,Multiplicity:1.00
0.330	0.223	0.292	0.155
0.019	0.813	0.010	0.158
0.448	0.001	0.508	0.043
0.010	0.896	0.031	0.063
0.464	0.035	0.495	0.006
0.133	0.758	0.070	0.039
0.430	0.035	0.493	0.042
0.023	0.840	0.022	0.115
0.475	0.004	0.486	0.035
0.004	0.881	0.051	0.064
0.697	0.105	0.117	0.081
0.005	0.708	0.269	0.018
>MMGTCGCGTGAS	23-MMGTCGCGTGAS	11.258805	-1.354162	0	T:2.0(0.03%),B:23.4(0.01%),P:1e0	Tpos:56.0,Tstd:6.0,Bpos:738.3,Bstd:2443.2,StrandBias:-10.0,Multiplicity:1.00
0.551	0.427	0.001	0.021
0.438	0.298	0.263	0.001
0.044	0.182	0.773	0.001
0.001	0.188	0.031	0.780
0.001	0.918	0.080	0.001
0.097	0.001	0.901	0.001
0.001	0.997	0.001	0.001
0.024	0.070	0.905	0.001
0.085	0.291	0.147	0.477
0.001	0.094	0.869	0.036
0.528	0.164	0.218	0.090
0.135	0.405	0.418	0.042
>CRCGWGGSSBGG	24-CRCGWGGSSBGG	11.268937	-1.167210	0	T:13.0(0.18%),B:267.2(0.15%),P:1e0	Tpos:88.0,Tstd:7.0,Bpos:352.1,Bstd:238.6,StrandBias:0.0,Multiplicity:1.00
0.235	0.474	0.193	0.099
0.440	0.001	0.476	0.083
0.079	0.901	0.019	0.001
0.001	0.019	0.979	0.001
0.448	0.001	0.001	0.550
0.001	0.001	0.997	0.001
0.001	0.001	0.997	0.001
0.001	0.514	0.484	0.001
0.001	0.536	0.462	0.001
0.001	0.262	0.397	0.340
0.001	0.001	0.997	0.001
0.211	0.233	0.418	0.138
>HGYGYGYGCGCG	25-HGYGYGYGCGCG	9.839939	-0.984694	0	T:162.0(2.23%),B:3845.7(2.17%),P:1e0	Tpos:53.7,Tstd:25.6,Bpos:453.0,Bstd:1548.0,StrandBias:0.2,Multiplicity:1.08
0.214	0.305	0.154	0.327
0.096	0.185	0.593	0.126
0.155	0.398	0.119	0.329
0.003	0.001	0.830	0.166
0.001	0.548	0.006	0.445
0.001	0.184	0.814	0.001
0.001	0.502	0.001	0.496
0.103	0.152	0.744	0.001
0.001	0.581	0.001	0.417
0.136	0.126	0.737	0.001
0.185	0.813	0.001	0.001
0.228	0.001	0.625	0.146
>CACGTGSB	1-CACGTGSB	5.241924	-1104.289372	0	T:3950.0(54.44%),B:48896.9(27.61%),P:1e-479	Tpos:51.0,Tstd:22.8,Bpos:2038.8,Bstd:7613.1,StrandBias:-0.0,Multiplicity:1.19
0.001	0.971	0.027	0.001
0.856	0.001	0.124	0.019
0.001	0.854	0.001	0.144
0.164	0.001	0.834	0.001
0.049	0.107	0.001	0.843
0.001	0.001	0.990	0.008
0.069	0.337	0.397	0.198
0.151	0.253	0.272	0.325
>CACGTGRY	2-CACGTGRY	6.098418	-803.894112	0	T:2292.0(31.59%),B:23009.6(12.99%),P:1e-349	Tpos:57.3,Tstd:27.0,Bpos:4399.7,Bstd:10742.6,StrandBias:-0.1,Multiplicity:1.00
0.221	0.764	0.012	0.003
0.562	0.001	0.261	0.176
0.004	0.624	0.001	0.371
0.255	0.001	0.743	0.001
0.173	0.167	0.001	0.659
0.002	0.001	0.920	0.077
0.315	0.252	0.432	0.001
0.030	0.324	0.230	0.416
>CACTTCCT	3-CACTTCCT	7.756125	-33.750802	0	T:491.0(6.77%),B:8235.9(4.65%),P:1e-14	Tpos:49.8,Tstd:27.2,Bpos:2252.2,Bstd:7144.6,StrandBias:-0.2,Multiplicity:1.06
0.104	0.460	0.175	0.262
0.811	0.014	0.138	0.037
0.012	0.640	0.209	0.139
0.048	0.001	0.005	0.946
0.015	0.001	0.014	0.970
0.014	0.905	0.028	0.053
0.014	0.931	0.015	0.040
0.028	0.140	0.339	0.492
>CCACGAGG	4-CCACGAGG	10.368867	-33.220668	0	T:163.0(2.25%),B:1986.1(1.12%),P:1e-14	Tpos:51.6,Tstd:27.3,Bpos:799.1,Bstd:2340.6,StrandBias:0.6,Multiplicity:1.00
0.029	0.710	0.174	0.087
0.001	0.997	0.001	0.001
0.997	0.001	0.001	0.001
0.001	0.697	0.001	0.301
0.001	0.001	0.997	0.001
0.997	0.001	0.001	0.001
0.001	0.001	0.997	0.001
0.001	0.001	0.997	0.001
>TCACTTCC	5-TCACTTCC	10.902086	-23.178383	0	T:194.0(2.67%),B:2854.0(1.61%),P:1e-10	Tpos:46.1,Tstd:28.5,Bpos:4673.5,Bstd:9646.8,StrandBias:-0.6,Multiplicity:1.00
0.001	0.001	0.001	0.997
0.001	0.846	0.001	0.152
0.997	0.001	0.001	0.001
0.001	0.997	0.001	0.001
0.001	0.001	0.001	0.997
0.001	0.001	0.001	0.997
0.001	0.997	0.001	0.001
0.001	0.997	0.001	0.001
>AYTTCCKB	6-AYTTCCKB	7.390346	-20.168948	0	T:474.0(6.53%),B:8715.4(4.92%),P:1e-8	Tpos:49.9,Tstd:28.9,Bpos:2005.0,Bstd:6608.8,StrandBias:-0.3,Multiplicity:1.00
0.667	0.001	0.331	0.001
0.001	0.428	0.255	0.316
0.099	0.001	0.001	0.899
0.001	0.001	0.001	0.997
0.001	0.784	0.124	0.091
0.001	0.997	0.001	0.001
0.001	0.175	0.369	0.456
0.132	0.299	0.335	0.234
>GRGGAAGT	7-GRGGAAGT	9.594342	-18.262259	0	T:281.0(3.87%),B:4800.3(2.71%),P:1e-7	Tpos:49.4,Tstd:27.9,Bpos:2975.3,Bstd:8869.5,StrandBias:-0.0,Multiplicity:1.01
0.007	0.001	0.991	0.001
0.358	0.219	0.422	0.001
0.001	0.001	0.997	0.001
0.001	0.001	0.997	0.001
0.997	0.001	0.001	0.001
0.997	0.001	0.001	0.001
0.001	0.357	0.641	0.001
0.001	0.001	0.001	0.997
>AVGCAYGC	8-AVGCAYGC	7.840422	-3.156652	0	T:98.0(1.35%),B:1986.3(1.12%),P:1e-1	Tpos:54.8,Tstd:23.2,Bpos:385.8,Bstd:1115.0,StrandBias:-0.7,Multiplicity:1.27
0.427	0.191	0.255	0.126
0.296	0.368	0.302	0.034
0.100	0.191	0.687	0.022
0.001	0.997	0.001	0.001
0.997	0.001	0.001	0.001
0.001	0.540	0.001	0.458
0.042	0.001	0.956	0.001
0.001	0.700	0.001	0.298
>TTCCRSTT	9-TTCCRSTT	6.015551	-2.932303	0	T:748.0(10.31%),B:17224.1(9.73%),P:1e-1	Tpos:47.0,Tstd:27.3,Bpos:4405.9,Bstd:11328.2,StrandBias:0.4,Multiplicity:1.05
0.001	0.001	0.007	0.991
0.007	0.141	0.156	0.696
0.062	0.527	0.089	0.322
0.022	0.826	0.001	0.151
0.239	0.169	0.379	0.212
0.068	0.435	0.330	0.167
0.131	0.151	0.225	0.493
0.177	0.026	0.057	0.740
>TTCCRSTT	10-TTCCRSTT	8.281682	-2.491529	0	T:91.0(1.25%),B:1901.6(1.07%),P:1e-1	Tpos:53.2,Tstd:27.9,Bpos:1473.8,Bstd:6580.8,StrandBias:-0.1,Multiplicity:1.02
0.001	0.001	0.001	0.997
0.001	0.001	0.001	0.997
0.001	0.661	0.013	0.325
0.001	0.821	0.001	0.177
0.339	0.081	0.440	0.139
0.001	0.424	0.483	0.092
0.054	0.053	0.125	0.768
0.074	0.132	0.014	0.780
>RCRTGCBN	11-RCRTGCBN	5.985516	-2.062418	0	T:45.0(0.62%),B:911.8(0.51%),P:1e0	Tpos:42.8,Tstd:25.2,Bpos:2506.3,Bstd:7300.7,StrandBias:0.7,Multiplicity:1.00
0.419	0.071	0.417	0.093
0.041	0.770	0.001	0.188
0.469	0.001	0.529	0.001
0.032	0.185	0.001	0.782
0.011	0.019	0.919	0.051
0.075	0.480	0.264	0.181
0.133	0.339	0.233	0.295
0.253	0.221	0.221	0.304
>KGCACGYK	12-KGCACGYK	6.884301	-1.547554	0	T:186.0(2.56%),B:4269.6(2.41%),P:1e0	Tpos:45.9,Tstd:25.6,Bpos:733.1,Bstd:3284.2,StrandBias:0.9,Multiplicity:1.00
0.142	0.157	0.398	0.303
0.218	0.259	0.447	0.076
0.286	0.685	0.028	0.001
0.997	0.001	0.001	0.001
0.001	0.667	0.001	0.331
0.055	0.001	0.892	0.052
0.153	0.474	0.001	0.372
0.001	0.127	0.436	0.435
>TGTGGTTW	13-TGTGGTTW	9.635835	-0.720014	0	T:109.0(1.50%),B:2643.2(1.49%),P:1e0	Tpos:49.5,Tstd:29.5,Bpos:14198.2,Bstd:37859.3,StrandBias:0.1,Multiplicity:1.02
0.012	0.045	0.031	0.912
0.010	0.025	0.964	0.001
0.033	0.019	0.001	0.947
0.001	0.001	0.997	0.001
0.001	0.001	0.997	0.001
0.001	0.016	0.026	0.957
0.072	0.075	0.034	0.819
0.481	0.033	0.127	0.360
>NNAGCGTG	14-NNAGCGTG	7.794494	-0.603912	0	T:37.0(0.51%),B:912.1(0.52%),P:1e0	Tpos:49.8,Tstd:21.5,Bpos:1369.0,Bstd:5234.1,StrandBias:0.7,Multiplicity:1.00
0.231	0.275	0.297	0.197
0.344	0.234	0.194	0.228
0.578	0.166	0.214	0.042
0.087	0.001	0.911	0.001
0.001	0.988	0.001	0.010
0.297	0.001	0.701	0.001
0.001	0.001	0.001	0.997
0.001	0.001	0.997	0.001
>TTGTGGTT	15-TTGTGGTT	10.683660	-0.425712	0	T:53.0(0.73%),B:1357.5(0.77%),P:1e0	Tpos:48.3,Tstd:26.7,Bpos:5011.6,Bstd:12399.7,StrandBias:0.2,Multiplicity:1.00
0.177	0.001	0.142	0.680
0.001	0.001	0.001	0.997
0.001	0.001	0.997	0.001
0.001	0.001	0.001	0.997
0.001	0.001	0.997	0.001
0.001	0.001	0.997	0.001
0.001	0.001	0.001	0.997
0.001	0.001	0.001	0.997
>CATGYGRC	16-CATGYGRC	7.622466	-0.310449	0	T:51.0(0.70%),B:1349.8(0.76%),P:1e0	Tpos:48.4,Tstd:24.3,Bpos:628.3,Bstd:2853.1,StrandBias:0.3,Multiplicity:1.02
0.040	0.958	0.001	0.001
0.997	0.001	0.001	0.001
0.001	0.389	0.001	0.609
0.102	0.001	0.896	0.001
0.214	0.433	0.001	0.351
0.052	0.140	0.549	0.259
0.338	0.046	0.404	0.213
0.133	0.623	0.101	0.143
>GCATGCKW	17-GCATGCKW	5.803892	-0.305749	0	T:77.0(1.06%),B:2011.1(1.14%),P:1e0	Tpos:51.2,Tstd:29.1,Bpos:2934.4,Bstd:6287.4,StrandBias:-2.3,Multiplicity:1.00
0.336	0.102	0.500	0.062
0.052	0.825	0.006	0.117
0.545	0.001	0.349	0.105
0.106	0.236	0.004	0.654
0.034	0.136	0.765	0.065
0.120	0.517	0.098	0.265
0.188	0.193	0.349	0.271
0.227	0.220	0.182	0.371
>ANGCRTGY	18-ANGCRTGY	5.772693	-0.157227	0	T:60.0(0.83%),B:1667.7(0.94%),P:1e0	Tpos:53.8,Tstd:23.6,Bpos:3235.0,Bstd:8786.9,StrandBias:0.3,Multiplicity:1.02
0.475	0.166	0.175	0.185
0.281	0.268	0.224	0.227
0.183	0.147	0.585	0.085
0.010	0.911	0.009	0.070
0.477	0.031	0.332	0.161
0.124	0.286	0.013	0.577
0.128	0.108	0.693	0.071
0.114	0.379	0.161	0.347
>AAAACCAC	19-AAAACCAC	8.236954	-0.152178	0	T:60.0(0.83%),B:1671.6(0.94%),P:1e0	Tpos:45.0,Tstd:28.3,Bpos:5643.3,Bstd:10610.5,StrandBias:-0.2,Multiplicity:1.00
0.700	0.100	0.100	0.100
0.700	0.100	0.100	0.100
0.700	0.100	0.100	0.100
0.700	0.100	0.100	0.100
0.100	0.700	0.100	0.100
0.100	0.700	0.100	0.100
0.700	0.100	0.100	0.100
0.100	0.700	0.100	0.100
>RWGCATGY	20-RWGCATGY	7.591259	-0.095599	0	T:92.0(1.27%),B:2568.0(1.45%),P:1e0	Tpos:51.4,Tstd:26.6,Bpos:17332.1,Bstd:42796.6,StrandBias:0.1,Multiplicity:1.03
0.404	0.210	0.262	0.124
0.323	0.177	0.099	0.400
0.040	0.031	0.892	0.037
0.001	0.987	0.001	0.011
0.790	0.010	0.138	0.062
0.045	0.141	0.001	0.813
0.001	0.024	0.946	0.029
0.051	0.408	0.108	0.433
>AACCGGAA	21-AACCGGAA	7.545222	-0.023050	0	T:202.0(2.78%),B:5650.2(3.19%),P:1e0	Tpos:48.4,Tstd:27.8,Bpos:15622.7,Bstd:48199.3,StrandBias:-0.7,Multiplicity:1.01
0.761	0.084	0.118	0.037
0.596	0.062	0.187	0.155
0.157	0.582	0.260	0.001
0.078	0.668	0.003	0.251
0.103	0.001	0.895	0.001
0.187	0.073	0.739	0.001
0.941	0.001	0.057	0.001
0.975	0.001	0.001	0.023
>AGGAAGTC	22-AGGAAGTC	10.699707	-0.009192	0	T:74.0(1.02%),B:2345.5(1.32%),P:1e0	Tpos:44.9,Tstd:31.5,Bpos:4561.1,Bstd:10664.5,StrandBias:0.8,Multiplicity:1.00
0.997	0.001	0.001	0.001
0.001	0.001	0.997	0.001
0.001	0.001	0.997	0.001
0.997	0.001	0.001	0.001
0.997	0.001	0.001	0.001
0.001	0.001	0.997	0.001
0.001	0.001	0.001	0.997
0.001	0.691	0.001	0.307
>TTGCATGC	23-TTGCATGC	10.337434	-0.005276	0	T:18.0(0.25%),B:754.9(0.43%),P:1e0	Tpos:52.5,Tstd:25.0,Bpos:6131.4,Bstd:12853.0,StrandBias:-0.4,Multiplicity:1.00
0.001	0.001	0.001	0.997
0.259	0.001	0.259	0.481
0.001	0.001	0.997	0.001
0.001	0.997	0.001	0.001
0.997	0.001	0.001	0.001
0.001	0.001	0.001	0.997
0.001	0.001	0.997	0.001
0.001	0.997	0.001	0.001
>GTGCATGC	24-GTGCATGC	10.580598	-0.001252	0	T:42.0(0.58%),B:1579.0(0.89%),P:1e0	Tpos:43.0,Tstd:21.3,Bpos:4346.2,Bstd:9432.3,StrandBias:1.0,Multiplicity:1.00
0.001	0.001	0.822	0.176
0.001	0.001	0.001	0.997
0.001	0.001	0.997	0.001
0.001	0.997	0.001	0.001
0.997	0.001	0.001	0.001
0.001	0.001	0.001	0.997
0.001	0.001	0.997	0.001
0.001	0.744	0.001	0.254
>VDGCATGY	25-VDGCATGY	6.850710	-0.000059	0	T:174.0(2.40%),B:5606.8(3.17%),P:1e0	Tpos:50.8,Tstd:27.1,Bpos:2393.0,Bstd:7947.0,StrandBias:0.1,Multiplicity:1.00
0.321	0.243	0.278	0.158
0.291	0.161	0.318	0.231
0.045	0.067	0.855	0.033
0.001	0.975	0.001	0.023
0.671	0.001	0.327	0.001
0.034	0.285	0.001	0.680
0.001	0.001	0.971	0.027
0.041	0.505	0.096	0.358
