>CACGTGSB	1-CACGTGSB	5.241924	-1104.289372	0	T:3950.0(54.44%),B:48896.9(27.61%),P:1e-479	Tpos:51.0,Tstd:22.8,Bpos:2038.8,Bstd:7613.1,StrandBias:-0.0,Multiplicity:1.19
0.001	0.971	0.027	0.001
0.856	0.001	0.124	0.019
0.001	0.854	0.001	0.144
0.164	0.001	0.834	0.001
0.049	0.107	0.001	0.843
0.001	0.001	0.990	0.008
0.069	0.337	0.397	0.198
0.151	0.253	0.272	0.325
>CACGTGRY	2-CACGTGRY	6.098418	-803.894112	0	T:2292.0(31.59%),B:23009.6(12.99%),P:1e-349	Tpos:57.3,Tstd:27.0,Bpos:4399.7,Bstd:10742.6,StrandBias:-0.1,Multiplicity:1.00
0.221	0.764	0.012	0.003
0.562	0.001	0.261	0.176
0.004	0.624	0.001	0.371
0.255	0.001	0.743	0.001
0.173	0.167	0.001	0.659
0.002	0.001	0.920	0.077
0.315	0.252	0.432	0.001
0.030	0.324	0.230	0.416
>CACTTCCT	3-CACTTCCT	7.756125	-33.750802	0	T:491.0(6.77%),B:8235.9(4.65%),P:1e-14	Tpos:49.8,Tstd:27.2,Bpos:2252.2,Bstd:7144.6,StrandBias:-0.2,Multiplicity:1.06
0.104	0.460	0.175	0.262
0.811	0.014	0.138	0.037
0.012	0.640	0.209	0.139
0.048	0.001	0.005	0.946
0.015	0.001	0.014	0.970
0.014	0.905	0.028	0.053
0.014	0.931	0.015	0.040
0.028	0.140	0.339	0.492
>CCACGAGG	4-CCACGAGG	10.368867	-33.220668	0	T:163.0(2.25%),B:1986.1(1.12%),P:1e-14	Tpos:51.6,Tstd:27.3,Bpos:799.1,Bstd:2340.6,StrandBias:0.6,Multiplicity:1.00
0.029	0.710	0.174	0.087
0.001	0.997	0.001	0.001
0.997	0.001	0.001	0.001
0.001	0.697	0.001	0.301
0.001	0.001	0.997	0.001
0.997	0.001	0.001	0.001
0.001	0.001	0.997	0.001
0.001	0.001	0.997	0.001
>TCACTTCC	5-TCACTTCC	10.902086	-23.178383	0	T:194.0(2.67%),B:2854.0(1.61%),P:1e-10	Tpos:46.1,Tstd:28.5,Bpos:4673.5,Bstd:9646.8,StrandBias:-0.6,Multiplicity:1.00
0.001	0.001	0.001	0.997
0.001	0.846	0.001	0.152
0.997	0.001	0.001	0.001
0.001	0.997	0.001	0.001
0.001	0.001	0.001	0.997
0.001	0.001	0.001	0.997
0.001	0.997	0.001	0.001
0.001	0.997	0.001	0.001
>AYTTCCKB	6-AYTTCCKB	7.390346	-20.168948	0	T:474.0(6.53%),B:8715.4(4.92%),P:1e-8	Tpos:49.9,Tstd:28.9,Bpos:2005.0,Bstd:6608.8,StrandBias:-0.3,Multiplicity:1.00
0.667	0.001	0.331	0.001
0.001	0.428	0.255	0.316
0.099	0.001	0.001	0.899
0.001	0.001	0.001	0.997
0.001	0.784	0.124	0.091
0.001	0.997	0.001	0.001
0.001	0.175	0.369	0.456
0.132	0.299	0.335	0.234
>GRGGAAGT	7-GRGGAAGT	9.594342	-18.262259	0	T:281.0(3.87%),B:4800.3(2.71%),P:1e-7	Tpos:49.4,Tstd:27.9,Bpos:2975.3,Bstd:8869.5,StrandBias:-0.0,Multiplicity:1.01
0.007	0.001	0.991	0.001
0.358	0.219	0.422	0.001
0.001	0.001	0.997	0.001
0.001	0.001	0.997	0.001
0.997	0.001	0.001	0.001
0.997	0.001	0.001	0.001
0.001	0.357	0.641	0.001
0.001	0.001	0.001	0.997
>AVGCAYGC	8-AVGCAYGC	7.840422	-3.156652	0	T:98.0(1.35%),B:1986.3(1.12%),P:1e-1	Tpos:54.8,Tstd:23.2,Bpos:385.8,Bstd:1115.0,StrandBias:-0.7,Multiplicity:1.27
0.427	0.191	0.255	0.126
0.296	0.368	0.302	0.034
0.100	0.191	0.687	0.022
0.001	0.997	0.001	0.001
0.997	0.001	0.001	0.001
0.001	0.540	0.001	0.458
0.042	0.001	0.956	0.001
0.001	0.700	0.001	0.298
>TTCCRSTT	9-TTCCRSTT	6.015551	-2.932303	0	T:748.0(10.31%),B:17224.1(9.73%),P:1e-1	Tpos:47.0,Tstd:27.3,Bpos:4405.9,Bstd:11328.2,StrandBias:0.4,Multiplicity:1.05
0.001	0.001	0.007	0.991
0.007	0.141	0.156	0.696
0.062	0.527	0.089	0.322
0.022	0.826	0.001	0.151
0.239	0.169	0.379	0.212
0.068	0.435	0.330	0.167
0.131	0.151	0.225	0.493
0.177	0.026	0.057	0.740
>TTCCRSTT	10-TTCCRSTT	8.281682	-2.491529	0	T:91.0(1.25%),B:1901.6(1.07%),P:1e-1	Tpos:53.2,Tstd:27.9,Bpos:1473.8,Bstd:6580.8,StrandBias:-0.1,Multiplicity:1.02
0.001	0.001	0.001	0.997
0.001	0.001	0.001	0.997
0.001	0.661	0.013	0.325
0.001	0.821	0.001	0.177
0.339	0.081	0.440	0.139
0.001	0.424	0.483	0.092
0.054	0.053	0.125	0.768
0.074	0.132	0.014	0.780
>RCRTGCBN	11-RCRTGCBN	5.985516	-2.062418	0	T:45.0(0.62%),B:911.8(0.51%),P:1e0	Tpos:42.8,Tstd:25.2,Bpos:2506.3,Bstd:7300.7,StrandBias:0.7,Multiplicity:1.00
0.419	0.071	0.417	0.093
0.041	0.770	0.001	0.188
0.469	0.001	0.529	0.001
0.032	0.185	0.001	0.782
0.011	0.019	0.919	0.051
0.075	0.480	0.264	0.181
0.133	0.339	0.233	0.295
0.253	0.221	0.221	0.304
>KGCACGYK	12-KGCACGYK	6.884301	-1.547554	0	T:186.0(2.56%),B:4269.6(2.41%),P:1e0	Tpos:45.9,Tstd:25.6,Bpos:733.1,Bstd:3284.2,StrandBias:0.9,Multiplicity:1.00
0.142	0.157	0.398	0.303
0.218	0.259	0.447	0.076
0.286	0.685	0.028	0.001
0.997	0.001	0.001	0.001
0.001	0.667	0.001	0.331
0.055	0.001	0.892	0.052
0.153	0.474	0.001	0.372
0.001	0.127	0.436	0.435
>TGTGGTTW	13-TGTGGTTW	9.635835	-0.720014	0	T:109.0(1.50%),B:2643.2(1.49%),P:1e0	Tpos:49.5,Tstd:29.5,Bpos:14198.2,Bstd:37859.3,StrandBias:0.1,Multiplicity:1.02
0.012	0.045	0.031	0.912
0.010	0.025	0.964	0.001
0.033	0.019	0.001	0.947
0.001	0.001	0.997	0.001
0.001	0.001	0.997	0.001
0.001	0.016	0.026	0.957
0.072	0.075	0.034	0.819
0.481	0.033	0.127	0.360
>NNAGCGTG	14-NNAGCGTG	7.794494	-0.603912	0	T:37.0(0.51%),B:912.1(0.52%),P:1e0	Tpos:49.8,Tstd:21.5,Bpos:1369.0,Bstd:5234.1,StrandBias:0.7,Multiplicity:1.00
0.231	0.275	0.297	0.197
0.344	0.234	0.194	0.228
0.578	0.166	0.214	0.042
0.087	0.001	0.911	0.001
0.001	0.988	0.001	0.010
0.297	0.001	0.701	0.001
0.001	0.001	0.001	0.997
0.001	0.001	0.997	0.001
>TTGTGGTT	15-TTGTGGTT	10.683660	-0.425712	0	T:53.0(0.73%),B:1357.5(0.77%),P:1e0	Tpos:48.3,Tstd:26.7,Bpos:5011.6,Bstd:12399.7,StrandBias:0.2,Multiplicity:1.00
0.177	0.001	0.142	0.680
0.001	0.001	0.001	0.997
0.001	0.001	0.997	0.001
0.001	0.001	0.001	0.997
0.001	0.001	0.997	0.001
0.001	0.001	0.997	0.001
0.001	0.001	0.001	0.997
0.001	0.001	0.001	0.997
>CATGYGRC	16-CATGYGRC	7.622466	-0.310449	0	T:51.0(0.70%),B:1349.8(0.76%),P:1e0	Tpos:48.4,Tstd:24.3,Bpos:628.3,Bstd:2853.1,StrandBias:0.3,Multiplicity:1.02
0.040	0.958	0.001	0.001
0.997	0.001	0.001	0.001
0.001	0.389	0.001	0.609
0.102	0.001	0.896	0.001
0.214	0.433	0.001	0.351
0.052	0.140	0.549	0.259
0.338	0.046	0.404	0.213
0.133	0.623	0.101	0.143
>GCATGCKW	17-GCATGCKW	5.803892	-0.305749	0	T:77.0(1.06%),B:2011.1(1.14%),P:1e0	Tpos:51.2,Tstd:29.1,Bpos:2934.4,Bstd:6287.4,StrandBias:-2.3,Multiplicity:1.00
0.336	0.102	0.500	0.062
0.052	0.825	0.006	0.117
0.545	0.001	0.349	0.105
0.106	0.236	0.004	0.654
0.034	0.136	0.765	0.065
0.120	0.517	0.098	0.265
0.188	0.193	0.349	0.271
0.227	0.220	0.182	0.371
>ANGCRTGY	18-ANGCRTGY	5.772693	-0.157227	0	T:60.0(0.83%),B:1667.7(0.94%),P:1e0	Tpos:53.8,Tstd:23.6,Bpos:3235.0,Bstd:8786.9,StrandBias:0.3,Multiplicity:1.02
0.475	0.166	0.175	0.185
0.281	0.268	0.224	0.227
0.183	0.147	0.585	0.085
0.010	0.911	0.009	0.070
0.477	0.031	0.332	0.161
0.124	0.286	0.013	0.577
0.128	0.108	0.693	0.071
0.114	0.379	0.161	0.347
>AAAACCAC	19-AAAACCAC	8.236954	-0.152178	0	T:60.0(0.83%),B:1671.6(0.94%),P:1e0	Tpos:45.0,Tstd:28.3,Bpos:5643.3,Bstd:10610.5,StrandBias:-0.2,Multiplicity:1.00
0.700	0.100	0.100	0.100
0.700	0.100	0.100	0.100
0.700	0.100	0.100	0.100
0.700	0.100	0.100	0.100
0.100	0.700	0.100	0.100
0.100	0.700	0.100	0.100
0.700	0.100	0.100	0.100
0.100	0.700	0.100	0.100
>RWGCATGY	20-RWGCATGY	7.591259	-0.095599	0	T:92.0(1.27%),B:2568.0(1.45%),P:1e0	Tpos:51.4,Tstd:26.6,Bpos:17332.1,Bstd:42796.6,StrandBias:0.1,Multiplicity:1.03
0.404	0.210	0.262	0.124
0.323	0.177	0.099	0.400
0.040	0.031	0.892	0.037
0.001	0.987	0.001	0.011
0.790	0.010	0.138	0.062
0.045	0.141	0.001	0.813
0.001	0.024	0.946	0.029
0.051	0.408	0.108	0.433
>AACCGGAA	21-AACCGGAA	7.545222	-0.023050	0	T:202.0(2.78%),B:5650.2(3.19%),P:1e0	Tpos:48.4,Tstd:27.8,Bpos:15622.7,Bstd:48199.3,StrandBias:-0.7,Multiplicity:1.01
0.761	0.084	0.118	0.037
0.596	0.062	0.187	0.155
0.157	0.582	0.260	0.001
0.078	0.668	0.003	0.251
0.103	0.001	0.895	0.001
0.187	0.073	0.739	0.001
0.941	0.001	0.057	0.001
0.975	0.001	0.001	0.023
>AGGAAGTC	22-AGGAAGTC	10.699707	-0.009192	0	T:74.0(1.02%),B:2345.5(1.32%),P:1e0	Tpos:44.9,Tstd:31.5,Bpos:4561.1,Bstd:10664.5,StrandBias:0.8,Multiplicity:1.00
0.997	0.001	0.001	0.001
0.001	0.001	0.997	0.001
0.001	0.001	0.997	0.001
0.997	0.001	0.001	0.001
0.997	0.001	0.001	0.001
0.001	0.001	0.997	0.001
0.001	0.001	0.001	0.997
0.001	0.691	0.001	0.307
>TTGCATGC	23-TTGCATGC	10.337434	-0.005276	0	T:18.0(0.25%),B:754.9(0.43%),P:1e0	Tpos:52.5,Tstd:25.0,Bpos:6131.4,Bstd:12853.0,StrandBias:-0.4,Multiplicity:1.00
0.001	0.001	0.001	0.997
0.259	0.001	0.259	0.481
0.001	0.001	0.997	0.001
0.001	0.997	0.001	0.001
0.997	0.001	0.001	0.001
0.001	0.001	0.001	0.997
0.001	0.001	0.997	0.001
0.001	0.997	0.001	0.001
>GTGCATGC	24-GTGCATGC	10.580598	-0.001252	0	T:42.0(0.58%),B:1579.0(0.89%),P:1e0	Tpos:43.0,Tstd:21.3,Bpos:4346.2,Bstd:9432.3,StrandBias:1.0,Multiplicity:1.00
0.001	0.001	0.822	0.176
0.001	0.001	0.001	0.997
0.001	0.001	0.997	0.001
0.001	0.997	0.001	0.001
0.997	0.001	0.001	0.001
0.001	0.001	0.001	0.997
0.001	0.001	0.997	0.001
0.001	0.744	0.001	0.254
>VDGCATGY	25-VDGCATGY	6.850710	-0.000059	0	T:174.0(2.40%),B:5606.8(3.17%),P:1e0	Tpos:50.8,Tstd:27.1,Bpos:2393.0,Bstd:7947.0,StrandBias:0.1,Multiplicity:1.00
0.321	0.243	0.278	0.158
0.291	0.161	0.318	0.231
0.045	0.067	0.855	0.033
0.001	0.975	0.001	0.023
0.671	0.001	0.327	0.001
0.034	0.285	0.001	0.680
0.001	0.001	0.971	0.027
0.041	0.505	0.096	0.358
