>VSCACGTGSNNN	1-VSCACGTGSNNN	5.868542	-1065.408367	0	T:3503.0(48.28%),B:40587.4(22.92%),P:1e-462	Tpos:51.1,Tstd:21.6,Bpos:1492.5,Bstd:6086.4,StrandBias:-0.0,Multiplicity:1.14
0.288	0.240	0.315	0.156
0.216	0.381	0.327	0.076
0.012	0.986	0.001	0.001
0.720	0.005	0.196	0.079
0.001	0.778	0.001	0.220
0.237	0.001	0.761	0.001
0.096	0.151	0.004	0.749
0.001	0.007	0.985	0.007
0.069	0.340	0.377	0.214
0.165	0.288	0.251	0.297
0.200	0.305	0.247	0.248
0.209	0.291	0.292	0.208
>CACTTCCTCTTT	2-CACTTCCTCTTT	9.178554	-87.774391	0	T:246.0(3.39%),B:2245.7(1.27%),P:1e-38	Tpos:46.3,Tstd:26.0,Bpos:3436.5,Bstd:8850.2,StrandBias:-0.2,Multiplicity:1.02
0.191	0.404	0.155	0.250
0.635	0.057	0.222	0.086
0.001	0.699	0.181	0.119
0.001	0.001	0.001	0.997
0.001	0.001	0.001	0.997
0.001	0.993	0.001	0.005
0.001	0.897	0.001	0.101
0.006	0.222	0.298	0.475
0.013	0.510	0.288	0.189
0.215	0.301	0.021	0.462
0.173	0.209	0.138	0.480
0.184	0.254	0.152	0.410
>AGGAAGTGAAAS	3-AGGAAGTGAAAS	12.082600	-76.731341	0	T:62.0(0.85%),B:166.0(0.09%),P:1e-33	Tpos:50.0,Tstd:27.7,Bpos:3867.5,Bstd:8683.1,StrandBias:0.0,Multiplicity:1.00
0.636	0.154	0.192	0.018
0.078	0.001	0.888	0.033
0.039	0.013	0.947	0.001
0.971	0.013	0.015	0.001
0.985	0.001	0.001	0.013
0.110	0.184	0.705	0.001
0.068	0.066	0.010	0.856
0.065	0.053	0.881	0.001
0.707	0.134	0.142	0.017
0.768	0.080	0.096	0.056
0.849	0.049	0.063	0.039
0.101	0.462	0.322	0.114
>RBTTTCACTTCC	4-RBTTTCACTTCC	10.100096	-64.497697	0	T:117.0(1.61%),B:794.1(0.45%),P:1e-28	Tpos:57.0,Tstd:26.5,Bpos:3855.1,Bstd:10345.0,StrandBias:-0.8,Multiplicity:1.00
0.310	0.132	0.362	0.197
0.166	0.298	0.337	0.199
0.020	0.165	0.024	0.791
0.053	0.173	0.090	0.684
0.001	0.154	0.303	0.542
0.001	0.997	0.001	0.001
0.665	0.028	0.142	0.165
0.001	0.574	0.279	0.146
0.026	0.027	0.001	0.946
0.001	0.001	0.001	0.997
0.001	0.772	0.007	0.220
0.040	0.760	0.001	0.199
>DGAGGAAGTGAR	5-DGAGGAAGTGAR	10.145953	-51.262300	0	T:95.0(1.31%),B:660.9(0.37%),P:1e-22	Tpos:38.1,Tstd:30.6,Bpos:2973.7,Bstd:6846.1,StrandBias:0.2,Multiplicity:1.00
0.381	0.023	0.302	0.294
0.189	0.251	0.548	0.012
0.531	0.275	0.163	0.031
0.072	0.001	0.926	0.001
0.044	0.001	0.954	0.001
0.941	0.057	0.001	0.001
0.997	0.001	0.001	0.001
0.142	0.240	0.617	0.001
0.104	0.159	0.142	0.595
0.253	0.014	0.732	0.001
0.467	0.245	0.270	0.018
0.440	0.152	0.304	0.104
>RCTTCCKCTTYY	6-RCTTCCKCTTYY	8.355856	-48.142089	0	T:266.0(3.67%),B:3373.2(1.90%),P:1e-20	Tpos:50.7,Tstd:26.0,Bpos:2566.2,Bstd:7890.1,StrandBias:0.0,Multiplicity:1.02
0.450	0.104	0.303	0.143
0.019	0.579	0.231	0.171
0.001	0.001	0.001	0.997
0.001	0.001	0.018	0.980
0.001	0.889	0.001	0.109
0.001	0.780	0.005	0.214
0.029	0.251	0.299	0.421
0.038	0.445	0.253	0.264
0.184	0.272	0.103	0.442
0.171	0.220	0.133	0.476
0.154	0.301	0.153	0.391
0.109	0.397	0.200	0.294
>AASAGGAASYGR	7-AASAGGAASYGR	10.136750	-28.397515	0	T:36.0(0.50%),B:183.6(0.10%),P:1e-12	Tpos:68.0,Tstd:6.2,Bpos:2896.1,Bstd:3521.8,StrandBias:10.0,Multiplicity:1.00
0.743	0.121	0.104	0.032
0.730	0.079	0.141	0.050
0.166	0.373	0.444	0.017
0.503	0.213	0.100	0.184
0.033	0.001	0.965	0.001
0.336	0.006	0.657	0.001
0.908	0.017	0.074	0.001
0.988	0.003	0.008	0.001
0.144	0.343	0.473	0.040
0.146	0.290	0.190	0.373
0.231	0.163	0.439	0.167
0.382	0.077	0.389	0.152
>CRCTTCCBSTTY	8-CRCTTCCBSTTY	8.909045	-19.055340	0	T:100.0(1.38%),B:1272.9(0.72%),P:1e-8	Tpos:49.2,Tstd:26.0,Bpos:436.3,Bstd:1222.1,StrandBias:0.3,Multiplicity:1.00
0.160	0.419	0.179	0.242
0.415	0.137	0.333	0.115
0.001	0.565	0.245	0.189
0.001	0.002	0.001	0.996
0.001	0.006	0.001	0.992
0.001	0.783	0.005	0.211
0.001	0.890	0.001	0.108
0.138	0.267	0.327	0.268
0.036	0.440	0.324	0.200
0.131	0.307	0.085	0.476
0.132	0.217	0.140	0.511
0.180	0.438	0.004	0.378
>HGYCATGHGSTY	9-HGYCATGHGSTY	10.272961	-17.398287	0	T:36.0(0.50%),B:287.6(0.16%),P:1e-7	Tpos:53.7,Tstd:10.6,Bpos:3581.1,Bstd:7816.2,StrandBias:0.3,Multiplicity:1.00
0.344	0.351	0.001	0.305
0.033	0.057	0.859	0.051
0.025	0.489	0.037	0.449
0.023	0.959	0.017	0.001
0.759	0.093	0.041	0.107
0.065	0.056	0.090	0.789
0.001	0.423	0.575	0.001
0.302	0.272	0.004	0.422
0.202	0.016	0.741	0.041
0.198	0.433	0.368	0.001
0.034	0.075	0.074	0.817
0.043	0.507	0.032	0.418
>AAAGCAGAAGTG	10-AAAGCAGAAGTG	11.822266	-15.018849	0	T:29.0(0.40%),B:223.5(0.13%),P:1e-6	Tpos:49.4,Tstd:26.2,Bpos:4450.7,Bstd:8195.9,StrandBias:-0.1,Multiplicity:1.04
0.830	0.022	0.103	0.045
0.923	0.042	0.034	0.001
0.792	0.017	0.072	0.119
0.079	0.051	0.824	0.046
0.084	0.816	0.088	0.012
0.844	0.056	0.047	0.053
0.072	0.017	0.910	0.001
0.826	0.058	0.071	0.045
0.883	0.051	0.031	0.035
0.060	0.100	0.806	0.034
0.012	0.055	0.062	0.871
0.102	0.118	0.680	0.100
>CAAAAGCAGAAG	11-CAAAAGCAGAAG	11.120139	-14.738623	0	T:50.0(0.69%),B:536.4(0.30%),P:1e-6	Tpos:36.4,Tstd:23.8,Bpos:6249.7,Bstd:13724.6,StrandBias:0.0,Multiplicity:1.00
0.192	0.431	0.238	0.139
0.869	0.001	0.129	0.001
0.645	0.193	0.044	0.118
0.947	0.030	0.022	0.001
0.884	0.028	0.001	0.087
0.047	0.249	0.703	0.001
0.001	0.908	0.090	0.001
0.997	0.001	0.001	0.001
0.023	0.187	0.789	0.001
0.896	0.001	0.001	0.102
0.997	0.001	0.001	0.001
0.001	0.001	0.957	0.041
>TGCCATGTGACT	12-TGCCATGTGACT	10.376654	-13.740064	0	T:29.0(0.40%),B:239.4(0.14%),P:1e-5	Tpos:44.0,Tstd:22.6,Bpos:4013.9,Bstd:7886.9,StrandBias:0.2,Multiplicity:1.00
0.150	0.077	0.206	0.567
0.028	0.127	0.702	0.143
0.085	0.580	0.102	0.233
0.094	0.904	0.001	0.001
0.572	0.152	0.092	0.184
0.092	0.054	0.152	0.702
0.001	0.060	0.934	0.005
0.189	0.023	0.001	0.787
0.001	0.001	0.997	0.001
0.534	0.082	0.310	0.074
0.084	0.663	0.102	0.151
0.088	0.149	0.106	0.657
>TGTCCGCGTGTG	13-TGTCCGCGTGTG	11.047720	-10.879420	0	T:36.0(0.50%),B:390.8(0.22%),P:1e-4	Tpos:54.3,Tstd:28.5,Bpos:1040.4,Bstd:3378.4,StrandBias:0.3,Multiplicity:1.00
0.083	0.087	0.139	0.691
0.001	0.058	0.804	0.137
0.001	0.001	0.001	0.997
0.107	0.755	0.107	0.031
0.096	0.822	0.001	0.081
0.001	0.001	0.997	0.001
0.001	0.752	0.190	0.057
0.001	0.001	0.997	0.001
0.001	0.135	0.102	0.762
0.001	0.001	0.997	0.001
0.148	0.001	0.001	0.850
0.115	0.195	0.633	0.057
>CCACYAGGTGGC	14-CCACYAGGTGGC	13.348386	-10.186620	0	T:9.0(0.12%),B:34.6(0.02%),P:1e-4	Tpos:40.1,Tstd:26.0,Bpos:1718.8,Bstd:2702.1,StrandBias:1.0,Multiplicity:1.00
0.001	0.997	0.001	0.001
0.001	0.997	0.001	0.001
0.684	0.001	0.314	0.001
0.001	0.683	0.315	0.001
0.139	0.368	0.061	0.431
0.859	0.001	0.081	0.059
0.001	0.001	0.997	0.001
0.284	0.001	0.714	0.001
0.001	0.060	0.348	0.591
0.001	0.001	0.997	0.001
0.001	0.001	0.938	0.060
0.001	0.938	0.001	0.060
>SCGGAAGTGVSG	15-SCGGAAGTGVSG	9.968941	-7.234543	0	T:199.0(2.74%),B:3824.0(2.16%),P:1e-3	Tpos:51.0,Tstd:27.8,Bpos:486.7,Bstd:2176.1,StrandBias:0.4,Multiplicity:1.04
0.001	0.552	0.446	0.001
0.383	0.554	0.062	0.001
0.001	0.013	0.977	0.009
0.001	0.001	0.997	0.001
0.983	0.007	0.001	0.009
0.982	0.003	0.001	0.014
0.001	0.099	0.899	0.001
0.054	0.246	0.137	0.563
0.001	0.354	0.527	0.118
0.234	0.256	0.338	0.171
0.182	0.350	0.430	0.038
0.152	0.231	0.389	0.229
>GCGCGCGCACGC	16-GCGCGCGCACGC	14.316668	-5.065513	0	T:21.0(0.29%),B:271.6(0.15%),P:1e-2	Tpos:37.6,Tstd:16.2,Bpos:251.0,Bstd:282.9,StrandBias:2.2,Multiplicity:1.00
0.367	0.001	0.631	0.001
0.001	0.997	0.001	0.001
0.015	0.001	0.983	0.001
0.001	0.997	0.001	0.001
0.328	0.001	0.670	0.001
0.001	0.997	0.001	0.001
0.302	0.001	0.696	0.001
0.001	0.997	0.001	0.001
0.588	0.001	0.410	0.001
0.001	0.997	0.001	0.001
0.409	0.001	0.589	0.001
0.001	0.997	0.001	0.001
>NDGCATGCTBCT	17-NDGCATGCTBCT	9.856852	-4.960037	0	T:25.0(0.34%),B:346.8(0.20%),P:1e-2	Tpos:46.2,Tstd:18.0,Bpos:3089.7,Bstd:7490.8,StrandBias:-1.0,Multiplicity:1.00
0.259	0.325	0.228	0.188
0.343	0.129	0.306	0.222
0.093	0.284	0.488	0.135
0.020	0.978	0.001	0.001
0.952	0.008	0.032	0.008
0.023	0.296	0.014	0.667
0.007	0.014	0.961	0.018
0.010	0.988	0.001	0.001
0.121	0.280	0.100	0.499
0.075	0.234	0.343	0.348
0.008	0.944	0.017	0.031
0.125	0.204	0.141	0.530
>RWGGGGGAGGGG	18-RWGGGGGAGGGG	10.995947	-4.913716	0	T:28.0(0.39%),B:403.7(0.23%),P:1e-2	Tpos:50.0,Tstd:26.9,Bpos:835.3,Bstd:3609.5,StrandBias:-0.2,Multiplicity:1.00
0.235	0.207	0.369	0.189
0.296	0.151	0.185	0.367
0.053	0.016	0.862	0.069
0.098	0.038	0.589	0.275
0.007	0.027	0.955	0.011
0.014	0.006	0.964	0.016
0.258	0.014	0.710	0.018
0.558	0.177	0.041	0.224
0.276	0.006	0.632	0.086
0.017	0.189	0.740	0.054
0.085	0.242	0.611	0.062
0.241	0.060	0.496	0.203
>AAGATGGCGGCC	19-AAGATGGCGGCC	12.136719	-3.574600	0	T:60.0(0.83%),B:1119.5(0.63%),P:1e-1	Tpos:53.0,Tstd:24.2,Bpos:456.7,Bstd:1702.2,StrandBias:0.2,Multiplicity:1.00
0.938	0.060	0.001	0.001
0.674	0.062	0.120	0.144
0.253	0.240	0.506	0.001
0.997	0.001	0.001	0.001
0.001	0.001	0.109	0.889
0.001	0.001	0.997	0.001
0.001	0.001	0.997	0.001
0.001	0.997	0.001	0.001
0.131	0.250	0.498	0.121
0.001	0.001	0.707	0.291
0.001	0.873	0.001	0.125
0.147	0.530	0.155	0.168
>CCASGCCACGCC	20-CCASGCCACGCC	12.741518	-2.977349	0	T:29.0(0.40%),B:503.5(0.28%),P:1e-1	Tpos:51.9,Tstd:27.7,Bpos:253.4,Bstd:598.9,StrandBias:-0.7,Multiplicity:1.03
0.054	0.715	0.230	0.001
0.073	0.684	0.199	0.044
0.485	0.146	0.177	0.192
0.065	0.432	0.502	0.001
0.045	0.175	0.745	0.035
0.001	0.959	0.001	0.039
0.001	0.997	0.001	0.001
0.957	0.001	0.041	0.001
0.001	0.970	0.028	0.001
0.001	0.010	0.975	0.014
0.001	0.997	0.001	0.001
0.001	0.781	0.001	0.217
>DVVGCCATGCKN	21-DVVGCCATGCKN	8.598773	-2.873791	0	T:64.0(0.88%),B:1260.3(0.71%),P:1e-1	Tpos:49.8,Tstd:20.6,Bpos:507.4,Bstd:1847.1,StrandBias:-0.4,Multiplicity:1.00
0.257	0.059	0.392	0.292
0.264	0.357	0.361	0.017
0.238	0.347	0.246	0.169
0.042	0.022	0.903	0.033
0.061	0.786	0.116	0.037
0.046	0.855	0.062	0.037
0.824	0.062	0.057	0.057
0.065	0.117	0.067	0.751
0.046	0.257	0.425	0.272
0.125	0.522	0.023	0.330
0.038	0.032	0.538	0.392
0.168	0.311	0.310	0.211
>VCRCRCRCRCAC	22-VCRCRCRCRCAC	10.994023	-2.514697	0	T:47.0(0.65%),B:917.4(0.52%),P:1e-1	Tpos:62.2,Tstd:25.4,Bpos:345.0,Bstd:733.7,StrandBias:0.6,Multiplicity:1.00
0.330	0.223	0.292	0.155
0.019	0.813	0.010	0.158
0.448	0.001	0.508	0.043
0.010	0.896	0.031	0.063
0.464	0.035	0.495	0.006
0.133	0.758	0.070	0.039
0.430	0.035	0.493	0.042
0.023	0.840	0.022	0.115
0.475	0.004	0.486	0.035
0.004	0.881	0.051	0.064
0.697	0.105	0.117	0.081
0.005	0.708	0.269	0.018
>MMGTCGCGTGAS	23-MMGTCGCGTGAS	11.258805	-1.354162	0	T:2.0(0.03%),B:23.4(0.01%),P:1e0	Tpos:56.0,Tstd:6.0,Bpos:738.3,Bstd:2443.2,StrandBias:-10.0,Multiplicity:1.00
0.551	0.427	0.001	0.021
0.438	0.298	0.263	0.001
0.044	0.182	0.773	0.001
0.001	0.188	0.031	0.780
0.001	0.918	0.080	0.001
0.097	0.001	0.901	0.001
0.001	0.997	0.001	0.001
0.024	0.070	0.905	0.001
0.085	0.291	0.147	0.477
0.001	0.094	0.869	0.036
0.528	0.164	0.218	0.090
0.135	0.405	0.418	0.042
>CRCGWGGSSBGG	24-CRCGWGGSSBGG	11.268937	-1.167210	0	T:13.0(0.18%),B:267.2(0.15%),P:1e0	Tpos:88.0,Tstd:7.0,Bpos:352.1,Bstd:238.6,StrandBias:0.0,Multiplicity:1.00
0.235	0.474	0.193	0.099
0.440	0.001	0.476	0.083
0.079	0.901	0.019	0.001
0.001	0.019	0.979	0.001
0.448	0.001	0.001	0.550
0.001	0.001	0.997	0.001
0.001	0.001	0.997	0.001
0.001	0.514	0.484	0.001
0.001	0.536	0.462	0.001
0.001	0.262	0.397	0.340
0.001	0.001	0.997	0.001
0.211	0.233	0.418	0.138
>HGYGYGYGCGCG	25-HGYGYGYGCGCG	9.839939	-0.984694	0	T:162.0(2.23%),B:3845.7(2.17%),P:1e0	Tpos:53.7,Tstd:25.6,Bpos:453.0,Bstd:1548.0,StrandBias:0.2,Multiplicity:1.08
0.214	0.305	0.154	0.327
0.096	0.185	0.593	0.126
0.155	0.398	0.119	0.329
0.003	0.001	0.830	0.166
0.001	0.548	0.006	0.445
0.001	0.184	0.814	0.001
0.001	0.502	0.001	0.496
0.103	0.152	0.744	0.001
0.001	0.581	0.001	0.417
0.136	0.126	0.737	0.001
0.185	0.813	0.001	0.001
0.228	0.001	0.625	0.146
