>VVCCACGTGG	1-VVCCACGTGG	5.457472	-332.607936	0	T:1759.0(44.69%),B:38505.1(25.50%),P:1e-144	Tpos:50.9,Tstd:23.4,Bpos:609.0,Bstd:2244.7,StrandBias:0.0,Multiplicity:1.14
0.230	0.330	0.297	0.143
0.253	0.244	0.375	0.128
0.116	0.546	0.308	0.030
0.001	0.997	0.001	0.001
0.845	0.001	0.095	0.059
0.001	0.917	0.001	0.081
0.068	0.001	0.930	0.001
0.020	0.066	0.001	0.913
0.001	0.001	0.997	0.001
0.029	0.307	0.560	0.104
>CACGYGBBNN	2-CACGYGBBNN	6.946181	-75.697254	0	T:231.0(5.87%),B:3553.2(2.35%),P:1e-32	Tpos:95.0,Tstd:0.0,Bpos:5.0,Bstd:0.0,StrandBias:-10.0,Multiplicity:1.00
0.001	0.997	0.001	0.001
0.997	0.001	0.001	0.001
0.001	0.616	0.001	0.382
0.307	0.001	0.691	0.001
0.161	0.373	0.001	0.465
0.001	0.001	0.663	0.335
0.161	0.292	0.321	0.226
0.146	0.333	0.298	0.223
0.207	0.288	0.272	0.233
0.197	0.292	0.285	0.227
>CCGGAAGTGV	3-CCGGAAGTGV	7.658863	-25.298468	0	T:472.0(11.99%),B:13233.8(8.76%),P:1e-10	Tpos:49.7,Tstd:28.0,Bpos:412.3,Bstd:1278.9,StrandBias:0.1,Multiplicity:1.10
0.081	0.546	0.357	0.016
0.141	0.799	0.059	0.001
0.001	0.042	0.956	0.001
0.008	0.001	0.971	0.020
0.878	0.001	0.001	0.120
0.951	0.003	0.001	0.045
0.211	0.159	0.534	0.096
0.131	0.276	0.008	0.585
0.170	0.184	0.501	0.145
0.331	0.193	0.338	0.138
>STTCCGCTTT	4-STTCCGCTTT	8.461791	-13.854810	0	T:142.0(3.61%),B:3538.8(2.34%),P:1e-6	Tpos:48.3,Tstd:26.9,Bpos:1205.2,Bstd:4112.4,StrandBias:-0.1,Multiplicity:1.05
0.001	0.461	0.364	0.175
0.106	0.001	0.023	0.870
0.001	0.001	0.032	0.966
0.010	0.988	0.001	0.001
0.014	0.871	0.088	0.027
0.048	0.197	0.601	0.154
0.001	0.554	0.354	0.091
0.098	0.191	0.192	0.519
0.038	0.161	0.017	0.784
0.037	0.223	0.130	0.610
>NVVNCACGYG	5-NVVNCACGYG	7.144489	-12.388422	0	T:399.0(10.14%),B:12220.3(8.09%),P:1e-5	Tpos:47.0,Tstd:27.6,Bpos:371.8,Bstd:1542.8,StrandBias:0.0,Multiplicity:1.00
0.214	0.278	0.285	0.224
0.269	0.263	0.320	0.148
0.337	0.300	0.362	0.001
0.254	0.281	0.294	0.171
0.001	0.997	0.001	0.001
0.945	0.001	0.001	0.053
0.001	0.595	0.001	0.403
0.001	0.001	0.997	0.001
0.001	0.564	0.001	0.434
0.001	0.195	0.537	0.267
>TTTCAGTTCC	6-TTTCAGTTCC	9.613044	-11.204022	0	T:49.0(1.24%),B:948.4(0.63%),P:1e-4	Tpos:45.5,Tstd:25.6,Bpos:3177.3,Bstd:6238.8,StrandBias:1.1,Multiplicity:1.00
0.001	0.059	0.001	0.939
0.001	0.121	0.001	0.877
0.001	0.039	0.026	0.934
0.001	0.962	0.036	0.001
0.924	0.021	0.039	0.016
0.054	0.227	0.669	0.050
0.001	0.001	0.025	0.973
0.053	0.001	0.001	0.945
0.001	0.904	0.044	0.051
0.087	0.889	0.001	0.023
>NGHGCACGYG	7-NGHGCACGYG	8.573594	-9.477856	0	T:140.0(3.56%),B:3820.0(2.53%),P:1e-4	Tpos:55.7,Tstd:27.6,Bpos:277.1,Bstd:557.9,StrandBias:1.0,Multiplicity:1.00
0.241	0.318	0.259	0.182
0.202	0.122	0.675	0.001
0.285	0.341	0.042	0.332
0.068	0.154	0.738	0.040
0.008	0.944	0.019	0.029
0.718	0.037	0.181	0.064
0.001	0.562	0.025	0.412
0.075	0.019	0.901	0.005
0.017	0.507	0.031	0.445
0.039	0.138	0.659	0.164
>WAAGATGGCS	8-WAAGATGGCS	10.930886	-6.544325	0	T:13.0(0.33%),B:180.5(0.12%),P:1e-2	Tpos:70.3,Tstd:20.4,Bpos:514.2,Bstd:1223.8,StrandBias:10.0,Multiplicity:1.00
0.430	0.278	0.001	0.291
0.997	0.001	0.001	0.001
0.997	0.001	0.001	0.001
0.197	0.282	0.520	0.001
0.790	0.001	0.115	0.094
0.001	0.001	0.049	0.949
0.001	0.194	0.804	0.001
0.001	0.001	0.895	0.103
0.001	0.992	0.006	0.001
0.001	0.302	0.448	0.249
>GTGACGCAAG	9-GTGACGCAAG	8.521337	-6.116723	0	T:41.0(1.04%),B:957.6(0.63%),P:1e-2	Tpos:61.2,Tstd:26.3,Bpos:515.0,Bstd:1606.6,StrandBias:0.2,Multiplicity:1.00
0.268	0.148	0.445	0.139
0.141	0.001	0.027	0.831
0.001	0.001	0.926	0.072
0.709	0.139	0.091	0.061
0.001	0.986	0.001	0.012
0.001	0.042	0.824	0.133
0.001	0.667	0.001	0.331
0.681	0.243	0.035	0.041
0.472	0.266	0.205	0.057
0.215	0.188	0.394	0.202
>TAAGGGGGGG	10-TAAGGGGGGG	8.711108	-3.823796	0	T:11.0(0.28%),B:203.8(0.13%),P:1e-1	Tpos:51.5,Tstd:28.2,Bpos:890.3,Bstd:2300.0,StrandBias:-0.6,Multiplicity:1.00
0.130	0.115	0.127	0.628
0.688	0.083	0.107	0.122
0.685	0.066	0.167	0.082
0.103	0.092	0.720	0.085
0.072	0.094	0.746	0.088
0.079	0.106	0.728	0.087
0.093	0.099	0.715	0.093
0.118	0.125	0.663	0.094
0.087	0.103	0.722	0.088
0.083	0.097	0.706	0.114
>SRTGACGYCA	11-SRTGACGYCA	8.580224	-3.602836	0	T:84.0(2.13%),B:2578.5(1.71%),P:1e-1	Tpos:49.6,Tstd:27.1,Bpos:366.5,Bstd:1071.2,StrandBias:0.3,Multiplicity:1.00
0.195	0.368	0.288	0.150
0.322	0.171	0.423	0.084
0.020	0.012	0.015	0.953
0.001	0.001	0.984	0.014
0.671	0.041	0.287	0.001
0.120	0.811	0.001	0.068
0.077	0.084	0.744	0.095
0.006	0.371	0.116	0.507
0.001	0.997	0.001	0.001
0.640	0.170	0.058	0.132
>NNRNCACGCS	12-NNRNCACGCS	6.904015	-3.596541	0	T:44.0(1.12%),B:1230.7(0.82%),P:1e-1	Tpos:35.4,Tstd:20.6,Bpos:302.7,Bstd:635.0,StrandBias:0.7,Multiplicity:1.00
0.292	0.298	0.215	0.195
0.326	0.258	0.222	0.194
0.342	0.136	0.406	0.116
0.298	0.288	0.265	0.150
0.081	0.847	0.033	0.039
0.745	0.050	0.133	0.072
0.107	0.742	0.034	0.117
0.107	0.074	0.760	0.059
0.325	0.640	0.015	0.020
0.040	0.350	0.436	0.173
>AAATGGCGGC	13-AAATGGCGGC	8.246897	-3.208953	0	T:92.0(2.34%),B:2911.2(1.93%),P:1e-1	Tpos:51.3,Tstd:25.2,Bpos:471.7,Bstd:1516.3,StrandBias:0.2,Multiplicity:1.06
0.627	0.095	0.173	0.105
0.651	0.157	0.135	0.057
0.790	0.065	0.074	0.071
0.115	0.078	0.030	0.777
0.068	0.125	0.715	0.092
0.114	0.169	0.654	0.063
0.123	0.765	0.056	0.056
0.143	0.135	0.614	0.108
0.133	0.111	0.618	0.138
0.047	0.645	0.107	0.201
>CGCATGCGCG	14-CGCATGCGCG	9.842819	-3.184465	0	T:101.0(2.57%),B:3230.9(2.14%),P:1e-1	Tpos:50.3,Tstd:28.0,Bpos:281.1,Bstd:543.4,StrandBias:0.0,Multiplicity:1.00
0.063	0.815	0.077	0.045
0.075	0.035	0.853	0.037
0.085	0.863	0.025	0.027
0.700	0.001	0.188	0.111
0.103	0.103	0.001	0.793
0.022	0.017	0.924	0.037
0.013	0.872	0.042	0.073
0.101	0.045	0.774	0.080
0.061	0.742	0.068	0.129
0.188	0.098	0.670	0.044
>TCACGTGACG	15-TCACGTGACG	8.045773	-3.137726	0	T:73.0(1.85%),B:2261.8(1.50%),P:1e-1	Tpos:55.2,Tstd:22.8,Bpos:363.8,Bstd:718.0,StrandBias:0.1,Multiplicity:1.04
0.090	0.133	0.124	0.653
0.069	0.735	0.118	0.078
0.665	0.099	0.120	0.116
0.099	0.688	0.097	0.116
0.111	0.076	0.732	0.081
0.105	0.108	0.078	0.709
0.074	0.131	0.718	0.077
0.699	0.091	0.130	0.080
0.074	0.744	0.105	0.077
0.091	0.122	0.659	0.128
>MGCGTGBBCN	16-MGCGTGBBCN	7.377788	-2.684568	0	T:122.0(3.10%),B:4065.1(2.69%),P:1e-1	Tpos:53.8,Tstd:25.6,Bpos:247.1,Bstd:1078.0,StrandBias:0.7,Multiplicity:1.00
0.261	0.402	0.192	0.144
0.372	0.001	0.626	0.001
0.001	0.997	0.001	0.001
0.399	0.018	0.560	0.023
0.001	0.038	0.001	0.960
0.001	0.001	0.997	0.001
0.147	0.347	0.276	0.230
0.136	0.319	0.270	0.275
0.001	0.460	0.267	0.272
0.238	0.219	0.325	0.217
>CRCRTGSCBV	17-CRCRTGSCBV	8.042489	-1.431723	0	T:104.0(2.64%),B:3705.5(2.45%),P:1e0	Tpos:43.9,Tstd:23.7,Bpos:211.8,Bstd:523.0,StrandBias:-0.6,Multiplicity:1.00
0.238	0.526	0.235	0.001
0.407	0.001	0.510	0.082
0.001	0.969	0.029	0.001
0.430	0.001	0.568	0.001
0.001	0.001	0.001	0.997
0.001	0.001	0.997	0.001
0.221	0.430	0.348	0.001
0.001	0.584	0.414	0.001
0.166	0.304	0.331	0.200
0.226	0.256	0.343	0.175
>NBRCGCACGC	18-NBRCGCACGC	8.232347	-0.722102	0	T:87.0(2.21%),B:3311.8(2.19%),P:1e0	Tpos:54.7,Tstd:28.6,Bpos:280.5,Bstd:596.4,StrandBias:0.3,Multiplicity:1.07
0.214	0.250	0.260	0.277
0.089	0.335	0.269	0.306
0.422	0.095	0.373	0.109
0.200	0.576	0.197	0.027
0.137	0.204	0.560	0.099
0.001	0.887	0.010	0.102
0.791	0.001	0.207	0.001
0.103	0.699	0.061	0.137
0.001	0.001	0.973	0.025
0.001	0.741	0.099	0.159
>VGCGTGBBBN	19-VGCGTGBBBN	7.270096	-0.460416	0	T:131.0(3.33%),B:5160.0(3.42%),P:1e0	Tpos:39.6,Tstd:22.7,Bpos:294.4,Bstd:357.9,StrandBias:-2.0,Multiplicity:1.00
0.284	0.355	0.249	0.112
0.257	0.001	0.556	0.186
0.001	0.997	0.001	0.001
0.405	0.001	0.593	0.001
0.001	0.001	0.001	0.997
0.001	0.001	0.997	0.001
0.062	0.329	0.339	0.270
0.001	0.341	0.393	0.265
0.138	0.332	0.286	0.245
0.226	0.278	0.310	0.185
>DGGGGGGGKD	20-DGGGGGGGKD	7.301425	-0.348560	0	T:7.0(0.18%),B:313.6(0.21%),P:1e0	Tpos:45.3,Tstd:30.2,Bpos:510.7,Bstd:1024.3,StrandBias:-0.4,Multiplicity:1.00
0.310	0.125	0.292	0.274
0.259	0.013	0.535	0.193
0.342	0.012	0.638	0.008
0.311	0.011	0.675	0.003
0.188	0.019	0.786	0.007
0.262	0.006	0.540	0.192
0.245	0.031	0.546	0.178
0.016	0.008	0.630	0.346
0.132	0.010	0.432	0.425
0.293	0.095	0.319	0.293
>GYRGCGTGSY	21-GYRGCGTGSY	8.534145	-0.210596	0	T:5.0(0.13%),B:263.0(0.17%),P:1e0	Tpos:49.0,Tstd:18.2,Bpos:467.2,Bstd:1541.9,StrandBias:2.0,Multiplicity:1.00
0.211	0.241	0.439	0.110
0.162	0.408	0.095	0.335
0.471	0.159	0.354	0.016
0.298	0.001	0.611	0.090
0.001	0.790	0.034	0.175
0.108	0.042	0.849	0.001
0.001	0.010	0.001	0.988
0.001	0.001	0.997	0.001
0.001	0.415	0.414	0.169
0.147	0.321	0.188	0.344
>CACGYGCBCC	22-CACGYGCBCC	9.886583	-0.159615	0	T:23.0(0.58%),B:1076.1(0.71%),P:1e0	Tpos:44.0,Tstd:26.2,Bpos:284.0,Bstd:675.3,StrandBias:1.6,Multiplicity:1.00
0.006	0.992	0.001	0.001
0.762	0.001	0.236	0.001
0.001	0.674	0.001	0.324
0.182	0.001	0.816	0.001
0.001	0.523	0.001	0.475
0.001	0.001	0.997	0.001
0.049	0.724	0.226	0.001
0.136	0.307	0.341	0.216
0.131	0.585	0.219	0.065
0.069	0.599	0.199	0.133
>VCRCGTCACK	23-VCRCGTCACK	8.609371	-0.018966	0	T:15.0(0.38%),B:928.8(0.62%),P:1e0	Tpos:50.8,Tstd:23.7,Bpos:261.5,Bstd:538.2,StrandBias:0.0,Multiplicity:1.00
0.218	0.223	0.362	0.197
0.001	0.732	0.266	0.001
0.382	0.049	0.437	0.132
0.001	0.648	0.001	0.350
0.001	0.117	0.881	0.001
0.163	0.306	0.001	0.530
0.001	0.580	0.392	0.027
0.997	0.001	0.001	0.001
0.001	0.997	0.001	0.001
0.192	0.181	0.383	0.244
>CGCRCGCRYK	24-CGCRCGCRYK	9.817858	-0.001604	0	T:32.0(0.81%),B:1970.4(1.30%),P:1e0	Tpos:41.2,Tstd:27.6,Bpos:273.2,Bstd:710.9,StrandBias:0.0,Multiplicity:1.00
0.302	0.696	0.001	0.001
0.001	0.001	0.590	0.408
0.001	0.997	0.001	0.001
0.412	0.001	0.547	0.040
0.210	0.788	0.001	0.001
0.254	0.001	0.744	0.001
0.001	0.878	0.001	0.120
0.376	0.001	0.524	0.099
0.001	0.550	0.001	0.448
0.001	0.001	0.527	0.471
>GGGGGRAGGG	25-GGGGGRAGGG	9.075018	-0.000455	0	T:17.0(0.43%),B:1312.5(0.87%),P:1e0	Tpos:51.4,Tstd:24.1,Bpos:578.5,Bstd:1964.9,StrandBias:0.0,Multiplicity:1.00
0.281	0.016	0.459	0.243
0.120	0.066	0.792	0.022
0.233	0.164	0.571	0.032
0.090	0.006	0.834	0.070
0.191	0.006	0.754	0.049
0.486	0.005	0.338	0.171
0.640	0.001	0.287	0.072
0.089	0.037	0.793	0.081
0.087	0.173	0.462	0.278
0.189	0.095	0.560	0.156
>ACACGTGSGWNC	1-ACACGTGSGWNC	5.847885	-221.647941	0	T:1658.0(42.12%),B:40004.0(26.49%),P:1e-96	Tpos:51.0,Tstd:23.3,Bpos:475.6,Bstd:1797.8,StrandBias:0.0,Multiplicity:1.16
0.445	0.243	0.193	0.119
0.001	0.997	0.001	0.001
0.997	0.001	0.001	0.001
0.001	0.997	0.001	0.001
0.001	0.001	0.997	0.001
0.208	0.239	0.001	0.552
0.001	0.001	0.997	0.001
0.185	0.367	0.257	0.192
0.108	0.256	0.422	0.213
0.379	0.206	0.154	0.262
0.205	0.340	0.263	0.192
0.200	0.444	0.182	0.175
>GGCCATGTGSYC	2-GGCCATGTGSYC	6.687406	-61.250802	0	T:222.0(5.64%),B:3738.7(2.48%),P:1e-26	Tpos:51.6,Tstd:22.6,Bpos:1909.4,Bstd:5511.6,StrandBias:0.1,Multiplicity:1.04
0.225	0.205	0.390	0.179
0.151	0.341	0.507	0.001
0.146	0.601	0.252	0.001
0.001	0.997	0.001	0.001
0.997	0.001	0.001	0.001
0.001	0.001	0.001	0.997
0.001	0.001	0.997	0.001
0.001	0.001	0.001	0.997
0.001	0.001	0.997	0.001
0.010	0.552	0.437	0.001
0.170	0.383	0.195	0.252
0.001	0.456	0.241	0.303
>CACGTGGCCRGC	3-CACGTGGCCRGC	11.121302	-31.069480	0	T:78.0(1.98%),B:1089.6(0.72%),P:1e-13	Tpos:60.6,Tstd:27.7,Bpos:441.0,Bstd:1258.0,StrandBias:0.0,Multiplicity:1.00
0.138	0.726	0.001	0.135
0.632	0.009	0.174	0.185
0.001	0.749	0.088	0.162
0.087	0.026	0.886	0.001
0.006	0.001	0.001	0.992
0.001	0.001	0.997	0.001
0.001	0.001	0.997	0.001
0.001	0.997	0.001	0.001
0.001	0.997	0.001	0.001
0.368	0.175	0.295	0.161
0.001	0.086	0.912	0.001
0.087	0.739	0.173	0.001
>NRRSCGGAAGTG	4-NRRSCGGAAGTG	9.784996	-18.483242	0	T:206.0(5.23%),B:5199.1(3.44%),P:1e-8	Tpos:48.4,Tstd:27.8,Bpos:371.7,Bstd:1020.1,StrandBias:0.0,Multiplicity:1.03
0.292	0.275	0.270	0.163
0.493	0.147	0.359	0.001
0.325	0.201	0.405	0.070
0.009	0.515	0.475	0.001
0.252	0.654	0.093	0.001
0.001	0.001	0.997	0.001
0.001	0.001	0.997	0.001
0.997	0.001	0.001	0.001
0.997	0.001	0.001	0.001
0.001	0.001	0.997	0.001
0.084	0.340	0.046	0.530
0.161	0.231	0.479	0.130
>GCCCGGAAACCA	5-GCCCGGAAACCA	13.134925	-15.668827	0	T:10.0(0.25%),B:35.5(0.02%),P:1e-6	Tpos:42.9,Tstd:27.4,Bpos:1218.2,Bstd:2178.8,StrandBias:-0.6,Multiplicity:1.00
0.001	0.001	0.997	0.001
0.001	0.997	0.001	0.001
0.001	0.997	0.001	0.001
0.065	0.933	0.001	0.001
0.072	0.124	0.803	0.001
0.001	0.001	0.997	0.001
0.958	0.001	0.040	0.001
0.997	0.001	0.001	0.001
0.828	0.105	0.066	0.001
0.001	0.893	0.001	0.105
0.001	0.893	0.105	0.001
0.811	0.035	0.048	0.106
>CACCGCGTGGCC	6-CACCGCGTGGCC	13.272873	-14.208741	0	T:6.0(0.15%),B:8.8(0.01%),P:1e-6	Tpos:9.0,Tstd:0.0,Bpos:363.8,Bstd:118.9,StrandBias:-10.0,Multiplicity:1.00
0.001	0.997	0.001	0.001
0.648	0.010	0.058	0.284
0.001	0.679	0.319	0.001
0.211	0.752	0.001	0.036
0.001	0.001	0.943	0.055
0.001	0.887	0.084	0.028
0.121	0.001	0.811	0.067
0.211	0.130	0.001	0.658
0.001	0.047	0.951	0.001
0.164	0.297	0.489	0.050
0.001	0.694	0.304	0.001
0.001	0.729	0.269	0.001
>MAAGATGGCGGC	7-MAAGATGGCGGC	11.247799	-13.407931	0	T:86.0(2.18%),B:1885.4(1.25%),P:1e-5	Tpos:49.4,Tstd:23.5,Bpos:349.3,Bstd:900.9,StrandBias:0.4,Multiplicity:1.02
0.457	0.309	0.094	0.140
0.980	0.001	0.018	0.001
0.804	0.018	0.177	0.001
0.203	0.168	0.577	0.052
0.927	0.071	0.001	0.001
0.133	0.001	0.001	0.865
0.001	0.001	0.997	0.001
0.001	0.001	0.997	0.001
0.001	0.913	0.085	0.001
0.060	0.222	0.641	0.077
0.052	0.001	0.946	0.001
0.144	0.721	0.038	0.097
>TTTCHCTTCCKC	8-TTTCHCTTCCKC	10.959363	-9.957373	0	T:17.0(0.43%),B:200.5(0.13%),P:1e-4	Tpos:56.5,Tstd:27.0,Bpos:1514.0,Bstd:3536.5,StrandBias:0.3,Multiplicity:1.00
0.001	0.368	0.099	0.532
0.049	0.240	0.210	0.501
0.001	0.311	0.141	0.547
0.001	0.889	0.093	0.017
0.384	0.237	0.135	0.244
0.001	0.755	0.125	0.119
0.063	0.001	0.001	0.935
0.001	0.030	0.060	0.909
0.001	0.973	0.001	0.025
0.008	0.931	0.001	0.060
0.021	0.228	0.344	0.406
0.001	0.609	0.253	0.137
>GCGCGCGCACGC	9-GCGCGCGCACGC	10.838000	-7.559242	0	T:25.0(0.64%),B:445.1(0.29%),P:1e-3	Tpos:46.2,Tstd:25.0,Bpos:232.0,Bstd:315.7,StrandBias:2.6,Multiplicity:1.00
0.151	0.269	0.453	0.128
0.082	0.790	0.075	0.053
0.044	0.187	0.558	0.211
0.048	0.668	0.240	0.044
0.124	0.035	0.706	0.135
0.052	0.646	0.272	0.030
0.178	0.166	0.527	0.129
0.024	0.894	0.043	0.039
0.539	0.027	0.237	0.197
0.021	0.733	0.033	0.213
0.101	0.129	0.597	0.173
0.050	0.756	0.023	0.171
>CCGGAAGTRRYB	10-CCGGAAGTRRYB	10.694197	-6.189081	0	T:82.0(2.08%),B:2235.1(1.48%),P:1e-2	Tpos:43.7,Tstd:25.2,Bpos:358.4,Bstd:1036.1,StrandBias:0.1,Multiplicity:1.00
0.001	0.966	0.032	0.001
0.001	0.997	0.001	0.001
0.001	0.001	0.997	0.001
0.001	0.001	0.997	0.001
0.997	0.001	0.001	0.001
0.933	0.001	0.001	0.065
0.123	0.197	0.679	0.001
0.066	0.284	0.177	0.473
0.468	0.135	0.363	0.034
0.436	0.157	0.406	0.001
0.001	0.524	0.092	0.383
0.001	0.320	0.332	0.347
>MGGAAGTGVCGC	11-MGGAAGTGVCGC	11.505600	-5.893833	0	T:22.0(0.56%),B:424.2(0.28%),P:1e-2	Tpos:47.7,Tstd:29.0,Bpos:260.6,Bstd:609.6,StrandBias:1.8,Multiplicity:1.00
0.413	0.537	0.049	0.001
0.001	0.001	0.997	0.001
0.001	0.001	0.997	0.001
0.953	0.001	0.001	0.045
0.915	0.012	0.001	0.072
0.275	0.001	0.723	0.001
0.092	0.280	0.001	0.627
0.244	0.001	0.588	0.167
0.297	0.373	0.330	0.001
0.197	0.552	0.135	0.116
0.001	0.205	0.661	0.133
0.001	0.515	0.211	0.273
>GTCACGTGGGCG	12-GTCACGTGGGCG	10.419902	-5.464521	0	T:69.0(1.75%),B:1878.1(1.24%),P:1e-2	Tpos:44.7,Tstd:23.1,Bpos:290.5,Bstd:938.1,StrandBias:-0.3,Multiplicity:1.00
0.001	0.001	0.997	0.001
0.015	0.221	0.072	0.692
0.070	0.796	0.090	0.044
0.664	0.070	0.078	0.188
0.064	0.813	0.054	0.069
0.279	0.013	0.707	0.001
0.001	0.079	0.179	0.741
0.001	0.108	0.890	0.001
0.001	0.177	0.821	0.001
0.104	0.144	0.677	0.075
0.001	0.997	0.001	0.001
0.001	0.001	0.997	0.001
>GTGCGWSGBBTA	13-GTGCGWSGBBTA	10.792518	-4.769909	0	T:4.0(0.10%),B:28.2(0.02%),P:1e-2	Tpos:70.0,Tstd:19.2,Bpos:450.5,Bstd:332.9,StrandBias:1.6,Multiplicity:1.00
0.142	0.001	0.856	0.001
0.239	0.001	0.027	0.733
0.001	0.080	0.918	0.001
0.043	0.906	0.050	0.001
0.001	0.078	0.920	0.001
0.372	0.001	0.186	0.440
0.001	0.521	0.477	0.001
0.100	0.001	0.805	0.094
0.001	0.318	0.330	0.351
0.077	0.288	0.274	0.361
0.218	0.229	0.053	0.500
0.766	0.070	0.071	0.093
>ARSCGGAAGYGS	14-ARSCGGAAGYGS	10.573370	-4.573183	0	T:31.0(0.79%),B:746.8(0.49%),P:1e-1	Tpos:42.0,Tstd:2.0,Bpos:301.1,Bstd:772.5,StrandBias:-10.0,Multiplicity:1.00
0.501	0.134	0.218	0.147
0.424	0.115	0.459	0.001
0.117	0.477	0.406	0.001
0.265	0.522	0.212	0.001
0.001	0.001	0.997	0.001
0.033	0.001	0.965	0.001
0.997	0.001	0.001	0.001
0.997	0.001	0.001	0.001
0.001	0.214	0.784	0.001
0.001	0.477	0.061	0.461
0.125	0.103	0.534	0.238
0.110	0.419	0.470	0.001
>GRGGCGTGGCYW	15-GRGGCGTGGCYW	12.011944	-4.110165	0	T:39.0(0.99%),B:1026.7(0.68%),P:1e-1	Tpos:57.8,Tstd:23.3,Bpos:275.6,Bstd:687.1,StrandBias:-0.1,Multiplicity:1.08
0.173	0.220	0.496	0.111
0.467	0.138	0.350	0.045
0.001	0.001	0.997	0.001
0.001	0.001	0.997	0.001
0.001	0.934	0.064	0.001
0.001	0.001	0.997	0.001
0.001	0.001	0.001	0.997
0.001	0.001	0.997	0.001
0.001	0.112	0.886	0.001
0.001	0.729	0.001	0.269
0.001	0.444	0.152	0.403
0.293	0.101	0.207	0.399
>ACTTCGCGTGTT	16-ACTTCGCGTGTT	15.240287	-3.672802	0	T:1.0(0.03%),B:0.0(0.00%),P:1e-1	Tpos:46.0,Tstd:0.0,Bpos:0.0,Bstd:0.0,StrandBias:10.0,Multiplicity:1.00
0.851	0.057	0.058	0.034
0.014	0.944	0.027	0.015
0.016	0.120	0.026	0.838
0.012	0.020	0.127	0.841
0.016	0.943	0.025	0.016
0.082	0.034	0.869	0.015
0.015	0.951	0.020	0.014
0.016	0.030	0.936	0.018
0.017	0.046	0.031	0.906
0.016	0.032	0.933	0.019
0.013	0.125	0.026	0.836
0.034	0.052	0.065	0.849
>TGTTTKCTGTAC	17-TGTTTKCTGTAC	11.361626	-3.088089	0	T:4.0(0.10%),B:49.3(0.03%),P:1e-1	Tpos:44.9,Tstd:20.9,Bpos:5782.1,Bstd:6783.1,StrandBias:-0.4,Multiplicity:1.75
0.001	0.176	0.073	0.750
0.355	0.001	0.540	0.104
0.095	0.095	0.081	0.729
0.287	0.001	0.001	0.711
0.001	0.001	0.001	0.997
0.185	0.001	0.418	0.396
0.286	0.700	0.008	0.006
0.001	0.001	0.001	0.997
0.195	0.168	0.636	0.001
0.001	0.039	0.001	0.959
0.918	0.001	0.080	0.001
0.359	0.589	0.051	0.001
>RSCGGAAGWGGS	18-RSCGGAAGWGGS	9.133463	-2.723628	0	T:87.0(2.21%),B:2812.2(1.86%),P:1e-1	Tpos:42.8,Tstd:24.8,Bpos:325.0,Bstd:927.9,StrandBias:0.0,Multiplicity:1.03
0.364	0.156	0.304	0.176
0.001	0.456	0.473	0.070
0.169	0.707	0.092	0.032
0.001	0.001	0.987	0.011
0.001	0.034	0.964	0.001
0.950	0.006	0.029	0.015
0.645	0.018	0.001	0.336
0.007	0.263	0.729	0.001
0.298	0.198	0.131	0.373
0.179	0.198	0.466	0.157
0.070	0.308	0.486	0.136
0.189	0.373	0.347	0.091
>ACACCGTGCGTA	19-ACACCGTGCGTA	10.909954	-2.636118	0	T:3.0(0.08%),B:35.0(0.02%),P:1e-1	Tpos:67.0,Tstd:15.9,Bpos:469.1,Bstd:899.7,StrandBias:-1.0,Multiplicity:1.00
0.752	0.126	0.012	0.110
0.340	0.550	0.001	0.109
0.570	0.110	0.077	0.243
0.001	0.549	0.219	0.231
0.001	0.997	0.001	0.001
0.001	0.001	0.997	0.001
0.109	0.362	0.001	0.528
0.109	0.001	0.889	0.001
0.001	0.658	0.001	0.340
0.001	0.001	0.997	0.001
0.001	0.208	0.001	0.790
0.540	0.001	0.103	0.356
>SCGCCACSTGCG	20-SCGCCACSTGCG	12.536265	-2.089613	0	T:4.0(0.10%),B:71.7(0.05%),P:1e0	Tpos:39.7,Tstd:26.4,Bpos:327.2,Bstd:774.6,StrandBias:1.0,Multiplicity:1.00
0.014	0.476	0.440	0.070
0.034	0.809	0.088	0.069
0.045	0.057	0.845	0.053
0.009	0.957	0.006	0.028
0.059	0.774	0.119	0.048
0.594	0.351	0.008	0.047
0.024	0.784	0.154	0.038
0.047	0.501	0.435	0.017
0.038	0.156	0.068	0.738
0.001	0.029	0.960	0.010
0.043	0.923	0.033	0.001
0.250	0.250	0.451	0.049
>MGCKTGGCGCCC	21-MGCKTGGCGCCC	12.177896	-1.768944	0	T:10.0(0.25%),B:268.0(0.18%),P:1e0	Tpos:58.8,Tstd:3.9,Bpos:282.4,Bstd:466.9,StrandBias:0.0,Multiplicity:1.00
0.539	0.459	0.001	0.001
0.145	0.001	0.562	0.292
0.001	0.868	0.067	0.064
0.003	0.041	0.446	0.510
0.007	0.001	0.001	0.991
0.001	0.049	0.901	0.049
0.001	0.022	0.976	0.001
0.075	0.660	0.201	0.064
0.001	0.001	0.997	0.001
0.046	0.952	0.001	0.001
0.108	0.858	0.033	0.001
0.150	0.608	0.211	0.031
>VTGCGCATGCGC	22-VTGCGCATGCGC	15.156916	-0.879464	0	T:9.0(0.23%),B:308.2(0.20%),P:1e0	Tpos:46.9,Tstd:25.1,Bpos:308.4,Bstd:516.2,StrandBias:1.8,Multiplicity:1.00
0.401	0.294	0.255	0.050
0.001	0.110	0.090	0.799
0.001	0.001	0.997	0.001
0.001	0.997	0.001	0.001
0.001	0.001	0.997	0.001
0.001	0.997	0.001	0.001
0.997	0.001	0.001	0.001
0.001	0.001	0.001	0.997
0.001	0.001	0.997	0.001
0.001	0.997	0.001	0.001
0.001	0.001	0.997	0.001
0.001	0.997	0.001	0.001
>YGCGCAKGCGCA	23-YGCGCAKGCGCA	12.562952	-0.501937	0	T:49.0(1.24%),B:1939.7(1.28%),P:1e0	Tpos:47.9,Tstd:24.7,Bpos:266.3,Bstd:443.4,StrandBias:0.1,Multiplicity:1.00
0.034	0.480	0.100	0.386
0.001	0.001	0.997	0.001
0.153	0.753	0.093	0.001
0.001	0.001	0.997	0.001
0.001	0.981	0.017	0.001
0.810	0.069	0.120	0.001
0.118	0.186	0.368	0.328
0.001	0.001	0.997	0.001
0.001	0.814	0.043	0.142
0.240	0.001	0.758	0.001
0.001	0.955	0.001	0.043
0.679	0.143	0.177	0.001
>YAGCGCGCGCGC	24-YAGCGCGCGCGC	12.305313	-0.103911	0	T:14.0(0.36%),B:730.7(0.48%),P:1e0	Tpos:44.5,Tstd:17.6,Bpos:299.7,Bstd:678.9,StrandBias:-0.2,Multiplicity:1.00
0.178	0.354	0.181	0.288
0.624	0.113	0.001	0.262
0.001	0.110	0.759	0.130
0.244	0.590	0.001	0.165
0.001	0.082	0.798	0.119
0.001	0.973	0.001	0.025
0.001	0.001	0.917	0.081
0.020	0.978	0.001	0.001
0.001	0.001	0.997	0.001
0.202	0.796	0.001	0.001
0.046	0.203	0.750	0.001
0.212	0.628	0.159	0.001
>YCCCCCYCCCCC	25-YCCCCCYCCCCC	12.706239	-0.070612	0	T:10.0(0.25%),B:579.6(0.38%),P:1e0	Tpos:69.4,Tstd:20.3,Bpos:656.0,Bstd:2532.6,StrandBias:1.0,Multiplicity:1.00
0.203	0.382	0.074	0.341
0.035	0.857	0.041	0.067
0.039	0.899	0.020	0.042
0.046	0.910	0.024	0.020
0.061	0.813	0.037	0.089
0.056	0.578	0.009	0.357
0.029	0.468	0.020	0.483
0.041	0.851	0.071	0.037
0.040	0.833	0.067	0.060
0.011	0.882	0.032	0.075
0.032	0.909	0.039	0.020
0.269	0.569	0.064	0.098
>CACGTGGC	1-CACGTGGC	5.450295	-353.976786	0	T:1654.0(42.02%),B:34328.6(22.74%),P:1e-153	Tpos:50.9,Tstd:23.5,Bpos:654.7,Bstd:2432.9,StrandBias:-0.0,Multiplicity:1.12
0.003	0.995	0.001	0.001
0.930	0.001	0.047	0.022
0.001	0.964	0.001	0.034
0.055	0.001	0.943	0.001
0.052	0.072	0.001	0.875
0.001	0.001	0.993	0.005
0.038	0.055	0.856	0.051
0.096	0.626	0.161	0.117
>CRYGTGCD	2-CRYGTGCD	6.847607	-160.096308	0	T:468.0(11.89%),B:7096.3(4.70%),P:1e-69	Tpos:56.2,Tstd:21.2,Bpos:1977.3,Bstd:5020.1,StrandBias:0.1,Multiplicity:1.04
0.001	0.881	0.117	0.001
0.455	0.024	0.424	0.097
0.039	0.541	0.016	0.404
0.105	0.001	0.870	0.024
0.014	0.323	0.031	0.632
0.208	0.001	0.757	0.034
0.051	0.558	0.095	0.296
0.303	0.011	0.304	0.382
>RCCACRTG	3-RCCACRTG	7.556734	-144.863147	0	T:447.0(11.36%),B:6974.4(4.62%),P:1e-62	Tpos:52.0,Tstd:25.0,Bpos:1533.6,Bstd:5537.9,StrandBias:-0.5,Multiplicity:1.02
0.403	0.001	0.444	0.152
0.221	0.550	0.225	0.004
0.222	0.776	0.001	0.001
0.600	0.001	0.392	0.007
0.001	0.785	0.001	0.213
0.555	0.001	0.443	0.001
0.001	0.001	0.001	0.997
0.001	0.001	0.997	0.001
>ACTTCCGC	4-ACTTCCGC	9.627477	-24.118958	0	T:206.0(5.23%),B:4832.4(3.20%),P:1e-10	Tpos:44.4,Tstd:29.2,Bpos:394.3,Bstd:972.3,StrandBias:-0.5,Multiplicity:1.05
0.914	0.001	0.032	0.053
0.002	0.887	0.032	0.079
0.022	0.001	0.001	0.976
0.004	0.001	0.001	0.994
0.001	0.985	0.006	0.008
0.001	0.990	0.001	0.008
0.012	0.085	0.803	0.100
0.001	0.597	0.376	0.026
>YRCTTCCG	5-YRCTTCCG	7.879363	-18.938396	0	T:407.0(10.34%),B:11704.3(7.75%),P:1e-8	Tpos:49.1,Tstd:28.3,Bpos:1071.4,Bstd:5379.9,StrandBias:0.0,Multiplicity:1.09
0.201	0.396	0.147	0.256
0.534	0.001	0.464	0.001
0.001	0.660	0.086	0.253
0.001	0.001	0.001	0.997
0.001	0.001	0.001	0.997
0.001	0.997	0.001	0.001
0.001	0.997	0.001	0.001
0.001	0.121	0.576	0.302
>ACATGTGC	6-ACATGTGC	10.342808	-10.863034	0	T:33.0(0.84%),B:545.9(0.36%),P:1e-4	Tpos:50.5,Tstd:24.4,Bpos:4661.7,Bstd:7080.9,StrandBias:0.2,Multiplicity:1.03
0.583	0.246	0.170	0.001
0.001	0.997	0.001	0.001
0.997	0.001	0.001	0.001
0.001	0.001	0.001	0.997
0.001	0.001	0.997	0.001
0.001	0.001	0.001	0.997
0.001	0.001	0.997	0.001
0.001	0.827	0.171	0.001
>MGCGTGRC	7-MGCGTGRC	8.785411	-6.178420	0	T:187.0(4.75%),B:5770.9(3.82%),P:1e-2	Tpos:49.8,Tstd:24.1,Bpos:349.9,Bstd:909.1,StrandBias:-0.9,Multiplicity:1.00
0.343	0.410	0.246	0.001
0.001	0.001	0.997	0.001
0.001	0.997	0.001	0.001
0.001	0.001	0.997	0.001
0.001	0.001	0.001	0.997
0.001	0.001	0.997	0.001
0.411	0.173	0.415	0.001
0.001	0.601	0.001	0.397
>CTTCCGGT	8-CTTCCGGT	8.729112	-5.659341	0	T:65.0(1.65%),B:1733.8(1.15%),P:1e-2	Tpos:63.4,Tstd:29.9,Bpos:489.5,Bstd:1856.5,StrandBias:0.3,Multiplicity:1.00
0.031	0.602	0.183	0.184
0.153	0.021	0.063	0.763
0.079	0.006	0.021	0.894
0.055	0.805	0.066	0.074
0.029	0.873	0.063	0.035
0.029	0.082	0.718	0.171
0.040	0.134	0.719	0.107
0.100	0.130	0.137	0.633
>TTCCGGTT	9-TTCCGGTT	8.683177	-3.955088	0	T:29.0(0.74%),B:723.3(0.48%),P:1e-1	Tpos:52.9,Tstd:28.3,Bpos:790.5,Bstd:2763.1,StrandBias:-0.3,Multiplicity:1.00
0.078	0.061	0.012	0.849
0.035	0.039	0.036	0.890
0.006	0.840	0.069	0.085
0.021	0.855	0.049	0.075
0.054	0.070	0.758	0.118
0.060	0.229	0.631	0.080
0.053	0.215	0.165	0.567
0.107	0.170	0.111	0.612
>GCATGCGB	10-GCATGCGB	7.625424	-1.541090	0	T:312.0(7.93%),B:11440.8(7.58%),P:1e0	Tpos:51.8,Tstd:25.8,Bpos:394.7,Bstd:1285.8,StrandBias:0.1,Multiplicity:1.01
0.277	0.221	0.501	0.001
0.001	0.997	0.001	0.001
0.790	0.001	0.208	0.001
0.001	0.332	0.001	0.666
0.001	0.001	0.997	0.001
0.001	0.708	0.001	0.290
0.001	0.001	0.890	0.108
0.071	0.380	0.281	0.268
>AAATGGCG	11-AAATGGCG	7.411402	-1.008132	0	T:106.0(2.69%),B:3918.4(2.60%),P:1e0	Tpos:51.3,Tstd:25.8,Bpos:498.3,Bstd:1627.8,StrandBias:0.3,Multiplicity:1.05
0.713	0.071	0.099	0.117
0.621	0.155	0.161	0.063
0.758	0.055	0.150	0.037
0.078	0.055	0.082	0.785
0.034	0.109	0.824	0.033
0.150	0.117	0.696	0.037
0.018	0.836	0.120	0.026
0.060	0.070	0.771	0.099
>GTGACGTA	12-GTGACGTA	8.104102	-0.883711	0	T:18.0(0.46%),B:642.0(0.43%),P:1e0	Tpos:52.6,Tstd:29.8,Bpos:949.5,Bstd:1956.9,StrandBias:-0.6,Multiplicity:1.00
0.273	0.267	0.443	0.017
0.031	0.022	0.001	0.946
0.073	0.203	0.574	0.150
0.879	0.043	0.001	0.077
0.001	0.834	0.099	0.066
0.085	0.011	0.903	0.001
0.001	0.221	0.001	0.777
0.662	0.218	0.012	0.108
>RMGCATGC	13-RMGCATGC	7.299551	-0.436203	0	T:74.0(1.88%),B:2951.2(1.95%),P:1e0	Tpos:50.6,Tstd:26.3,Bpos:425.4,Bstd:1108.7,StrandBias:-0.3,Multiplicity:1.00
0.287	0.208	0.409	0.095
0.400	0.476	0.022	0.102
0.402	0.001	0.596	0.001
0.041	0.891	0.041	0.027
0.774	0.001	0.180	0.045
0.092	0.370	0.001	0.537
0.001	0.001	0.997	0.001
0.001	0.527	0.127	0.345
>CGCGTGCB	14-CGCGTGCB	10.170380	-0.418890	0	T:81.0(2.06%),B:3236.4(2.14%),P:1e0	Tpos:45.0,Tstd:24.0,Bpos:389.7,Bstd:1726.2,StrandBias:0.0,Multiplicity:1.00
0.001	0.997	0.001	0.001
0.001	0.001	0.997	0.001
0.001	0.997	0.001	0.001
0.001	0.001	0.997	0.001
0.001	0.001	0.001	0.997
0.001	0.001	0.997	0.001
0.001	0.997	0.001	0.001
0.001	0.407	0.333	0.259
>VCGCGTGS	15-VCGCGTGS	7.233387	-0.374153	0	T:26.0(0.66%),B:1083.1(0.72%),P:1e0	Tpos:48.0,Tstd:10.2,Bpos:413.9,Bstd:1316.8,StrandBias:1.0,Multiplicity:1.00
0.319	0.318	0.270	0.093
0.253	0.523	0.195	0.029
0.273	0.001	0.601	0.125
0.001	0.790	0.001	0.208
0.302	0.001	0.696	0.001
0.039	0.067	0.001	0.893
0.009	0.001	0.989	0.001
0.001	0.327	0.434	0.238
>TTACGBMA	16-TTACGBMA	8.160497	-0.268511	0	T:6.0(0.15%),B:290.4(0.19%),P:1e0	Tpos:65.2,Tstd:31.5,Bpos:812.4,Bstd:1890.8,StrandBias:0.0,Multiplicity:1.00
0.001	0.001	0.001	0.997
0.001	0.001	0.001	0.997
0.590	0.317	0.092	0.001
0.001	0.997	0.001	0.001
0.001	0.001	0.997	0.001
0.001	0.261	0.336	0.403
0.316	0.438	0.114	0.132
0.519	0.147	0.001	0.333
>YGCGCGYG	17-YGCGCGYG	7.449557	-0.161715	0	T:81.0(2.06%),B:3466.7(2.30%),P:1e0	Tpos:42.7,Tstd:32.0,Bpos:391.2,Bstd:1191.4,StrandBias:-0.6,Multiplicity:1.00
0.001	0.497	0.001	0.501
0.001	0.124	0.874	0.001
0.001	0.824	0.001	0.174
0.399	0.001	0.599	0.001
0.001	0.628	0.001	0.370
0.381	0.001	0.585	0.033
0.001	0.466	0.001	0.532
0.001	0.001	0.621	0.377
>TTCCGCNN	18-TTCCGCNN	7.176014	-0.139249	0	T:8.0(0.20%),B:431.5(0.29%),P:1e0	Tpos:66.2,Tstd:24.0,Bpos:1241.6,Bstd:5420.8,StrandBias:0.6,Multiplicity:1.00
0.011	0.022	0.001	0.966
0.014	0.001	0.032	0.953
0.001	0.681	0.170	0.148
0.001	0.997	0.001	0.001
0.001	0.206	0.656	0.137
0.026	0.500	0.307	0.167
0.316	0.196	0.222	0.266
0.308	0.236	0.199	0.257
>CTTCCGSH	19-CTTCCGSH	6.551290	-0.066129	0	T:119.0(3.02%),B:5214.9(3.45%),P:1e0	Tpos:46.7,Tstd:27.1,Bpos:352.9,Bstd:1268.0,StrandBias:-0.4,Multiplicity:1.05
0.158	0.414	0.182	0.246
0.291	0.001	0.001	0.707
0.001	0.001	0.001	0.997
0.158	0.429	0.249	0.164
0.001	0.860	0.041	0.098
0.001	0.065	0.708	0.226
0.039	0.426	0.382	0.153
0.272	0.329	0.080	0.320
>GCRTGCGC	20-GCRTGCGC	7.687328	-0.064361	0	T:277.0(7.04%),B:11595.7(7.68%),P:1e0	Tpos:49.4,Tstd:25.6,Bpos:307.9,Bstd:898.6,StrandBias:-0.5,Multiplicity:1.05
0.354	0.018	0.614	0.014
0.010	0.988	0.001	0.001
0.495	0.001	0.471	0.033
0.001	0.119	0.001	0.879
0.001	0.001	0.997	0.001
0.001	0.692	0.001	0.306
0.010	0.188	0.555	0.247
0.036	0.571	0.143	0.250
>DYTTCCGS	21-DYTTCCGS	8.525850	-0.061625	0	T:58.0(1.47%),B:2698.5(1.79%),P:1e0	Tpos:53.8,Tstd:28.2,Bpos:417.0,Bstd:1332.5,StrandBias:-0.2,Multiplicity:1.02
0.251	0.003	0.400	0.345
0.001	0.393	0.106	0.500
0.042	0.001	0.001	0.956
0.001	0.001	0.001	0.997
0.001	0.997	0.001	0.001
0.001	0.997	0.001	0.001
0.001	0.001	0.881	0.117
0.022	0.516	0.461	0.001
>CACGCGCC	22-CACGCGCC	10.302467	-0.025623	0	T:124.0(3.15%),B:5621.7(3.72%),P:1e0	Tpos:47.4,Tstd:29.6,Bpos:314.6,Bstd:1083.0,StrandBias:0.4,Multiplicity:1.00
0.001	0.997	0.001	0.001
0.997	0.001	0.001	0.001
0.001	0.918	0.001	0.080
0.001	0.001	0.997	0.001
0.001	0.997	0.001	0.001
0.001	0.001	0.997	0.001
0.111	0.887	0.001	0.001
0.001	0.567	0.316	0.116
>KSCGGAAR	23-KSCGGAAR	7.539370	-0.024982	0	T:34.0(0.86%),B:1782.3(1.18%),P:1e0	Tpos:52.3,Tstd:32.3,Bpos:465.2,Bstd:1703.2,StrandBias:-0.2,Multiplicity:1.00
0.198	0.083	0.418	0.302
0.191	0.331	0.463	0.015
0.183	0.804	0.012	0.001
0.001	0.001	0.995	0.003
0.136	0.090	0.669	0.105
0.997	0.001	0.001	0.001
0.668	0.001	0.020	0.311
0.416	0.122	0.349	0.114
>CCACGCGC	24-CCACGCGC	9.055676	-0.008069	0	T:129.0(3.28%),B:6049.7(4.01%),P:1e0	Tpos:65.3,Tstd:20.0,Bpos:298.3,Bstd:979.8,StrandBias:-0.2,Multiplicity:1.00
0.224	0.590	0.074	0.112
0.001	0.997	0.001	0.001
0.997	0.001	0.001	0.001
0.001	0.634	0.001	0.364
0.001	0.001	0.997	0.001
0.093	0.635	0.001	0.271
0.001	0.001	0.997	0.001
0.130	0.557	0.312	0.001
>GGCGTGNT	25-GGCGTGNT	8.990282	-0.001385	0	T:27.0(0.69%),B:1739.1(1.15%),P:1e0	Tpos:53.9,Tstd:21.9,Bpos:419.5,Bstd:1369.3,StrandBias:0.4,Multiplicity:1.00
0.001	0.295	0.481	0.223
0.001	0.001	0.997	0.001
0.001	0.997	0.001	0.001
0.001	0.001	0.997	0.001
0.001	0.001	0.001	0.997
0.001	0.001	0.997	0.001
0.195	0.314	0.241	0.250
0.001	0.175	0.001	0.823
