>ACACGTGSGWNC	1-ACACGTGSGWNC	5.847885	-221.647941	0	T:1658.0(42.12%),B:40004.0(26.49%),P:1e-96	Tpos:51.0,Tstd:23.3,Bpos:475.6,Bstd:1797.8,StrandBias:0.0,Multiplicity:1.16
0.445	0.243	0.193	0.119
0.001	0.997	0.001	0.001
0.997	0.001	0.001	0.001
0.001	0.997	0.001	0.001
0.001	0.001	0.997	0.001
0.208	0.239	0.001	0.552
0.001	0.001	0.997	0.001
0.185	0.367	0.257	0.192
0.108	0.256	0.422	0.213
0.379	0.206	0.154	0.262
0.205	0.340	0.263	0.192
0.200	0.444	0.182	0.175
>GGCCATGTGSYC	2-GGCCATGTGSYC	6.687406	-61.250802	0	T:222.0(5.64%),B:3738.7(2.48%),P:1e-26	Tpos:51.6,Tstd:22.6,Bpos:1909.4,Bstd:5511.6,StrandBias:0.1,Multiplicity:1.04
0.225	0.205	0.390	0.179
0.151	0.341	0.507	0.001
0.146	0.601	0.252	0.001
0.001	0.997	0.001	0.001
0.997	0.001	0.001	0.001
0.001	0.001	0.001	0.997
0.001	0.001	0.997	0.001
0.001	0.001	0.001	0.997
0.001	0.001	0.997	0.001
0.010	0.552	0.437	0.001
0.170	0.383	0.195	0.252
0.001	0.456	0.241	0.303
>CACGTGGCCRGC	3-CACGTGGCCRGC	11.121302	-31.069480	0	T:78.0(1.98%),B:1089.6(0.72%),P:1e-13	Tpos:60.6,Tstd:27.7,Bpos:441.0,Bstd:1258.0,StrandBias:0.0,Multiplicity:1.00
0.138	0.726	0.001	0.135
0.632	0.009	0.174	0.185
0.001	0.749	0.088	0.162
0.087	0.026	0.886	0.001
0.006	0.001	0.001	0.992
0.001	0.001	0.997	0.001
0.001	0.001	0.997	0.001
0.001	0.997	0.001	0.001
0.001	0.997	0.001	0.001
0.368	0.175	0.295	0.161
0.001	0.086	0.912	0.001
0.087	0.739	0.173	0.001
>NRRSCGGAAGTG	4-NRRSCGGAAGTG	9.784996	-18.483242	0	T:206.0(5.23%),B:5199.1(3.44%),P:1e-8	Tpos:48.4,Tstd:27.8,Bpos:371.7,Bstd:1020.1,StrandBias:0.0,Multiplicity:1.03
0.292	0.275	0.270	0.163
0.493	0.147	0.359	0.001
0.325	0.201	0.405	0.070
0.009	0.515	0.475	0.001
0.252	0.654	0.093	0.001
0.001	0.001	0.997	0.001
0.001	0.001	0.997	0.001
0.997	0.001	0.001	0.001
0.997	0.001	0.001	0.001
0.001	0.001	0.997	0.001
0.084	0.340	0.046	0.530
0.161	0.231	0.479	0.130
>GCCCGGAAACCA	5-GCCCGGAAACCA	13.134925	-15.668827	0	T:10.0(0.25%),B:35.5(0.02%),P:1e-6	Tpos:42.9,Tstd:27.4,Bpos:1218.2,Bstd:2178.8,StrandBias:-0.6,Multiplicity:1.00
0.001	0.001	0.997	0.001
0.001	0.997	0.001	0.001
0.001	0.997	0.001	0.001
0.065	0.933	0.001	0.001
0.072	0.124	0.803	0.001
0.001	0.001	0.997	0.001
0.958	0.001	0.040	0.001
0.997	0.001	0.001	0.001
0.828	0.105	0.066	0.001
0.001	0.893	0.001	0.105
0.001	0.893	0.105	0.001
0.811	0.035	0.048	0.106
>CACCGCGTGGCC	6-CACCGCGTGGCC	13.272873	-14.208741	0	T:6.0(0.15%),B:8.8(0.01%),P:1e-6	Tpos:9.0,Tstd:0.0,Bpos:363.8,Bstd:118.9,StrandBias:-10.0,Multiplicity:1.00
0.001	0.997	0.001	0.001
0.648	0.010	0.058	0.284
0.001	0.679	0.319	0.001
0.211	0.752	0.001	0.036
0.001	0.001	0.943	0.055
0.001	0.887	0.084	0.028
0.121	0.001	0.811	0.067
0.211	0.130	0.001	0.658
0.001	0.047	0.951	0.001
0.164	0.297	0.489	0.050
0.001	0.694	0.304	0.001
0.001	0.729	0.269	0.001
>MAAGATGGCGGC	7-MAAGATGGCGGC	11.247799	-13.407931	0	T:86.0(2.18%),B:1885.4(1.25%),P:1e-5	Tpos:49.4,Tstd:23.5,Bpos:349.3,Bstd:900.9,StrandBias:0.4,Multiplicity:1.02
0.457	0.309	0.094	0.140
0.980	0.001	0.018	0.001
0.804	0.018	0.177	0.001
0.203	0.168	0.577	0.052
0.927	0.071	0.001	0.001
0.133	0.001	0.001	0.865
0.001	0.001	0.997	0.001
0.001	0.001	0.997	0.001
0.001	0.913	0.085	0.001
0.060	0.222	0.641	0.077
0.052	0.001	0.946	0.001
0.144	0.721	0.038	0.097
>TTTCHCTTCCKC	8-TTTCHCTTCCKC	10.959363	-9.957373	0	T:17.0(0.43%),B:200.5(0.13%),P:1e-4	Tpos:56.5,Tstd:27.0,Bpos:1514.0,Bstd:3536.5,StrandBias:0.3,Multiplicity:1.00
0.001	0.368	0.099	0.532
0.049	0.240	0.210	0.501
0.001	0.311	0.141	0.547
0.001	0.889	0.093	0.017
0.384	0.237	0.135	0.244
0.001	0.755	0.125	0.119
0.063	0.001	0.001	0.935
0.001	0.030	0.060	0.909
0.001	0.973	0.001	0.025
0.008	0.931	0.001	0.060
0.021	0.228	0.344	0.406
0.001	0.609	0.253	0.137
>GCGCGCGCACGC	9-GCGCGCGCACGC	10.838000	-7.559242	0	T:25.0(0.64%),B:445.1(0.29%),P:1e-3	Tpos:46.2,Tstd:25.0,Bpos:232.0,Bstd:315.7,StrandBias:2.6,Multiplicity:1.00
0.151	0.269	0.453	0.128
0.082	0.790	0.075	0.053
0.044	0.187	0.558	0.211
0.048	0.668	0.240	0.044
0.124	0.035	0.706	0.135
0.052	0.646	0.272	0.030
0.178	0.166	0.527	0.129
0.024	0.894	0.043	0.039
0.539	0.027	0.237	0.197
0.021	0.733	0.033	0.213
0.101	0.129	0.597	0.173
0.050	0.756	0.023	0.171
>CCGGAAGTRRYB	10-CCGGAAGTRRYB	10.694197	-6.189081	0	T:82.0(2.08%),B:2235.1(1.48%),P:1e-2	Tpos:43.7,Tstd:25.2,Bpos:358.4,Bstd:1036.1,StrandBias:0.1,Multiplicity:1.00
0.001	0.966	0.032	0.001
0.001	0.997	0.001	0.001
0.001	0.001	0.997	0.001
0.001	0.001	0.997	0.001
0.997	0.001	0.001	0.001
0.933	0.001	0.001	0.065
0.123	0.197	0.679	0.001
0.066	0.284	0.177	0.473
0.468	0.135	0.363	0.034
0.436	0.157	0.406	0.001
0.001	0.524	0.092	0.383
0.001	0.320	0.332	0.347
>MGGAAGTGVCGC	11-MGGAAGTGVCGC	11.505600	-5.893833	0	T:22.0(0.56%),B:424.2(0.28%),P:1e-2	Tpos:47.7,Tstd:29.0,Bpos:260.6,Bstd:609.6,StrandBias:1.8,Multiplicity:1.00
0.413	0.537	0.049	0.001
0.001	0.001	0.997	0.001
0.001	0.001	0.997	0.001
0.953	0.001	0.001	0.045
0.915	0.012	0.001	0.072
0.275	0.001	0.723	0.001
0.092	0.280	0.001	0.627
0.244	0.001	0.588	0.167
0.297	0.373	0.330	0.001
0.197	0.552	0.135	0.116
0.001	0.205	0.661	0.133
0.001	0.515	0.211	0.273
>GTCACGTGGGCG	12-GTCACGTGGGCG	10.419902	-5.464521	0	T:69.0(1.75%),B:1878.1(1.24%),P:1e-2	Tpos:44.7,Tstd:23.1,Bpos:290.5,Bstd:938.1,StrandBias:-0.3,Multiplicity:1.00
0.001	0.001	0.997	0.001
0.015	0.221	0.072	0.692
0.070	0.796	0.090	0.044
0.664	0.070	0.078	0.188
0.064	0.813	0.054	0.069
0.279	0.013	0.707	0.001
0.001	0.079	0.179	0.741
0.001	0.108	0.890	0.001
0.001	0.177	0.821	0.001
0.104	0.144	0.677	0.075
0.001	0.997	0.001	0.001
0.001	0.001	0.997	0.001
>GTGCGWSGBBTA	13-GTGCGWSGBBTA	10.792518	-4.769909	0	T:4.0(0.10%),B:28.2(0.02%),P:1e-2	Tpos:70.0,Tstd:19.2,Bpos:450.5,Bstd:332.9,StrandBias:1.6,Multiplicity:1.00
0.142	0.001	0.856	0.001
0.239	0.001	0.027	0.733
0.001	0.080	0.918	0.001
0.043	0.906	0.050	0.001
0.001	0.078	0.920	0.001
0.372	0.001	0.186	0.440
0.001	0.521	0.477	0.001
0.100	0.001	0.805	0.094
0.001	0.318	0.330	0.351
0.077	0.288	0.274	0.361
0.218	0.229	0.053	0.500
0.766	0.070	0.071	0.093
>ARSCGGAAGYGS	14-ARSCGGAAGYGS	10.573370	-4.573183	0	T:31.0(0.79%),B:746.8(0.49%),P:1e-1	Tpos:42.0,Tstd:2.0,Bpos:301.1,Bstd:772.5,StrandBias:-10.0,Multiplicity:1.00
0.501	0.134	0.218	0.147
0.424	0.115	0.459	0.001
0.117	0.477	0.406	0.001
0.265	0.522	0.212	0.001
0.001	0.001	0.997	0.001
0.033	0.001	0.965	0.001
0.997	0.001	0.001	0.001
0.997	0.001	0.001	0.001
0.001	0.214	0.784	0.001
0.001	0.477	0.061	0.461
0.125	0.103	0.534	0.238
0.110	0.419	0.470	0.001
>GRGGCGTGGCYW	15-GRGGCGTGGCYW	12.011944	-4.110165	0	T:39.0(0.99%),B:1026.7(0.68%),P:1e-1	Tpos:57.8,Tstd:23.3,Bpos:275.6,Bstd:687.1,StrandBias:-0.1,Multiplicity:1.08
0.173	0.220	0.496	0.111
0.467	0.138	0.350	0.045
0.001	0.001	0.997	0.001
0.001	0.001	0.997	0.001
0.001	0.934	0.064	0.001
0.001	0.001	0.997	0.001
0.001	0.001	0.001	0.997
0.001	0.001	0.997	0.001
0.001	0.112	0.886	0.001
0.001	0.729	0.001	0.269
0.001	0.444	0.152	0.403
0.293	0.101	0.207	0.399
>ACTTCGCGTGTT	16-ACTTCGCGTGTT	15.240287	-3.672802	0	T:1.0(0.03%),B:0.0(0.00%),P:1e-1	Tpos:46.0,Tstd:0.0,Bpos:0.0,Bstd:0.0,StrandBias:10.0,Multiplicity:1.00
0.851	0.057	0.058	0.034
0.014	0.944	0.027	0.015
0.016	0.120	0.026	0.838
0.012	0.020	0.127	0.841
0.016	0.943	0.025	0.016
0.082	0.034	0.869	0.015
0.015	0.951	0.020	0.014
0.016	0.030	0.936	0.018
0.017	0.046	0.031	0.906
0.016	0.032	0.933	0.019
0.013	0.125	0.026	0.836
0.034	0.052	0.065	0.849
>TGTTTKCTGTAC	17-TGTTTKCTGTAC	11.361626	-3.088089	0	T:4.0(0.10%),B:49.3(0.03%),P:1e-1	Tpos:44.9,Tstd:20.9,Bpos:5782.1,Bstd:6783.1,StrandBias:-0.4,Multiplicity:1.75
0.001	0.176	0.073	0.750
0.355	0.001	0.540	0.104
0.095	0.095	0.081	0.729
0.287	0.001	0.001	0.711
0.001	0.001	0.001	0.997
0.185	0.001	0.418	0.396
0.286	0.700	0.008	0.006
0.001	0.001	0.001	0.997
0.195	0.168	0.636	0.001
0.001	0.039	0.001	0.959
0.918	0.001	0.080	0.001
0.359	0.589	0.051	0.001
>RSCGGAAGWGGS	18-RSCGGAAGWGGS	9.133463	-2.723628	0	T:87.0(2.21%),B:2812.2(1.86%),P:1e-1	Tpos:42.8,Tstd:24.8,Bpos:325.0,Bstd:927.9,StrandBias:0.0,Multiplicity:1.03
0.364	0.156	0.304	0.176
0.001	0.456	0.473	0.070
0.169	0.707	0.092	0.032
0.001	0.001	0.987	0.011
0.001	0.034	0.964	0.001
0.950	0.006	0.029	0.015
0.645	0.018	0.001	0.336
0.007	0.263	0.729	0.001
0.298	0.198	0.131	0.373
0.179	0.198	0.466	0.157
0.070	0.308	0.486	0.136
0.189	0.373	0.347	0.091
>ACACCGTGCGTA	19-ACACCGTGCGTA	10.909954	-2.636118	0	T:3.0(0.08%),B:35.0(0.02%),P:1e-1	Tpos:67.0,Tstd:15.9,Bpos:469.1,Bstd:899.7,StrandBias:-1.0,Multiplicity:1.00
0.752	0.126	0.012	0.110
0.340	0.550	0.001	0.109
0.570	0.110	0.077	0.243
0.001	0.549	0.219	0.231
0.001	0.997	0.001	0.001
0.001	0.001	0.997	0.001
0.109	0.362	0.001	0.528
0.109	0.001	0.889	0.001
0.001	0.658	0.001	0.340
0.001	0.001	0.997	0.001
0.001	0.208	0.001	0.790
0.540	0.001	0.103	0.356
>SCGCCACSTGCG	20-SCGCCACSTGCG	12.536265	-2.089613	0	T:4.0(0.10%),B:71.7(0.05%),P:1e0	Tpos:39.7,Tstd:26.4,Bpos:327.2,Bstd:774.6,StrandBias:1.0,Multiplicity:1.00
0.014	0.476	0.440	0.070
0.034	0.809	0.088	0.069
0.045	0.057	0.845	0.053
0.009	0.957	0.006	0.028
0.059	0.774	0.119	0.048
0.594	0.351	0.008	0.047
0.024	0.784	0.154	0.038
0.047	0.501	0.435	0.017
0.038	0.156	0.068	0.738
0.001	0.029	0.960	0.010
0.043	0.923	0.033	0.001
0.250	0.250	0.451	0.049
>MGCKTGGCGCCC	21-MGCKTGGCGCCC	12.177896	-1.768944	0	T:10.0(0.25%),B:268.0(0.18%),P:1e0	Tpos:58.8,Tstd:3.9,Bpos:282.4,Bstd:466.9,StrandBias:0.0,Multiplicity:1.00
0.539	0.459	0.001	0.001
0.145	0.001	0.562	0.292
0.001	0.868	0.067	0.064
0.003	0.041	0.446	0.510
0.007	0.001	0.001	0.991
0.001	0.049	0.901	0.049
0.001	0.022	0.976	0.001
0.075	0.660	0.201	0.064
0.001	0.001	0.997	0.001
0.046	0.952	0.001	0.001
0.108	0.858	0.033	0.001
0.150	0.608	0.211	0.031
>VTGCGCATGCGC	22-VTGCGCATGCGC	15.156916	-0.879464	0	T:9.0(0.23%),B:308.2(0.20%),P:1e0	Tpos:46.9,Tstd:25.1,Bpos:308.4,Bstd:516.2,StrandBias:1.8,Multiplicity:1.00
0.401	0.294	0.255	0.050
0.001	0.110	0.090	0.799
0.001	0.001	0.997	0.001
0.001	0.997	0.001	0.001
0.001	0.001	0.997	0.001
0.001	0.997	0.001	0.001
0.997	0.001	0.001	0.001
0.001	0.001	0.001	0.997
0.001	0.001	0.997	0.001
0.001	0.997	0.001	0.001
0.001	0.001	0.997	0.001
0.001	0.997	0.001	0.001
>YGCGCAKGCGCA	23-YGCGCAKGCGCA	12.562952	-0.501937	0	T:49.0(1.24%),B:1939.7(1.28%),P:1e0	Tpos:47.9,Tstd:24.7,Bpos:266.3,Bstd:443.4,StrandBias:0.1,Multiplicity:1.00
0.034	0.480	0.100	0.386
0.001	0.001	0.997	0.001
0.153	0.753	0.093	0.001
0.001	0.001	0.997	0.001
0.001	0.981	0.017	0.001
0.810	0.069	0.120	0.001
0.118	0.186	0.368	0.328
0.001	0.001	0.997	0.001
0.001	0.814	0.043	0.142
0.240	0.001	0.758	0.001
0.001	0.955	0.001	0.043
0.679	0.143	0.177	0.001
>YAGCGCGCGCGC	24-YAGCGCGCGCGC	12.305313	-0.103911	0	T:14.0(0.36%),B:730.7(0.48%),P:1e0	Tpos:44.5,Tstd:17.6,Bpos:299.7,Bstd:678.9,StrandBias:-0.2,Multiplicity:1.00
0.178	0.354	0.181	0.288
0.624	0.113	0.001	0.262
0.001	0.110	0.759	0.130
0.244	0.590	0.001	0.165
0.001	0.082	0.798	0.119
0.001	0.973	0.001	0.025
0.001	0.001	0.917	0.081
0.020	0.978	0.001	0.001
0.001	0.001	0.997	0.001
0.202	0.796	0.001	0.001
0.046	0.203	0.750	0.001
0.212	0.628	0.159	0.001
>YCCCCCYCCCCC	25-YCCCCCYCCCCC	12.706239	-0.070612	0	T:10.0(0.25%),B:579.6(0.38%),P:1e0	Tpos:69.4,Tstd:20.3,Bpos:656.0,Bstd:2532.6,StrandBias:1.0,Multiplicity:1.00
0.203	0.382	0.074	0.341
0.035	0.857	0.041	0.067
0.039	0.899	0.020	0.042
0.046	0.910	0.024	0.020
0.061	0.813	0.037	0.089
0.056	0.578	0.009	0.357
0.029	0.468	0.020	0.483
0.041	0.851	0.071	0.037
0.040	0.833	0.067	0.060
0.011	0.882	0.032	0.075
0.032	0.909	0.039	0.020
0.269	0.569	0.064	0.098
