>VVCCACGTGG	1-VVCCACGTGG	5.457472	-332.607936	0	T:1759.0(44.69%),B:38505.1(25.50%),P:1e-144	Tpos:50.9,Tstd:23.4,Bpos:609.0,Bstd:2244.7,StrandBias:0.0,Multiplicity:1.14
0.230	0.330	0.297	0.143
0.253	0.244	0.375	0.128
0.116	0.546	0.308	0.030
0.001	0.997	0.001	0.001
0.845	0.001	0.095	0.059
0.001	0.917	0.001	0.081
0.068	0.001	0.930	0.001
0.020	0.066	0.001	0.913
0.001	0.001	0.997	0.001
0.029	0.307	0.560	0.104
>CACGYGBBNN	2-CACGYGBBNN	6.946181	-75.697254	0	T:231.0(5.87%),B:3553.2(2.35%),P:1e-32	Tpos:95.0,Tstd:0.0,Bpos:5.0,Bstd:0.0,StrandBias:-10.0,Multiplicity:1.00
0.001	0.997	0.001	0.001
0.997	0.001	0.001	0.001
0.001	0.616	0.001	0.382
0.307	0.001	0.691	0.001
0.161	0.373	0.001	0.465
0.001	0.001	0.663	0.335
0.161	0.292	0.321	0.226
0.146	0.333	0.298	0.223
0.207	0.288	0.272	0.233
0.197	0.292	0.285	0.227
>CCGGAAGTGV	3-CCGGAAGTGV	7.658863	-25.298468	0	T:472.0(11.99%),B:13233.8(8.76%),P:1e-10	Tpos:49.7,Tstd:28.0,Bpos:412.3,Bstd:1278.9,StrandBias:0.1,Multiplicity:1.10
0.081	0.546	0.357	0.016
0.141	0.799	0.059	0.001
0.001	0.042	0.956	0.001
0.008	0.001	0.971	0.020
0.878	0.001	0.001	0.120
0.951	0.003	0.001	0.045
0.211	0.159	0.534	0.096
0.131	0.276	0.008	0.585
0.170	0.184	0.501	0.145
0.331	0.193	0.338	0.138
>STTCCGCTTT	4-STTCCGCTTT	8.461791	-13.854810	0	T:142.0(3.61%),B:3538.8(2.34%),P:1e-6	Tpos:48.3,Tstd:26.9,Bpos:1205.2,Bstd:4112.4,StrandBias:-0.1,Multiplicity:1.05
0.001	0.461	0.364	0.175
0.106	0.001	0.023	0.870
0.001	0.001	0.032	0.966
0.010	0.988	0.001	0.001
0.014	0.871	0.088	0.027
0.048	0.197	0.601	0.154
0.001	0.554	0.354	0.091
0.098	0.191	0.192	0.519
0.038	0.161	0.017	0.784
0.037	0.223	0.130	0.610
>NVVNCACGYG	5-NVVNCACGYG	7.144489	-12.388422	0	T:399.0(10.14%),B:12220.3(8.09%),P:1e-5	Tpos:47.0,Tstd:27.6,Bpos:371.8,Bstd:1542.8,StrandBias:0.0,Multiplicity:1.00
0.214	0.278	0.285	0.224
0.269	0.263	0.320	0.148
0.337	0.300	0.362	0.001
0.254	0.281	0.294	0.171
0.001	0.997	0.001	0.001
0.945	0.001	0.001	0.053
0.001	0.595	0.001	0.403
0.001	0.001	0.997	0.001
0.001	0.564	0.001	0.434
0.001	0.195	0.537	0.267
>TTTCAGTTCC	6-TTTCAGTTCC	9.613044	-11.204022	0	T:49.0(1.24%),B:948.4(0.63%),P:1e-4	Tpos:45.5,Tstd:25.6,Bpos:3177.3,Bstd:6238.8,StrandBias:1.1,Multiplicity:1.00
0.001	0.059	0.001	0.939
0.001	0.121	0.001	0.877
0.001	0.039	0.026	0.934
0.001	0.962	0.036	0.001
0.924	0.021	0.039	0.016
0.054	0.227	0.669	0.050
0.001	0.001	0.025	0.973
0.053	0.001	0.001	0.945
0.001	0.904	0.044	0.051
0.087	0.889	0.001	0.023
>NGHGCACGYG	7-NGHGCACGYG	8.573594	-9.477856	0	T:140.0(3.56%),B:3820.0(2.53%),P:1e-4	Tpos:55.7,Tstd:27.6,Bpos:277.1,Bstd:557.9,StrandBias:1.0,Multiplicity:1.00
0.241	0.318	0.259	0.182
0.202	0.122	0.675	0.001
0.285	0.341	0.042	0.332
0.068	0.154	0.738	0.040
0.008	0.944	0.019	0.029
0.718	0.037	0.181	0.064
0.001	0.562	0.025	0.412
0.075	0.019	0.901	0.005
0.017	0.507	0.031	0.445
0.039	0.138	0.659	0.164
>WAAGATGGCS	8-WAAGATGGCS	10.930886	-6.544325	0	T:13.0(0.33%),B:180.5(0.12%),P:1e-2	Tpos:70.3,Tstd:20.4,Bpos:514.2,Bstd:1223.8,StrandBias:10.0,Multiplicity:1.00
0.430	0.278	0.001	0.291
0.997	0.001	0.001	0.001
0.997	0.001	0.001	0.001
0.197	0.282	0.520	0.001
0.790	0.001	0.115	0.094
0.001	0.001	0.049	0.949
0.001	0.194	0.804	0.001
0.001	0.001	0.895	0.103
0.001	0.992	0.006	0.001
0.001	0.302	0.448	0.249
>GTGACGCAAG	9-GTGACGCAAG	8.521337	-6.116723	0	T:41.0(1.04%),B:957.6(0.63%),P:1e-2	Tpos:61.2,Tstd:26.3,Bpos:515.0,Bstd:1606.6,StrandBias:0.2,Multiplicity:1.00
0.268	0.148	0.445	0.139
0.141	0.001	0.027	0.831
0.001	0.001	0.926	0.072
0.709	0.139	0.091	0.061
0.001	0.986	0.001	0.012
0.001	0.042	0.824	0.133
0.001	0.667	0.001	0.331
0.681	0.243	0.035	0.041
0.472	0.266	0.205	0.057
0.215	0.188	0.394	0.202
>TAAGGGGGGG	10-TAAGGGGGGG	8.711108	-3.823796	0	T:11.0(0.28%),B:203.8(0.13%),P:1e-1	Tpos:51.5,Tstd:28.2,Bpos:890.3,Bstd:2300.0,StrandBias:-0.6,Multiplicity:1.00
0.130	0.115	0.127	0.628
0.688	0.083	0.107	0.122
0.685	0.066	0.167	0.082
0.103	0.092	0.720	0.085
0.072	0.094	0.746	0.088
0.079	0.106	0.728	0.087
0.093	0.099	0.715	0.093
0.118	0.125	0.663	0.094
0.087	0.103	0.722	0.088
0.083	0.097	0.706	0.114
>SRTGACGYCA	11-SRTGACGYCA	8.580224	-3.602836	0	T:84.0(2.13%),B:2578.5(1.71%),P:1e-1	Tpos:49.6,Tstd:27.1,Bpos:366.5,Bstd:1071.2,StrandBias:0.3,Multiplicity:1.00
0.195	0.368	0.288	0.150
0.322	0.171	0.423	0.084
0.020	0.012	0.015	0.953
0.001	0.001	0.984	0.014
0.671	0.041	0.287	0.001
0.120	0.811	0.001	0.068
0.077	0.084	0.744	0.095
0.006	0.371	0.116	0.507
0.001	0.997	0.001	0.001
0.640	0.170	0.058	0.132
>NNRNCACGCS	12-NNRNCACGCS	6.904015	-3.596541	0	T:44.0(1.12%),B:1230.7(0.82%),P:1e-1	Tpos:35.4,Tstd:20.6,Bpos:302.7,Bstd:635.0,StrandBias:0.7,Multiplicity:1.00
0.292	0.298	0.215	0.195
0.326	0.258	0.222	0.194
0.342	0.136	0.406	0.116
0.298	0.288	0.265	0.150
0.081	0.847	0.033	0.039
0.745	0.050	0.133	0.072
0.107	0.742	0.034	0.117
0.107	0.074	0.760	0.059
0.325	0.640	0.015	0.020
0.040	0.350	0.436	0.173
>AAATGGCGGC	13-AAATGGCGGC	8.246897	-3.208953	0	T:92.0(2.34%),B:2911.2(1.93%),P:1e-1	Tpos:51.3,Tstd:25.2,Bpos:471.7,Bstd:1516.3,StrandBias:0.2,Multiplicity:1.06
0.627	0.095	0.173	0.105
0.651	0.157	0.135	0.057
0.790	0.065	0.074	0.071
0.115	0.078	0.030	0.777
0.068	0.125	0.715	0.092
0.114	0.169	0.654	0.063
0.123	0.765	0.056	0.056
0.143	0.135	0.614	0.108
0.133	0.111	0.618	0.138
0.047	0.645	0.107	0.201
>CGCATGCGCG	14-CGCATGCGCG	9.842819	-3.184465	0	T:101.0(2.57%),B:3230.9(2.14%),P:1e-1	Tpos:50.3,Tstd:28.0,Bpos:281.1,Bstd:543.4,StrandBias:0.0,Multiplicity:1.00
0.063	0.815	0.077	0.045
0.075	0.035	0.853	0.037
0.085	0.863	0.025	0.027
0.700	0.001	0.188	0.111
0.103	0.103	0.001	0.793
0.022	0.017	0.924	0.037
0.013	0.872	0.042	0.073
0.101	0.045	0.774	0.080
0.061	0.742	0.068	0.129
0.188	0.098	0.670	0.044
>TCACGTGACG	15-TCACGTGACG	8.045773	-3.137726	0	T:73.0(1.85%),B:2261.8(1.50%),P:1e-1	Tpos:55.2,Tstd:22.8,Bpos:363.8,Bstd:718.0,StrandBias:0.1,Multiplicity:1.04
0.090	0.133	0.124	0.653
0.069	0.735	0.118	0.078
0.665	0.099	0.120	0.116
0.099	0.688	0.097	0.116
0.111	0.076	0.732	0.081
0.105	0.108	0.078	0.709
0.074	0.131	0.718	0.077
0.699	0.091	0.130	0.080
0.074	0.744	0.105	0.077
0.091	0.122	0.659	0.128
>MGCGTGBBCN	16-MGCGTGBBCN	7.377788	-2.684568	0	T:122.0(3.10%),B:4065.1(2.69%),P:1e-1	Tpos:53.8,Tstd:25.6,Bpos:247.1,Bstd:1078.0,StrandBias:0.7,Multiplicity:1.00
0.261	0.402	0.192	0.144
0.372	0.001	0.626	0.001
0.001	0.997	0.001	0.001
0.399	0.018	0.560	0.023
0.001	0.038	0.001	0.960
0.001	0.001	0.997	0.001
0.147	0.347	0.276	0.230
0.136	0.319	0.270	0.275
0.001	0.460	0.267	0.272
0.238	0.219	0.325	0.217
>CRCRTGSCBV	17-CRCRTGSCBV	8.042489	-1.431723	0	T:104.0(2.64%),B:3705.5(2.45%),P:1e0	Tpos:43.9,Tstd:23.7,Bpos:211.8,Bstd:523.0,StrandBias:-0.6,Multiplicity:1.00
0.238	0.526	0.235	0.001
0.407	0.001	0.510	0.082
0.001	0.969	0.029	0.001
0.430	0.001	0.568	0.001
0.001	0.001	0.001	0.997
0.001	0.001	0.997	0.001
0.221	0.430	0.348	0.001
0.001	0.584	0.414	0.001
0.166	0.304	0.331	0.200
0.226	0.256	0.343	0.175
>NBRCGCACGC	18-NBRCGCACGC	8.232347	-0.722102	0	T:87.0(2.21%),B:3311.8(2.19%),P:1e0	Tpos:54.7,Tstd:28.6,Bpos:280.5,Bstd:596.4,StrandBias:0.3,Multiplicity:1.07
0.214	0.250	0.260	0.277
0.089	0.335	0.269	0.306
0.422	0.095	0.373	0.109
0.200	0.576	0.197	0.027
0.137	0.204	0.560	0.099
0.001	0.887	0.010	0.102
0.791	0.001	0.207	0.001
0.103	0.699	0.061	0.137
0.001	0.001	0.973	0.025
0.001	0.741	0.099	0.159
>VGCGTGBBBN	19-VGCGTGBBBN	7.270096	-0.460416	0	T:131.0(3.33%),B:5160.0(3.42%),P:1e0	Tpos:39.6,Tstd:22.7,Bpos:294.4,Bstd:357.9,StrandBias:-2.0,Multiplicity:1.00
0.284	0.355	0.249	0.112
0.257	0.001	0.556	0.186
0.001	0.997	0.001	0.001
0.405	0.001	0.593	0.001
0.001	0.001	0.001	0.997
0.001	0.001	0.997	0.001
0.062	0.329	0.339	0.270
0.001	0.341	0.393	0.265
0.138	0.332	0.286	0.245
0.226	0.278	0.310	0.185
>DGGGGGGGKD	20-DGGGGGGGKD	7.301425	-0.348560	0	T:7.0(0.18%),B:313.6(0.21%),P:1e0	Tpos:45.3,Tstd:30.2,Bpos:510.7,Bstd:1024.3,StrandBias:-0.4,Multiplicity:1.00
0.310	0.125	0.292	0.274
0.259	0.013	0.535	0.193
0.342	0.012	0.638	0.008
0.311	0.011	0.675	0.003
0.188	0.019	0.786	0.007
0.262	0.006	0.540	0.192
0.245	0.031	0.546	0.178
0.016	0.008	0.630	0.346
0.132	0.010	0.432	0.425
0.293	0.095	0.319	0.293
>GYRGCGTGSY	21-GYRGCGTGSY	8.534145	-0.210596	0	T:5.0(0.13%),B:263.0(0.17%),P:1e0	Tpos:49.0,Tstd:18.2,Bpos:467.2,Bstd:1541.9,StrandBias:2.0,Multiplicity:1.00
0.211	0.241	0.439	0.110
0.162	0.408	0.095	0.335
0.471	0.159	0.354	0.016
0.298	0.001	0.611	0.090
0.001	0.790	0.034	0.175
0.108	0.042	0.849	0.001
0.001	0.010	0.001	0.988
0.001	0.001	0.997	0.001
0.001	0.415	0.414	0.169
0.147	0.321	0.188	0.344
>CACGYGCBCC	22-CACGYGCBCC	9.886583	-0.159615	0	T:23.0(0.58%),B:1076.1(0.71%),P:1e0	Tpos:44.0,Tstd:26.2,Bpos:284.0,Bstd:675.3,StrandBias:1.6,Multiplicity:1.00
0.006	0.992	0.001	0.001
0.762	0.001	0.236	0.001
0.001	0.674	0.001	0.324
0.182	0.001	0.816	0.001
0.001	0.523	0.001	0.475
0.001	0.001	0.997	0.001
0.049	0.724	0.226	0.001
0.136	0.307	0.341	0.216
0.131	0.585	0.219	0.065
0.069	0.599	0.199	0.133
>VCRCGTCACK	23-VCRCGTCACK	8.609371	-0.018966	0	T:15.0(0.38%),B:928.8(0.62%),P:1e0	Tpos:50.8,Tstd:23.7,Bpos:261.5,Bstd:538.2,StrandBias:0.0,Multiplicity:1.00
0.218	0.223	0.362	0.197
0.001	0.732	0.266	0.001
0.382	0.049	0.437	0.132
0.001	0.648	0.001	0.350
0.001	0.117	0.881	0.001
0.163	0.306	0.001	0.530
0.001	0.580	0.392	0.027
0.997	0.001	0.001	0.001
0.001	0.997	0.001	0.001
0.192	0.181	0.383	0.244
>CGCRCGCRYK	24-CGCRCGCRYK	9.817858	-0.001604	0	T:32.0(0.81%),B:1970.4(1.30%),P:1e0	Tpos:41.2,Tstd:27.6,Bpos:273.2,Bstd:710.9,StrandBias:0.0,Multiplicity:1.00
0.302	0.696	0.001	0.001
0.001	0.001	0.590	0.408
0.001	0.997	0.001	0.001
0.412	0.001	0.547	0.040
0.210	0.788	0.001	0.001
0.254	0.001	0.744	0.001
0.001	0.878	0.001	0.120
0.376	0.001	0.524	0.099
0.001	0.550	0.001	0.448
0.001	0.001	0.527	0.471
>GGGGGRAGGG	25-GGGGGRAGGG	9.075018	-0.000455	0	T:17.0(0.43%),B:1312.5(0.87%),P:1e0	Tpos:51.4,Tstd:24.1,Bpos:578.5,Bstd:1964.9,StrandBias:0.0,Multiplicity:1.00
0.281	0.016	0.459	0.243
0.120	0.066	0.792	0.022
0.233	0.164	0.571	0.032
0.090	0.006	0.834	0.070
0.191	0.006	0.754	0.049
0.486	0.005	0.338	0.171
0.640	0.001	0.287	0.072
0.089	0.037	0.793	0.081
0.087	0.173	0.462	0.278
0.189	0.095	0.560	0.156
