>CACGTGGC	1-CACGTGGC	5.450295	-353.976786	0	T:1654.0(42.02%),B:34328.6(22.74%),P:1e-153	Tpos:50.9,Tstd:23.5,Bpos:654.7,Bstd:2432.9,StrandBias:-0.0,Multiplicity:1.12
0.003	0.995	0.001	0.001
0.930	0.001	0.047	0.022
0.001	0.964	0.001	0.034
0.055	0.001	0.943	0.001
0.052	0.072	0.001	0.875
0.001	0.001	0.993	0.005
0.038	0.055	0.856	0.051
0.096	0.626	0.161	0.117
>CRYGTGCD	2-CRYGTGCD	6.847607	-160.096308	0	T:468.0(11.89%),B:7096.3(4.70%),P:1e-69	Tpos:56.2,Tstd:21.2,Bpos:1977.3,Bstd:5020.1,StrandBias:0.1,Multiplicity:1.04
0.001	0.881	0.117	0.001
0.455	0.024	0.424	0.097
0.039	0.541	0.016	0.404
0.105	0.001	0.870	0.024
0.014	0.323	0.031	0.632
0.208	0.001	0.757	0.034
0.051	0.558	0.095	0.296
0.303	0.011	0.304	0.382
>RCCACRTG	3-RCCACRTG	7.556734	-144.863147	0	T:447.0(11.36%),B:6974.4(4.62%),P:1e-62	Tpos:52.0,Tstd:25.0,Bpos:1533.6,Bstd:5537.9,StrandBias:-0.5,Multiplicity:1.02
0.403	0.001	0.444	0.152
0.221	0.550	0.225	0.004
0.222	0.776	0.001	0.001
0.600	0.001	0.392	0.007
0.001	0.785	0.001	0.213
0.555	0.001	0.443	0.001
0.001	0.001	0.001	0.997
0.001	0.001	0.997	0.001
>ACTTCCGC	4-ACTTCCGC	9.627477	-24.118958	0	T:206.0(5.23%),B:4832.4(3.20%),P:1e-10	Tpos:44.4,Tstd:29.2,Bpos:394.3,Bstd:972.3,StrandBias:-0.5,Multiplicity:1.05
0.914	0.001	0.032	0.053
0.002	0.887	0.032	0.079
0.022	0.001	0.001	0.976
0.004	0.001	0.001	0.994
0.001	0.985	0.006	0.008
0.001	0.990	0.001	0.008
0.012	0.085	0.803	0.100
0.001	0.597	0.376	0.026
>YRCTTCCG	5-YRCTTCCG	7.879363	-18.938396	0	T:407.0(10.34%),B:11704.3(7.75%),P:1e-8	Tpos:49.1,Tstd:28.3,Bpos:1071.4,Bstd:5379.9,StrandBias:0.0,Multiplicity:1.09
0.201	0.396	0.147	0.256
0.534	0.001	0.464	0.001
0.001	0.660	0.086	0.253
0.001	0.001	0.001	0.997
0.001	0.001	0.001	0.997
0.001	0.997	0.001	0.001
0.001	0.997	0.001	0.001
0.001	0.121	0.576	0.302
>ACATGTGC	6-ACATGTGC	10.342808	-10.863034	0	T:33.0(0.84%),B:545.9(0.36%),P:1e-4	Tpos:50.5,Tstd:24.4,Bpos:4661.7,Bstd:7080.9,StrandBias:0.2,Multiplicity:1.03
0.583	0.246	0.170	0.001
0.001	0.997	0.001	0.001
0.997	0.001	0.001	0.001
0.001	0.001	0.001	0.997
0.001	0.001	0.997	0.001
0.001	0.001	0.001	0.997
0.001	0.001	0.997	0.001
0.001	0.827	0.171	0.001
>MGCGTGRC	7-MGCGTGRC	8.785411	-6.178420	0	T:187.0(4.75%),B:5770.9(3.82%),P:1e-2	Tpos:49.8,Tstd:24.1,Bpos:349.9,Bstd:909.1,StrandBias:-0.9,Multiplicity:1.00
0.343	0.410	0.246	0.001
0.001	0.001	0.997	0.001
0.001	0.997	0.001	0.001
0.001	0.001	0.997	0.001
0.001	0.001	0.001	0.997
0.001	0.001	0.997	0.001
0.411	0.173	0.415	0.001
0.001	0.601	0.001	0.397
>CTTCCGGT	8-CTTCCGGT	8.729112	-5.659341	0	T:65.0(1.65%),B:1733.8(1.15%),P:1e-2	Tpos:63.4,Tstd:29.9,Bpos:489.5,Bstd:1856.5,StrandBias:0.3,Multiplicity:1.00
0.031	0.602	0.183	0.184
0.153	0.021	0.063	0.763
0.079	0.006	0.021	0.894
0.055	0.805	0.066	0.074
0.029	0.873	0.063	0.035
0.029	0.082	0.718	0.171
0.040	0.134	0.719	0.107
0.100	0.130	0.137	0.633
>TTCCGGTT	9-TTCCGGTT	8.683177	-3.955088	0	T:29.0(0.74%),B:723.3(0.48%),P:1e-1	Tpos:52.9,Tstd:28.3,Bpos:790.5,Bstd:2763.1,StrandBias:-0.3,Multiplicity:1.00
0.078	0.061	0.012	0.849
0.035	0.039	0.036	0.890
0.006	0.840	0.069	0.085
0.021	0.855	0.049	0.075
0.054	0.070	0.758	0.118
0.060	0.229	0.631	0.080
0.053	0.215	0.165	0.567
0.107	0.170	0.111	0.612
>GCATGCGB	10-GCATGCGB	7.625424	-1.541090	0	T:312.0(7.93%),B:11440.8(7.58%),P:1e0	Tpos:51.8,Tstd:25.8,Bpos:394.7,Bstd:1285.8,StrandBias:0.1,Multiplicity:1.01
0.277	0.221	0.501	0.001
0.001	0.997	0.001	0.001
0.790	0.001	0.208	0.001
0.001	0.332	0.001	0.666
0.001	0.001	0.997	0.001
0.001	0.708	0.001	0.290
0.001	0.001	0.890	0.108
0.071	0.380	0.281	0.268
>AAATGGCG	11-AAATGGCG	7.411402	-1.008132	0	T:106.0(2.69%),B:3918.4(2.60%),P:1e0	Tpos:51.3,Tstd:25.8,Bpos:498.3,Bstd:1627.8,StrandBias:0.3,Multiplicity:1.05
0.713	0.071	0.099	0.117
0.621	0.155	0.161	0.063
0.758	0.055	0.150	0.037
0.078	0.055	0.082	0.785
0.034	0.109	0.824	0.033
0.150	0.117	0.696	0.037
0.018	0.836	0.120	0.026
0.060	0.070	0.771	0.099
>GTGACGTA	12-GTGACGTA	8.104102	-0.883711	0	T:18.0(0.46%),B:642.0(0.43%),P:1e0	Tpos:52.6,Tstd:29.8,Bpos:949.5,Bstd:1956.9,StrandBias:-0.6,Multiplicity:1.00
0.273	0.267	0.443	0.017
0.031	0.022	0.001	0.946
0.073	0.203	0.574	0.150
0.879	0.043	0.001	0.077
0.001	0.834	0.099	0.066
0.085	0.011	0.903	0.001
0.001	0.221	0.001	0.777
0.662	0.218	0.012	0.108
>RMGCATGC	13-RMGCATGC	7.299551	-0.436203	0	T:74.0(1.88%),B:2951.2(1.95%),P:1e0	Tpos:50.6,Tstd:26.3,Bpos:425.4,Bstd:1108.7,StrandBias:-0.3,Multiplicity:1.00
0.287	0.208	0.409	0.095
0.400	0.476	0.022	0.102
0.402	0.001	0.596	0.001
0.041	0.891	0.041	0.027
0.774	0.001	0.180	0.045
0.092	0.370	0.001	0.537
0.001	0.001	0.997	0.001
0.001	0.527	0.127	0.345
>CGCGTGCB	14-CGCGTGCB	10.170380	-0.418890	0	T:81.0(2.06%),B:3236.4(2.14%),P:1e0	Tpos:45.0,Tstd:24.0,Bpos:389.7,Bstd:1726.2,StrandBias:0.0,Multiplicity:1.00
0.001	0.997	0.001	0.001
0.001	0.001	0.997	0.001
0.001	0.997	0.001	0.001
0.001	0.001	0.997	0.001
0.001	0.001	0.001	0.997
0.001	0.001	0.997	0.001
0.001	0.997	0.001	0.001
0.001	0.407	0.333	0.259
>VCGCGTGS	15-VCGCGTGS	7.233387	-0.374153	0	T:26.0(0.66%),B:1083.1(0.72%),P:1e0	Tpos:48.0,Tstd:10.2,Bpos:413.9,Bstd:1316.8,StrandBias:1.0,Multiplicity:1.00
0.319	0.318	0.270	0.093
0.253	0.523	0.195	0.029
0.273	0.001	0.601	0.125
0.001	0.790	0.001	0.208
0.302	0.001	0.696	0.001
0.039	0.067	0.001	0.893
0.009	0.001	0.989	0.001
0.001	0.327	0.434	0.238
>TTACGBMA	16-TTACGBMA	8.160497	-0.268511	0	T:6.0(0.15%),B:290.4(0.19%),P:1e0	Tpos:65.2,Tstd:31.5,Bpos:812.4,Bstd:1890.8,StrandBias:0.0,Multiplicity:1.00
0.001	0.001	0.001	0.997
0.001	0.001	0.001	0.997
0.590	0.317	0.092	0.001
0.001	0.997	0.001	0.001
0.001	0.001	0.997	0.001
0.001	0.261	0.336	0.403
0.316	0.438	0.114	0.132
0.519	0.147	0.001	0.333
>YGCGCGYG	17-YGCGCGYG	7.449557	-0.161715	0	T:81.0(2.06%),B:3466.7(2.30%),P:1e0	Tpos:42.7,Tstd:32.0,Bpos:391.2,Bstd:1191.4,StrandBias:-0.6,Multiplicity:1.00
0.001	0.497	0.001	0.501
0.001	0.124	0.874	0.001
0.001	0.824	0.001	0.174
0.399	0.001	0.599	0.001
0.001	0.628	0.001	0.370
0.381	0.001	0.585	0.033
0.001	0.466	0.001	0.532
0.001	0.001	0.621	0.377
>TTCCGCNN	18-TTCCGCNN	7.176014	-0.139249	0	T:8.0(0.20%),B:431.5(0.29%),P:1e0	Tpos:66.2,Tstd:24.0,Bpos:1241.6,Bstd:5420.8,StrandBias:0.6,Multiplicity:1.00
0.011	0.022	0.001	0.966
0.014	0.001	0.032	0.953
0.001	0.681	0.170	0.148
0.001	0.997	0.001	0.001
0.001	0.206	0.656	0.137
0.026	0.500	0.307	0.167
0.316	0.196	0.222	0.266
0.308	0.236	0.199	0.257
>CTTCCGSH	19-CTTCCGSH	6.551290	-0.066129	0	T:119.0(3.02%),B:5214.9(3.45%),P:1e0	Tpos:46.7,Tstd:27.1,Bpos:352.9,Bstd:1268.0,StrandBias:-0.4,Multiplicity:1.05
0.158	0.414	0.182	0.246
0.291	0.001	0.001	0.707
0.001	0.001	0.001	0.997
0.158	0.429	0.249	0.164
0.001	0.860	0.041	0.098
0.001	0.065	0.708	0.226
0.039	0.426	0.382	0.153
0.272	0.329	0.080	0.320
>GCRTGCGC	20-GCRTGCGC	7.687328	-0.064361	0	T:277.0(7.04%),B:11595.7(7.68%),P:1e0	Tpos:49.4,Tstd:25.6,Bpos:307.9,Bstd:898.6,StrandBias:-0.5,Multiplicity:1.05
0.354	0.018	0.614	0.014
0.010	0.988	0.001	0.001
0.495	0.001	0.471	0.033
0.001	0.119	0.001	0.879
0.001	0.001	0.997	0.001
0.001	0.692	0.001	0.306
0.010	0.188	0.555	0.247
0.036	0.571	0.143	0.250
>DYTTCCGS	21-DYTTCCGS	8.525850	-0.061625	0	T:58.0(1.47%),B:2698.5(1.79%),P:1e0	Tpos:53.8,Tstd:28.2,Bpos:417.0,Bstd:1332.5,StrandBias:-0.2,Multiplicity:1.02
0.251	0.003	0.400	0.345
0.001	0.393	0.106	0.500
0.042	0.001	0.001	0.956
0.001	0.001	0.001	0.997
0.001	0.997	0.001	0.001
0.001	0.997	0.001	0.001
0.001	0.001	0.881	0.117
0.022	0.516	0.461	0.001
>CACGCGCC	22-CACGCGCC	10.302467	-0.025623	0	T:124.0(3.15%),B:5621.7(3.72%),P:1e0	Tpos:47.4,Tstd:29.6,Bpos:314.6,Bstd:1083.0,StrandBias:0.4,Multiplicity:1.00
0.001	0.997	0.001	0.001
0.997	0.001	0.001	0.001
0.001	0.918	0.001	0.080
0.001	0.001	0.997	0.001
0.001	0.997	0.001	0.001
0.001	0.001	0.997	0.001
0.111	0.887	0.001	0.001
0.001	0.567	0.316	0.116
>KSCGGAAR	23-KSCGGAAR	7.539370	-0.024982	0	T:34.0(0.86%),B:1782.3(1.18%),P:1e0	Tpos:52.3,Tstd:32.3,Bpos:465.2,Bstd:1703.2,StrandBias:-0.2,Multiplicity:1.00
0.198	0.083	0.418	0.302
0.191	0.331	0.463	0.015
0.183	0.804	0.012	0.001
0.001	0.001	0.995	0.003
0.136	0.090	0.669	0.105
0.997	0.001	0.001	0.001
0.668	0.001	0.020	0.311
0.416	0.122	0.349	0.114
>CCACGCGC	24-CCACGCGC	9.055676	-0.008069	0	T:129.0(3.28%),B:6049.7(4.01%),P:1e0	Tpos:65.3,Tstd:20.0,Bpos:298.3,Bstd:979.8,StrandBias:-0.2,Multiplicity:1.00
0.224	0.590	0.074	0.112
0.001	0.997	0.001	0.001
0.997	0.001	0.001	0.001
0.001	0.634	0.001	0.364
0.001	0.001	0.997	0.001
0.093	0.635	0.001	0.271
0.001	0.001	0.997	0.001
0.130	0.557	0.312	0.001
>GGCGTGNT	25-GGCGTGNT	8.990282	-0.001385	0	T:27.0(0.69%),B:1739.1(1.15%),P:1e0	Tpos:53.9,Tstd:21.9,Bpos:419.5,Bstd:1369.3,StrandBias:0.4,Multiplicity:1.00
0.001	0.295	0.481	0.223
0.001	0.001	0.997	0.001
0.001	0.997	0.001	0.001
0.001	0.001	0.997	0.001
0.001	0.001	0.001	0.997
0.001	0.001	0.997	0.001
0.195	0.314	0.241	0.250
0.001	0.175	0.001	0.823
