>TGTGGGGGTGGH	6-DCCACCCCCACA	4.225301	-519.650835	0	T:6202.0(85.47%),B:118812.5(68.90%),P:1e-225
0.037	0.037	0.034	0.892
0.091	0.206	0.545	0.158
0.137	0.142	0.178	0.543
0.141	0.128	0.579	0.152
0.162	0.125	0.680	0.033
0.177	0.150	0.533	0.140
0.129	0.159	0.679	0.033
0.144	0.177	0.595	0.084
0.163	0.161	0.182	0.494
0.137	0.093	0.663	0.107
0.135	0.166	0.664	0.035
0.272	0.274	0.135	0.319
