>GGRRRVRTKGKD	3-GGRRRVRTKGKD,BestGuess:PB0175.1_Sox4_2/Jaspar(0.658)	3.436038	-746.573302	0	T:6987.0(96.29%),B:139764.2(81.05%),P:1e-324
0.182	0.137	0.527	0.154
0.178	0.110	0.622	0.090
0.445	0.064	0.456	0.034
0.490	0.050	0.439	0.021
0.451	0.061	0.441	0.046
0.415	0.274	0.266	0.045
0.493	0.084	0.375	0.048
0.029	0.039	0.249	0.683
0.055	0.044	0.409	0.492
0.090	0.160	0.582	0.168
0.037	0.079	0.409	0.476
0.287	0.159	0.218	0.337
