>VSSGSCCGGGGG	13-CCCCCGGSCSSB	2.166324	-137.978923	0	T:6293.0(86.73%),B:136531.7(79.17%),P:1e-59
0.273	0.366	0.244	0.117
0.020	0.424	0.555	0.001
0.155	0.465	0.376	0.004
0.010	0.361	0.616	0.013
0.012	0.502	0.474	0.012
0.216	0.598	0.006	0.180
0.009	0.646	0.329	0.016
0.004	0.052	0.809	0.135
0.084	0.286	0.629	0.001
0.008	0.410	0.579	0.003
0.007	0.398	0.575	0.020
0.305	0.012	0.462	0.220
