>SVGSGGVGMNSS	25-SSNKCBCCSCBS	-20.057364	0.000000	0	T:7256.0(100.00%),B:172449.2(100.00%),P:1e0
0.001	0.495	0.465	0.039
0.183	0.332	0.313	0.173
0.125	0.252	0.605	0.018
0.046	0.404	0.549	0.001
0.160	0.275	0.564	0.001
0.169	0.120	0.607	0.104
0.270	0.357	0.372	0.001
0.204	0.252	0.473	0.071
0.487	0.444	0.068	0.001
0.343	0.235	0.217	0.206
0.201	0.291	0.432	0.076
0.049	0.468	0.407	0.075
