>NTGTATTATAWD	17-NTGTATTATAWD	-2.271901	-98.288614	0	T:7250.0(99.92%),B:169551.7(98.32%),P:1e-42
0.264	0.300	0.177	0.260
0.216	0.017	0.013	0.754
0.177	0.129	0.512	0.182
0.317	0.017	0.186	0.480
0.411	0.186	0.256	0.148
0.200	0.204	0.139	0.458
0.334	0.091	0.013	0.562
0.728	0.146	0.009	0.117
0.315	0.030	0.138	0.517
0.615	0.174	0.194	0.017
0.424	0.001	0.068	0.507
0.329	0.173	0.303	0.195
