>CRCRCRCRCRCG	5-CRCRCRCRCRCG	3.248729	-535.187372	0	T:5050.0(69.60%),B:86826.4(50.35%),P:1e-232
0.032	0.603	0.135	0.230
0.392	0.188	0.324	0.096
0.020	0.644	0.135	0.201
0.459	0.006	0.523	0.012
0.001	0.886	0.028	0.085
0.479	0.014	0.460	0.048
0.038	0.899	0.026	0.037
0.541	0.001	0.441	0.017
0.008	0.918	0.008	0.066
0.461	0.003	0.535	0.001
0.019	0.712	0.055	0.214
0.351	0.022	0.540	0.087
