>CCCCCGGSCSSB	13-CCCCCGGSCSSB,BestGuess:PB0103.1_Zic3_1/Jaspar(0.678)	2.166324	-137.978923	0	T:6293.0(86.73%),B:136531.7(79.17%),P:1e-59
0.220	0.462	0.012	0.305
0.020	0.575	0.398	0.007
0.003	0.579	0.410	0.008
0.001	0.629	0.286	0.084
0.135	0.809	0.052	0.004
0.016	0.329	0.646	0.009
0.180	0.006	0.598	0.216
0.012	0.474	0.502	0.012
0.013	0.616	0.361	0.010
0.004	0.376	0.465	0.155
0.001	0.555	0.424	0.020
0.117	0.244	0.366	0.273
