>HMCMAYBYYYCC	3-GGRRRVRTKGKD	3.436038	-746.573302	0	T:6987.0(96.29%),B:139764.2(81.05%),P:1e-324
0.337	0.218	0.159	0.287
0.476	0.409	0.079	0.037
0.168	0.582	0.160	0.090
0.492	0.409	0.044	0.055
0.683	0.249	0.039	0.029
0.048	0.375	0.084	0.493
0.045	0.266	0.274	0.415
0.046	0.441	0.061	0.451
0.021	0.439	0.050	0.490
0.034	0.456	0.064	0.445
0.090	0.622	0.110	0.178
0.154	0.527	0.137	0.182
