>NNSCACGTGB	1-NNSCACGTGB	3.997074	-3354.066820	0	T:3923.0(66.12%),B:29341.7(17.07%),P:1e-1456	Tpos:162.1,Tstd:111.8,Bpos:4370.7,Bstd:12594.3,StrandBias:0.0,Multiplicity:1.36
0.276	0.237	0.264	0.223
0.326	0.178	0.289	0.206
0.227	0.416	0.356	0.001
0.001	0.997	0.001	0.001
0.981	0.001	0.017	0.001
0.001	0.686	0.001	0.312
0.305	0.001	0.693	0.001
0.001	0.001	0.001	0.997
0.001	0.001	0.997	0.001
0.001	0.358	0.364	0.277
>NACRCAYGSN	2-NACRCAYGSN	4.600665	-1296.185844	0	T:5033.0(84.83%),B:91524.7(53.23%),P:1e-562	Tpos:172.6,Tstd:139.0,Bpos:2834.7,Bstd:13222.9,StrandBias:0.0,Multiplicity:2.05
0.223	0.306	0.296	0.175
0.457	0.001	0.276	0.266
0.259	0.422	0.136	0.182
0.546	0.001	0.452	0.001
0.001	0.994	0.004	0.001
0.605	0.001	0.393	0.001
0.101	0.375	0.114	0.411
0.323	0.019	0.631	0.027
0.212	0.411	0.376	0.001
0.298	0.211	0.289	0.203
>TTGGGGGAGG	3-TTGGGGGAGG	1.244785	-512.616218	0	T:5566.0(93.81%),B:135354.2(78.73%),P:1e-222	Tpos:179.2,Tstd:145.9,Bpos:1132.2,Bstd:4530.5,StrandBias:0.0,Multiplicity:2.17
0.001	0.154	0.163	0.682
0.001	0.001	0.384	0.614
0.001	0.001	0.854	0.144
0.130	0.001	0.868	0.001
0.061	0.001	0.870	0.068
0.104	0.001	0.884	0.011
0.176	0.012	0.753	0.059
0.618	0.001	0.207	0.174
0.088	0.001	0.910	0.001
0.054	0.017	0.928	0.001
>DNNCWNBWDV	4-DNNCWNBWDV	4.016374	-428.515226	0	T:5646.0(95.16%),B:141876.7(82.52%),P:1e-186	Tpos:169.8,Tstd:138.6,Bpos:3824.4,Bstd:21001.3,StrandBias:-0.0,Multiplicity:1.68
0.300	0.016	0.402	0.282
0.188	0.284	0.313	0.216
0.269	0.252	0.261	0.219
0.001	0.997	0.001	0.001
0.492	0.001	0.001	0.506
0.247	0.258	0.248	0.247
0.001	0.365	0.311	0.324
0.497	0.001	0.001	0.501
0.370	0.001	0.308	0.321
0.263	0.349	0.387	0.001
>TTTCACTTCC	5-TTTCACTTCC	-0.520623	-387.078156	0	T:4040.0(68.09%),B:86016.4(50.03%),P:1e-168	Tpos:158.6,Tstd:127.0,Bpos:10159.5,Bstd:37149.6,StrandBias:0.0,Multiplicity:2.10
0.009	0.036	0.001	0.954
0.017	0.104	0.019	0.860
0.005	0.024	0.004	0.967
0.001	0.990	0.001	0.008
0.989	0.001	0.009	0.001
0.015	0.706	0.243	0.036
0.028	0.001	0.001	0.970
0.005	0.011	0.001	0.983
0.001	0.945	0.001	0.053
0.001	0.897	0.001	0.101
>AYTTYCTYTT	6-AYTTYCTYTT	3.827773	-365.818819	0	T:4569.0(77.01%),B:103624.4(60.27%),P:1e-158	Tpos:159.3,Tstd:130.2,Bpos:8242.6,Bstd:27850.2,StrandBias:0.1,Multiplicity:1.94
0.511	0.109	0.135	0.245
0.033	0.518	0.074	0.375
0.039	0.038	0.005	0.918
0.022	0.065	0.028	0.885
0.018	0.554	0.010	0.418
0.033	0.850	0.005	0.112
0.112	0.169	0.047	0.672
0.056	0.435	0.163	0.346
0.092	0.080	0.033	0.795
0.054	0.130	0.072	0.744
>NNNWWTTTTT	7-NNNWWTTTTT	3.041938	-323.777481	0	T:4802.0(80.94%),B:113265.4(65.88%),P:1e-140	Tpos:156.3,Tstd:130.8,Bpos:10736.8,Bstd:31304.3,StrandBias:-0.0,Multiplicity:2.35
0.271	0.229	0.176	0.324
0.278	0.214	0.189	0.319
0.272	0.220	0.200	0.308
0.279	0.159	0.189	0.373
0.269	0.190	0.183	0.359
0.247	0.203	0.090	0.460
0.160	0.167	0.001	0.672
0.001	0.001	0.001	0.997
0.001	0.327	0.001	0.671
0.150	0.332	0.001	0.517
>TTCTGDGAAA	8-TTCTGDGAAA	3.328804	-300.014006	0	T:4984.0(84.00%),B:120643.8(70.17%),P:1e-130	Tpos:162.1,Tstd:129.7,Bpos:6957.1,Bstd:27928.1,StrandBias:0.0,Multiplicity:1.70
0.118	0.136	0.090	0.656
0.050	0.094	0.152	0.704
0.066	0.605	0.148	0.181
0.144	0.039	0.037	0.780
0.095	0.030	0.735	0.140
0.356	0.029	0.351	0.263
0.084	0.229	0.551	0.136
0.556	0.136	0.112	0.196
0.672	0.075	0.169	0.084
0.541	0.112	0.184	0.163
>CACACACACA	9-CACACACACA	3.869745	-220.868019	0	T:4111.0(69.29%),B:96055.5(55.87%),P:1e-95	Tpos:166.5,Tstd:134.3,Bpos:6966.6,Bstd:27182.0,StrandBias:-0.1,Multiplicity:1.64
0.160	0.579	0.130	0.131
0.608	0.142	0.097	0.153
0.145	0.578	0.153	0.124
0.601	0.129	0.110	0.160
0.162	0.545	0.159	0.134
0.614	0.145	0.097	0.144
0.155	0.601	0.136	0.108
0.633	0.138	0.091	0.138
0.161	0.592	0.139	0.108
0.648	0.125	0.104	0.123
>WWVCCWWKDD	10-WWVCCWWKDD	2.142958	-211.282355	0	T:4969.0(83.75%),B:124416.7(72.36%),P:1e-91	Tpos:158.3,Tstd:130.7,Bpos:7893.5,Bstd:23204.3,StrandBias:0.0,Multiplicity:1.94
0.495	0.006	0.010	0.489
0.477	0.059	0.014	0.449
0.399	0.282	0.284	0.035
0.016	0.530	0.079	0.375
0.131	0.627	0.110	0.132
0.466	0.060	0.004	0.469
0.469	0.088	0.028	0.415
0.093	0.079	0.339	0.489
0.326	0.006	0.323	0.345
0.285	0.049	0.347	0.319
>CCAAAGGCCT	11-CCAAAGGCCT	2.512553	-206.376849	0	T:5931.0(99.97%),B:165664.7(96.36%),P:1e-89	Tpos:175.9,Tstd:140.3,Bpos:2427.0,Bstd:17509.2,StrandBias:-0.0,Multiplicity:2.82
0.100	0.700	0.100	0.100
0.100	0.700	0.100	0.100
0.700	0.100	0.100	0.100
0.700	0.100	0.100	0.100
0.700	0.100	0.100	0.100
0.100	0.100	0.700	0.100
0.100	0.100	0.700	0.100
0.100	0.700	0.100	0.100
0.100	0.700	0.100	0.100
0.100	0.100	0.100	0.700
>CATCTGCTTT	12-CATCTGCTTT	2.512553	-193.714846	0	T:5905.0(99.53%),B:163747.2(95.24%),P:1e-84	Tpos:169.8,Tstd:136.4,Bpos:3562.6,Bstd:18615.9,StrandBias:0.0,Multiplicity:3.29
0.100	0.700	0.100	0.100
0.700	0.100	0.100	0.100
0.100	0.100	0.100	0.700
0.100	0.700	0.100	0.100
0.100	0.100	0.100	0.700
0.100	0.100	0.700	0.100
0.100	0.700	0.100	0.100
0.100	0.100	0.100	0.700
0.100	0.100	0.100	0.700
0.100	0.100	0.100	0.700
>TTCANTTCTG	13-TTCANTTCTG	4.492115	-142.822509	0	T:2866.0(48.31%),B:64428.9(37.47%),P:1e-62	Tpos:196.9,Tstd:123.9,Bpos:7824.2,Bstd:13048.2,StrandBias:0.5,Multiplicity:1.00
0.071	0.071	0.143	0.715
0.214	0.001	0.143	0.642
0.357	0.571	0.071	0.001
0.713	0.143	0.001	0.143
0.214	0.214	0.214	0.357
0.071	0.071	0.071	0.787
0.071	0.001	0.285	0.643
0.214	0.429	0.143	0.214
0.285	0.001	0.001	0.713
0.214	0.143	0.500	0.143
>TTCCTGCCCC	14-TTCCTGCCCC	2.512553	-81.148436	0	T:5932.0(99.98%),B:169424.0(98.54%),P:1e-35	Tpos:176.0,Tstd:142.5,Bpos:1307.4,Bstd:7974.0,StrandBias:-0.0,Multiplicity:2.79
0.100	0.100	0.100	0.700
0.100	0.100	0.100	0.700
0.100	0.700	0.100	0.100
0.100	0.700	0.100	0.100
0.100	0.100	0.100	0.700
0.100	0.100	0.700	0.100
0.100	0.700	0.100	0.100
0.100	0.700	0.100	0.100
0.100	0.700	0.100	0.100
0.100	0.700	0.100	0.100
>GCCCCGCGTG	15-GCCCCGCGTG	0.566642	-18.042258	0	T:5933.0(100.00%),B:171398.7(99.69%),P:1e-7	Tpos:181.3,Tstd:145.1,Bpos:1436.3,Bstd:10061.3,StrandBias:-0.0,Multiplicity:2.55
0.100	0.100	0.700	0.100
0.100	0.700	0.100	0.100
0.100	0.700	0.100	0.100
0.100	0.700	0.100	0.100
0.100	0.700	0.100	0.100
0.100	0.100	0.700	0.100
0.100	0.700	0.100	0.100
0.100	0.100	0.700	0.100
0.100	0.100	0.100	0.700
0.100	0.100	0.700	0.100
>DTMATGTKNH	16-DTMATGTKNH	5.336560	-10.115608	0	T:969.0(16.33%),B:24865.9(14.46%),P:1e-4	Tpos:107.4,Tstd:178.5,Bpos:7734.2,Bstd:11073.6,StrandBias:-2.0,Multiplicity:1.00
0.333	0.056	0.278	0.333
0.111	0.056	0.056	0.777
0.333	0.389	0.111	0.167
0.777	0.056	0.056	0.111
0.278	0.111	0.111	0.500
0.055	0.001	0.889	0.055
0.055	0.001	0.111	0.833
0.222	0.056	0.333	0.389
0.278	0.222	0.278	0.222
0.222	0.333	0.111	0.333
>CTACAGTTCG	17-CTACAGTTCG	8.796848	-0.360235	0	T:17.0(0.29%),B:547.3(0.32%),P:1e0	Tpos:151.0,Tstd:24.0,Bpos:16677.9,Bstd:23348.3,StrandBias:-10.0,Multiplicity:1.00
0.028	0.767	0.001	0.204
0.004	0.001	0.003	0.992
0.948	0.027	0.001	0.024
0.028	0.788	0.001	0.183
0.972	0.024	0.003	0.001
0.001	0.001	0.997	0.001
0.024	0.001	0.001	0.974
0.024	0.001	0.001	0.974
0.207	0.791	0.001	0.001
0.027	0.001	0.944	0.028
>HADCAKTMAA	18-HADCAKTMAA	5.885689	-0.307583	0	T:631.0(10.64%),B:18717.3(10.89%),P:1e0	Tpos:155.8,Tstd:46.6,Bpos:6344.7,Bstd:8521.3,StrandBias:0.6,Multiplicity:1.00
0.339	0.220	0.115	0.326
0.773	0.001	0.119	0.107
0.334	0.111	0.331	0.223
0.326	0.566	0.107	0.001
0.558	0.215	0.111	0.116
0.116	0.111	0.327	0.446
0.001	0.107	0.119	0.773
0.438	0.338	0.001	0.222
0.876	0.001	0.001	0.122
0.669	0.219	0.111	0.001
>GTGAAGKCTA	19-GTGAAGKCTA	6.622795	-0.218932	0	T:537.0(9.05%),B:16112.1(9.37%),P:1e0	Tpos:180.2,Tstd:90.1,Bpos:6176.7,Bstd:10056.7,StrandBias:2.0,Multiplicity:1.00
0.232	0.001	0.511	0.256
0.231	0.001	0.001	0.767
0.256	0.001	0.511	0.232
0.997	0.001	0.001	0.001
0.719	0.024	0.256	0.001
0.001	0.255	0.743	0.001
0.001	0.001	0.511	0.487
0.232	0.464	0.001	0.303
0.256	0.280	0.001	0.464
0.511	0.232	0.001	0.256
>MYWCATTGWW	20-MYWCATTGWW	6.768170	-0.040264	0	T:343.0(5.78%),B:10886.9(6.33%),P:1e0	Tpos:48.5,Tstd:36.8,Bpos:6241.0,Bstd:11119.8,StrandBias:0.0,Multiplicity:1.00
0.378	0.404	0.217	0.001
0.002	0.404	0.216	0.379
0.428	0.001	0.001	0.570
0.382	0.616	0.001	0.001
0.997	0.001	0.001	0.001
0.190	0.004	0.214	0.592
0.001	0.001	0.003	0.995
0.215	0.188	0.381	0.216
0.406	0.188	0.001	0.405
0.376	0.001	0.217	0.406
>ARCAATKTAW	21-ARCAATKTAW	6.002205	-0.016644	0	T:705.0(11.88%),B:22018.1(12.81%),P:1e0	Tpos:182.8,Tstd:132.2,Bpos:6140.3,Bstd:9413.8,StrandBias:0.0,Multiplicity:1.00
0.608	0.097	0.196	0.099
0.487	0.001	0.416	0.097
0.194	0.515	0.194	0.097
0.598	0.400	0.001	0.001
0.581	0.321	0.097	0.001
0.413	0.001	0.001	0.585
0.001	0.194	0.405	0.401
0.097	0.293	0.097	0.513
0.973	0.025	0.001	0.001
0.405	0.001	0.097	0.498
>BAAATTTTAA	22-BAAATTTTAA	8.624603	-0.000000	0	T:129.0(2.17%),B:5977.3(3.48%),P:1e0	Tpos:147.0,Tstd:179.4,Bpos:3894.6,Bstd:4873.4,StrandBias:1.0,Multiplicity:1.00
0.001	0.302	0.358	0.339
0.678	0.001	0.001	0.320
0.679	0.302	0.018	0.001
0.925	0.056	0.018	0.001
0.037	0.037	0.302	0.624
0.001	0.001	0.339	0.659
0.001	0.001	0.036	0.962
0.036	0.001	0.001	0.962
0.678	0.001	0.320	0.001
0.659	0.001	0.001	0.339
>TMAAAATTAA	23-TMAAAATTAA	7.059939	-0.000000	0	T:87.0(1.47%),B:4492.9(2.61%),P:1e0	Tpos:183.0,Tstd:0.0,Bpos:19472.1,Bstd:22350.8,StrandBias:-10.0,Multiplicity:1.00
0.183	0.095	0.277	0.445
0.466	0.357	0.177	0.001
0.538	0.271	0.103	0.088
0.545	0.366	0.001	0.088
0.643	0.177	0.001	0.179
0.445	0.097	0.180	0.277
0.177	0.088	0.186	0.549
0.180	0.097	0.001	0.722
0.810	0.001	0.001	0.188
0.631	0.003	0.094	0.272
>CCCTTCCCCC	24-CCCTTCCCCC	-3.325178	0.000000	0	T:5933.0(100.00%),B:171930.0(100.00%),P:1e0	Tpos:162.3,Tstd:133.8,Bpos:7922.9,Bstd:32087.6,StrandBias:-0.0,Multiplicity:1.72
0.100	0.700	0.100	0.100
0.100	0.700	0.100	0.100
0.100	0.700	0.100	0.100
0.100	0.100	0.100	0.700
0.100	0.100	0.100	0.700
0.100	0.700	0.100	0.100
0.100	0.700	0.100	0.100
0.100	0.700	0.100	0.100
0.100	0.700	0.100	0.100
0.100	0.700	0.100	0.100
>NNNNNNNNNN	25-NNNNNNNNNN	-nan	0.000000	0	T:0.0(0.00%),B:0.0(0.00%),P:1e0	Tpos:0.0,Tstd:0.0,Bpos:0.0,Bstd:0.0,StrandBias:0.0,Multiplicity:1.00
-nan	-nan	-nan	-nan
-nan	-nan	-nan	-nan
-nan	-nan	-nan	-nan
-nan	-nan	-nan	-nan
-nan	-nan	-nan	-nan
-nan	-nan	-nan	-nan
-nan	-nan	-nan	-nan
-nan	-nan	-nan	-nan
-nan	-nan	-nan	-nan
-nan	-nan	-nan	-nan
