>NNSCACGTGB	1-NNSCACGTGB	3.997074	-3354.066820	0	T:3923.0(66.12%),B:29341.7(17.07%),P:1e-1456	Tpos:162.1,Tstd:111.8,Bpos:4370.7,Bstd:12594.3,StrandBias:0.0,Multiplicity:1.36
0.276	0.237	0.264	0.223
0.326	0.178	0.289	0.206
0.227	0.416	0.356	0.001
0.001	0.997	0.001	0.001
0.981	0.001	0.017	0.001
0.001	0.686	0.001	0.312
0.305	0.001	0.693	0.001
0.001	0.001	0.001	0.997
0.001	0.001	0.997	0.001
0.001	0.358	0.364	0.277
>NACRCAYGSN	2-NACRCAYGSN	4.600665	-1296.185844	0	T:5033.0(84.83%),B:91524.7(53.23%),P:1e-562	Tpos:172.6,Tstd:139.0,Bpos:2834.7,Bstd:13222.9,StrandBias:0.0,Multiplicity:2.05
0.223	0.306	0.296	0.175
0.457	0.001	0.276	0.266
0.259	0.422	0.136	0.182
0.546	0.001	0.452	0.001
0.001	0.994	0.004	0.001
0.605	0.001	0.393	0.001
0.101	0.375	0.114	0.411
0.323	0.019	0.631	0.027
0.212	0.411	0.376	0.001
0.298	0.211	0.289	0.203
>TTGGGGGAGG	3-TTGGGGGAGG	1.244785	-512.616218	0	T:5566.0(93.81%),B:135354.2(78.73%),P:1e-222	Tpos:179.2,Tstd:145.9,Bpos:1132.2,Bstd:4530.5,StrandBias:0.0,Multiplicity:2.17
0.001	0.154	0.163	0.682
0.001	0.001	0.384	0.614
0.001	0.001	0.854	0.144
0.130	0.001	0.868	0.001
0.061	0.001	0.870	0.068
0.104	0.001	0.884	0.011
0.176	0.012	0.753	0.059
0.618	0.001	0.207	0.174
0.088	0.001	0.910	0.001
0.054	0.017	0.928	0.001
>DNNCWNBWDV	4-DNNCWNBWDV	4.016374	-428.515226	0	T:5646.0(95.16%),B:141876.7(82.52%),P:1e-186	Tpos:169.8,Tstd:138.6,Bpos:3824.4,Bstd:21001.3,StrandBias:-0.0,Multiplicity:1.68
0.300	0.016	0.402	0.282
0.188	0.284	0.313	0.216
0.269	0.252	0.261	0.219
0.001	0.997	0.001	0.001
0.492	0.001	0.001	0.506
0.247	0.258	0.248	0.247
0.001	0.365	0.311	0.324
0.497	0.001	0.001	0.501
0.370	0.001	0.308	0.321
0.263	0.349	0.387	0.001
>TTTCACTTCC	5-TTTCACTTCC	-0.520623	-387.078156	0	T:4040.0(68.09%),B:86016.4(50.03%),P:1e-168	Tpos:158.6,Tstd:127.0,Bpos:10159.5,Bstd:37149.6,StrandBias:0.0,Multiplicity:2.10
0.009	0.036	0.001	0.954
0.017	0.104	0.019	0.860
0.005	0.024	0.004	0.967
0.001	0.990	0.001	0.008
0.989	0.001	0.009	0.001
0.015	0.706	0.243	0.036
0.028	0.001	0.001	0.970
0.005	0.011	0.001	0.983
0.001	0.945	0.001	0.053
0.001	0.897	0.001	0.101
>AYTTYCTYTT	6-AYTTYCTYTT	3.827773	-365.818819	0	T:4569.0(77.01%),B:103624.4(60.27%),P:1e-158	Tpos:159.3,Tstd:130.2,Bpos:8242.6,Bstd:27850.2,StrandBias:0.1,Multiplicity:1.94
0.511	0.109	0.135	0.245
0.033	0.518	0.074	0.375
0.039	0.038	0.005	0.918
0.022	0.065	0.028	0.885
0.018	0.554	0.010	0.418
0.033	0.850	0.005	0.112
0.112	0.169	0.047	0.672
0.056	0.435	0.163	0.346
0.092	0.080	0.033	0.795
0.054	0.130	0.072	0.744
>NNNWWTTTTT	7-NNNWWTTTTT	3.041938	-323.777481	0	T:4802.0(80.94%),B:113265.4(65.88%),P:1e-140	Tpos:156.3,Tstd:130.8,Bpos:10736.8,Bstd:31304.3,StrandBias:-0.0,Multiplicity:2.35
0.271	0.229	0.176	0.324
0.278	0.214	0.189	0.319
0.272	0.220	0.200	0.308
0.279	0.159	0.189	0.373
0.269	0.190	0.183	0.359
0.247	0.203	0.090	0.460
0.160	0.167	0.001	0.672
0.001	0.001	0.001	0.997
0.001	0.327	0.001	0.671
0.150	0.332	0.001	0.517
>TTCTGDGAAA	8-TTCTGDGAAA	3.328804	-300.014006	0	T:4984.0(84.00%),B:120643.8(70.17%),P:1e-130	Tpos:162.1,Tstd:129.7,Bpos:6957.1,Bstd:27928.1,StrandBias:0.0,Multiplicity:1.70
0.118	0.136	0.090	0.656
0.050	0.094	0.152	0.704
0.066	0.605	0.148	0.181
0.144	0.039	0.037	0.780
0.095	0.030	0.735	0.140
0.356	0.029	0.351	0.263
0.084	0.229	0.551	0.136
0.556	0.136	0.112	0.196
0.672	0.075	0.169	0.084
0.541	0.112	0.184	0.163
>CACACACACA	9-CACACACACA	3.869745	-220.868019	0	T:4111.0(69.29%),B:96055.5(55.87%),P:1e-95	Tpos:166.5,Tstd:134.3,Bpos:6966.6,Bstd:27182.0,StrandBias:-0.1,Multiplicity:1.64
0.160	0.579	0.130	0.131
0.608	0.142	0.097	0.153
0.145	0.578	0.153	0.124
0.601	0.129	0.110	0.160
0.162	0.545	0.159	0.134
0.614	0.145	0.097	0.144
0.155	0.601	0.136	0.108
0.633	0.138	0.091	0.138
0.161	0.592	0.139	0.108
0.648	0.125	0.104	0.123
>WWVCCWWKDD	10-WWVCCWWKDD	2.142958	-211.282355	0	T:4969.0(83.75%),B:124416.7(72.36%),P:1e-91	Tpos:158.3,Tstd:130.7,Bpos:7893.5,Bstd:23204.3,StrandBias:0.0,Multiplicity:1.94
0.495	0.006	0.010	0.489
0.477	0.059	0.014	0.449
0.399	0.282	0.284	0.035
0.016	0.530	0.079	0.375
0.131	0.627	0.110	0.132
0.466	0.060	0.004	0.469
0.469	0.088	0.028	0.415
0.093	0.079	0.339	0.489
0.326	0.006	0.323	0.345
0.285	0.049	0.347	0.319
>CCAAAGGCCT	11-CCAAAGGCCT	2.512553	-206.376849	0	T:5931.0(99.97%),B:165664.7(96.36%),P:1e-89	Tpos:175.9,Tstd:140.3,Bpos:2427.0,Bstd:17509.2,StrandBias:-0.0,Multiplicity:2.82
0.100	0.700	0.100	0.100
0.100	0.700	0.100	0.100
0.700	0.100	0.100	0.100
0.700	0.100	0.100	0.100
0.700	0.100	0.100	0.100
0.100	0.100	0.700	0.100
0.100	0.100	0.700	0.100
0.100	0.700	0.100	0.100
0.100	0.700	0.100	0.100
0.100	0.100	0.100	0.700
>CATCTGCTTT	12-CATCTGCTTT	2.512553	-193.714846	0	T:5905.0(99.53%),B:163747.2(95.24%),P:1e-84	Tpos:169.8,Tstd:136.4,Bpos:3562.6,Bstd:18615.9,StrandBias:0.0,Multiplicity:3.29
0.100	0.700	0.100	0.100
0.700	0.100	0.100	0.100
0.100	0.100	0.100	0.700
0.100	0.700	0.100	0.100
0.100	0.100	0.100	0.700
0.100	0.100	0.700	0.100
0.100	0.700	0.100	0.100
0.100	0.100	0.100	0.700
0.100	0.100	0.100	0.700
0.100	0.100	0.100	0.700
>TTCANTTCTG	13-TTCANTTCTG	4.492115	-142.822509	0	T:2866.0(48.31%),B:64428.9(37.47%),P:1e-62	Tpos:196.9,Tstd:123.9,Bpos:7824.2,Bstd:13048.2,StrandBias:0.5,Multiplicity:1.00
0.071	0.071	0.143	0.715
0.214	0.001	0.143	0.642
0.357	0.571	0.071	0.001
0.713	0.143	0.001	0.143
0.214	0.214	0.214	0.357
0.071	0.071	0.071	0.787
0.071	0.001	0.285	0.643
0.214	0.429	0.143	0.214
0.285	0.001	0.001	0.713
0.214	0.143	0.500	0.143
>TTCCTGCCCC	14-TTCCTGCCCC	2.512553	-81.148436	0	T:5932.0(99.98%),B:169424.0(98.54%),P:1e-35	Tpos:176.0,Tstd:142.5,Bpos:1307.4,Bstd:7974.0,StrandBias:-0.0,Multiplicity:2.79
0.100	0.100	0.100	0.700
0.100	0.100	0.100	0.700
0.100	0.700	0.100	0.100
0.100	0.700	0.100	0.100
0.100	0.100	0.100	0.700
0.100	0.100	0.700	0.100
0.100	0.700	0.100	0.100
0.100	0.700	0.100	0.100
0.100	0.700	0.100	0.100
0.100	0.700	0.100	0.100
>GCCCCGCGTG	15-GCCCCGCGTG	0.566642	-18.042258	0	T:5933.0(100.00%),B:171398.7(99.69%),P:1e-7	Tpos:181.3,Tstd:145.1,Bpos:1436.3,Bstd:10061.3,StrandBias:-0.0,Multiplicity:2.55
0.100	0.100	0.700	0.100
0.100	0.700	0.100	0.100
0.100	0.700	0.100	0.100
0.100	0.700	0.100	0.100
0.100	0.700	0.100	0.100
0.100	0.100	0.700	0.100
0.100	0.700	0.100	0.100
0.100	0.100	0.700	0.100
0.100	0.100	0.100	0.700
0.100	0.100	0.700	0.100
>DTMATGTKNH	16-DTMATGTKNH	5.336560	-10.115608	0	T:969.0(16.33%),B:24865.9(14.46%),P:1e-4	Tpos:107.4,Tstd:178.5,Bpos:7734.2,Bstd:11073.6,StrandBias:-2.0,Multiplicity:1.00
0.333	0.056	0.278	0.333
0.111	0.056	0.056	0.777
0.333	0.389	0.111	0.167
0.777	0.056	0.056	0.111
0.278	0.111	0.111	0.500
0.055	0.001	0.889	0.055
0.055	0.001	0.111	0.833
0.222	0.056	0.333	0.389
0.278	0.222	0.278	0.222
0.222	0.333	0.111	0.333
>CTACAGTTCG	17-CTACAGTTCG	8.796848	-0.360235	0	T:17.0(0.29%),B:547.3(0.32%),P:1e0	Tpos:151.0,Tstd:24.0,Bpos:16677.9,Bstd:23348.3,StrandBias:-10.0,Multiplicity:1.00
0.028	0.767	0.001	0.204
0.004	0.001	0.003	0.992
0.948	0.027	0.001	0.024
0.028	0.788	0.001	0.183
0.972	0.024	0.003	0.001
0.001	0.001	0.997	0.001
0.024	0.001	0.001	0.974
0.024	0.001	0.001	0.974
0.207	0.791	0.001	0.001
0.027	0.001	0.944	0.028
>HADCAKTMAA	18-HADCAKTMAA	5.885689	-0.307583	0	T:631.0(10.64%),B:18717.3(10.89%),P:1e0	Tpos:155.8,Tstd:46.6,Bpos:6344.7,Bstd:8521.3,StrandBias:0.6,Multiplicity:1.00
0.339	0.220	0.115	0.326
0.773	0.001	0.119	0.107
0.334	0.111	0.331	0.223
0.326	0.566	0.107	0.001
0.558	0.215	0.111	0.116
0.116	0.111	0.327	0.446
0.001	0.107	0.119	0.773
0.438	0.338	0.001	0.222
0.876	0.001	0.001	0.122
0.669	0.219	0.111	0.001
>GTGAAGKCTA	19-GTGAAGKCTA	6.622795	-0.218932	0	T:537.0(9.05%),B:16112.1(9.37%),P:1e0	Tpos:180.2,Tstd:90.1,Bpos:6176.7,Bstd:10056.7,StrandBias:2.0,Multiplicity:1.00
0.232	0.001	0.511	0.256
0.231	0.001	0.001	0.767
0.256	0.001	0.511	0.232
0.997	0.001	0.001	0.001
0.719	0.024	0.256	0.001
0.001	0.255	0.743	0.001
0.001	0.001	0.511	0.487
0.232	0.464	0.001	0.303
0.256	0.280	0.001	0.464
0.511	0.232	0.001	0.256
>MYWCATTGWW	20-MYWCATTGWW	6.768170	-0.040264	0	T:343.0(5.78%),B:10886.9(6.33%),P:1e0	Tpos:48.5,Tstd:36.8,Bpos:6241.0,Bstd:11119.8,StrandBias:0.0,Multiplicity:1.00
0.378	0.404	0.217	0.001
0.002	0.404	0.216	0.379
0.428	0.001	0.001	0.570
0.382	0.616	0.001	0.001
0.997	0.001	0.001	0.001
0.190	0.004	0.214	0.592
0.001	0.001	0.003	0.995
0.215	0.188	0.381	0.216
0.406	0.188	0.001	0.405
0.376	0.001	0.217	0.406
>ARCAATKTAW	21-ARCAATKTAW	6.002205	-0.016644	0	T:705.0(11.88%),B:22018.1(12.81%),P:1e0	Tpos:182.8,Tstd:132.2,Bpos:6140.3,Bstd:9413.8,StrandBias:0.0,Multiplicity:1.00
0.608	0.097	0.196	0.099
0.487	0.001	0.416	0.097
0.194	0.515	0.194	0.097
0.598	0.400	0.001	0.001
0.581	0.321	0.097	0.001
0.413	0.001	0.001	0.585
0.001	0.194	0.405	0.401
0.097	0.293	0.097	0.513
0.973	0.025	0.001	0.001
0.405	0.001	0.097	0.498
>BAAATTTTAA	22-BAAATTTTAA	8.624603	-0.000000	0	T:129.0(2.17%),B:5977.3(3.48%),P:1e0	Tpos:147.0,Tstd:179.4,Bpos:3894.6,Bstd:4873.4,StrandBias:1.0,Multiplicity:1.00
0.001	0.302	0.358	0.339
0.678	0.001	0.001	0.320
0.679	0.302	0.018	0.001
0.925	0.056	0.018	0.001
0.037	0.037	0.302	0.624
0.001	0.001	0.339	0.659
0.001	0.001	0.036	0.962
0.036	0.001	0.001	0.962
0.678	0.001	0.320	0.001
0.659	0.001	0.001	0.339
>TMAAAATTAA	23-TMAAAATTAA	7.059939	-0.000000	0	T:87.0(1.47%),B:4492.9(2.61%),P:1e0	Tpos:183.0,Tstd:0.0,Bpos:19472.1,Bstd:22350.8,StrandBias:-10.0,Multiplicity:1.00
0.183	0.095	0.277	0.445
0.466	0.357	0.177	0.001
0.538	0.271	0.103	0.088
0.545	0.366	0.001	0.088
0.643	0.177	0.001	0.179
0.445	0.097	0.180	0.277
0.177	0.088	0.186	0.549
0.180	0.097	0.001	0.722
0.810	0.001	0.001	0.188
0.631	0.003	0.094	0.272
>CCCTTCCCCC	24-CCCTTCCCCC	-3.325178	0.000000	0	T:5933.0(100.00%),B:171930.0(100.00%),P:1e0	Tpos:162.3,Tstd:133.8,Bpos:7922.9,Bstd:32087.6,StrandBias:-0.0,Multiplicity:1.72
0.100	0.700	0.100	0.100
0.100	0.700	0.100	0.100
0.100	0.700	0.100	0.100
0.100	0.100	0.100	0.700
0.100	0.100	0.100	0.700
0.100	0.700	0.100	0.100
0.100	0.700	0.100	0.100
0.100	0.700	0.100	0.100
0.100	0.700	0.100	0.100
0.100	0.700	0.100	0.100
>NNNNNNNNNN	25-NNNNNNNNNN	-nan	0.000000	0	T:0.0(0.00%),B:0.0(0.00%),P:1e0	Tpos:0.0,Tstd:0.0,Bpos:0.0,Bstd:0.0,StrandBias:0.0,Multiplicity:1.00
-nan	-nan	-nan	-nan
-nan	-nan	-nan	-nan
-nan	-nan	-nan	-nan
-nan	-nan	-nan	-nan
-nan	-nan	-nan	-nan
-nan	-nan	-nan	-nan
-nan	-nan	-nan	-nan
-nan	-nan	-nan	-nan
-nan	-nan	-nan	-nan
-nan	-nan	-nan	-nan
>NNNSCACGTGBN	1-NNNSCACGTGBN	5.665471	-3324.931174	0	T:3687.0(62.14%),B:25252.6(14.69%),P:1e-1443	Tpos:162.1,Tstd:112.4,Bpos:3197.5,Bstd:9395.1,StrandBias:0.0,Multiplicity:1.31
0.219	0.271	0.275	0.235
0.255	0.228	0.296	0.221
0.290	0.253	0.284	0.173
0.226	0.430	0.299	0.045
0.071	0.875	0.028	0.026
0.856	0.045	0.002	0.097
0.030	0.664	0.042	0.264
0.141	0.032	0.804	0.023
0.087	0.013	0.038	0.862
0.030	0.029	0.862	0.079
0.036	0.354	0.344	0.266
0.189	0.273	0.238	0.299
>ACCGATTRCTCA	2-ACCGATTRCTCA	-9.682490	-557.583340	0	T:5733.0(96.63%),B:142111.6(82.66%),P:1e-242	Tpos:168.7,Tstd:138.3,Bpos:5069.1,Bstd:23188.1,StrandBias:-0.0,Multiplicity:1.70
0.997	0.001	0.001	0.001
0.001	0.777	0.221	0.001
0.001	0.997	0.001	0.001
0.001	0.001	0.666	0.332
0.997	0.001	0.001	0.001
0.110	0.001	0.001	0.888
0.001	0.001	0.001	0.997
0.555	0.001	0.443	0.001
0.001	0.997	0.001	0.001
0.111	0.222	0.001	0.666
0.001	0.666	0.332	0.001
0.555	0.222	0.222	0.001
>CCACCAGGKGGC	3-CCACCAGGKGGC	2.822345	-474.422013	0	T:4776.0(80.50%),B:106225.8(61.78%),P:1e-206	Tpos:166.0,Tstd:130.3,Bpos:2681.9,Bstd:15384.8,StrandBias:-0.0,Multiplicity:1.71
0.043	0.825	0.023	0.109
0.033	0.965	0.001	0.001
0.852	0.052	0.087	0.009
0.074	0.636	0.258	0.032
0.241	0.482	0.044	0.233
0.808	0.017	0.011	0.164
0.172	0.011	0.816	0.001
0.240	0.040	0.713	0.007
0.060	0.070	0.445	0.425
0.011	0.009	0.959	0.021
0.048	0.019	0.871	0.062
0.207	0.693	0.023	0.077
>CACACACACACA	4-CACACACACACA	2.625881	-458.717686	0	T:5761.0(97.10%),B:146679.1(85.31%),P:1e-199	Tpos:164.5,Tstd:134.9,Bpos:7588.1,Bstd:28460.4,StrandBias:-0.0,Multiplicity:2.98
0.100	0.700	0.100	0.100
0.700	0.100	0.100	0.100
0.100	0.700	0.100	0.100
0.700	0.100	0.100	0.100
0.100	0.700	0.100	0.100
0.700	0.100	0.100	0.100
0.100	0.700	0.100	0.100
0.700	0.100	0.100	0.100
0.100	0.700	0.100	0.100
0.700	0.100	0.100	0.100
0.100	0.700	0.100	0.100
0.700	0.100	0.100	0.100
>NNSNSNSCTSMN	5-NNSNSNSCTSMN	4.221307	-443.273308	0	T:5741.0(96.76%),B:146105.1(84.98%),P:1e-192	Tpos:169.9,Tstd:136.1,Bpos:3184.5,Bstd:19005.0,StrandBias:0.0,Multiplicity:1.77
0.181	0.318	0.263	0.238
0.259	0.238	0.223	0.280
0.001	0.518	0.480	0.001
0.246	0.250	0.260	0.244
0.232	0.353	0.413	0.001
0.304	0.187	0.324	0.185
0.056	0.498	0.446	0.001
0.012	0.703	0.001	0.284
0.001	0.001	0.001	0.997
0.001	0.451	0.364	0.184
0.370	0.446	0.001	0.183
0.188	0.246	0.312	0.255
>GAGGAAGTGAAA	6-GAGGAAGTGAAA	2.711019	-376.351674	0	T:3994.0(67.32%),B:85069.3(49.48%),P:1e-163	Tpos:158.0,Tstd:126.4,Bpos:7423.3,Bstd:26675.5,StrandBias:-0.1,Multiplicity:2.01
0.258	0.131	0.557	0.054
0.475	0.180	0.320	0.026
0.178	0.010	0.767	0.045
0.012	0.001	0.986	0.001
0.969	0.007	0.007	0.017
0.934	0.001	0.001	0.064
0.066	0.305	0.565	0.064
0.023	0.001	0.009	0.967
0.126	0.027	0.835	0.012
0.765	0.150	0.059	0.026
0.679	0.076	0.162	0.083
0.799	0.007	0.124	0.070
>YGYGCGYGYGYG	7-YGYGCGYGYGYG	3.162232	-332.794745	0	T:4022.0(67.79%),B:87805.6(51.07%),P:1e-144	Tpos:178.2,Tstd:143.0,Bpos:879.4,Bstd:3914.2,StrandBias:0.0,Multiplicity:2.68
0.046	0.375	0.197	0.382
0.001	0.147	0.851	0.001
0.016	0.470	0.062	0.452
0.001	0.060	0.938	0.001
0.029	0.551	0.022	0.398
0.001	0.082	0.882	0.035
0.011	0.492	0.001	0.496
0.061	0.001	0.937	0.001
0.001	0.549	0.046	0.404
0.116	0.002	0.881	0.001
0.050	0.446	0.048	0.455
0.013	0.107	0.838	0.042
>NCCCCCCCCCCC	8-NCCCCCCCCCCC	3.576478	-330.876297	0	T:5041.0(84.97%),B:121312.7(70.56%),P:1e-143	Tpos:175.8,Tstd:137.6,Bpos:795.7,Bstd:3346.8,StrandBias:-0.0,Multiplicity:2.14
0.238	0.270	0.272	0.220
0.237	0.405	0.210	0.148
0.108	0.589	0.126	0.177
0.087	0.629	0.103	0.181
0.117	0.565	0.119	0.199
0.081	0.593	0.154	0.172
0.083	0.569	0.173	0.175
0.133	0.628	0.084	0.155
0.100	0.566	0.141	0.193
0.090	0.618	0.156	0.136
0.135	0.536	0.163	0.166
0.216	0.380	0.175	0.228
>CGCGCGCGCGCG	9-CGCGCGCGCGCG	0.000000	-327.182036	0	T:5723.0(96.46%),B:149077.4(86.71%),P:1e-142
0.100	0.700	0.100	0.100
0.100	0.100	0.700	0.100
0.100	0.700	0.100	0.100
0.100	0.100	0.700	0.100
0.100	0.700	0.100	0.100
0.100	0.100	0.700	0.100
0.100	0.700	0.100	0.100
0.100	0.100	0.700	0.100
0.100	0.700	0.100	0.100
0.100	0.100	0.700	0.100
0.100	0.700	0.100	0.100
0.100	0.100	0.700	0.100
>NACGCACGCACB	10-NACGCACGCACB	3.713530	-325.134246	0	T:5025.0(84.70%),B:120987.8(70.37%),P:1e-141	Tpos:180.9,Tstd:142.7,Bpos:923.1,Bstd:6668.1,StrandBias:-0.0,Multiplicity:2.30
0.217	0.321	0.287	0.175
0.595	0.159	0.123	0.123
0.150	0.544	0.198	0.108
0.022	0.147	0.726	0.105
0.098	0.682	0.136	0.084
0.568	0.174	0.129	0.129
0.125	0.552	0.206	0.117
0.010	0.133	0.766	0.091
0.086	0.693	0.146	0.075
0.560	0.155	0.132	0.153
0.115	0.622	0.162	0.101
0.083	0.284	0.371	0.262
>AAAAAAAAAAAA	11-AAAAAAAAAAAA	1.524920	-259.321364	0	T:4651.0(78.39%),B:111227.2(64.69%),P:1e-112	Tpos:154.3,Tstd:128.2,Bpos:10155.9,Bstd:27158.6,StrandBias:0.1,Multiplicity:2.34
0.600	0.083	0.193	0.124
0.660	0.075	0.138	0.127
0.665	0.083	0.130	0.122
0.686	0.070	0.126	0.118
0.662	0.074	0.138	0.126
0.671	0.071	0.136	0.122
0.662	0.083	0.138	0.117
0.618	0.064	0.211	0.107
0.617	0.082	0.199	0.102
0.652	0.098	0.134	0.116
0.666	0.088	0.126	0.120
0.498	0.077	0.226	0.199
>SSSGCGSCSVSS	12-SSSGCGSCSVSS	2.127341	-220.033933	0	T:5515.0(92.95%),B:144119.6(83.82%),P:1e-95	Tpos:183.9,Tstd:148.6,Bpos:698.4,Bstd:3011.0,StrandBias:-0.0,Multiplicity:2.07
0.050	0.479	0.436	0.035
0.048	0.418	0.335	0.198
0.031	0.475	0.450	0.044
0.045	0.352	0.520	0.083
0.164	0.522	0.259	0.055
0.057	0.340	0.569	0.034
0.069	0.380	0.487	0.064
0.359	0.555	0.039	0.047
0.106	0.384	0.509	0.001
0.281	0.332	0.316	0.072
0.068	0.412	0.495	0.025
0.112	0.409	0.437	0.042
>CCAGGNYYTSNN	13-CCAGGNYYTSNN	1.551872	-71.951148	0	T:5933.0(100.00%),B:169821.8(98.77%),P:1e-31	Tpos:160.0,Tstd:132.5,Bpos:6103.6,Bstd:22470.9,StrandBias:-0.0,Multiplicity:1.90
0.149	0.562	0.148	0.141
0.059	0.872	0.016	0.053
0.890	0.026	0.016	0.068
0.270	0.029	0.457	0.244
0.197	0.230	0.536	0.037
0.202	0.248	0.263	0.287
0.029	0.453	0.212	0.306
0.192	0.419	0.040	0.349
0.304	0.065	0.051	0.580
0.045	0.354	0.391	0.210
0.306	0.215	0.208	0.271
0.282	0.212	0.250	0.256
>ACATACACACAC	14-ACATACACACAC	0.000000	-67.145460	0	T:5933.0(100.00%),B:169961.9(98.86%),P:1e-29
0.700	0.100	0.100	0.100
0.100	0.700	0.100	0.100
0.700	0.100	0.100	0.100
0.100	0.100	0.100	0.700
0.700	0.100	0.100	0.100
0.100	0.700	0.100	0.100
0.700	0.100	0.100	0.100
0.100	0.700	0.100	0.100
0.700	0.100	0.100	0.100
0.100	0.700	0.100	0.100
0.700	0.100	0.100	0.100
0.100	0.700	0.100	0.100
>CCCACCCCCACC	15-CCCACCCCCACC	0.000000	-48.919268	0	T:5933.0(100.00%),B:170493.8(99.16%),P:1e-21
0.100	0.700	0.100	0.100
0.100	0.700	0.100	0.100
0.100	0.700	0.100	0.100
0.700	0.100	0.100	0.100
0.100	0.700	0.100	0.100
0.100	0.700	0.100	0.100
0.100	0.700	0.100	0.100
0.100	0.700	0.100	0.100
0.100	0.700	0.100	0.100
0.700	0.100	0.100	0.100
0.100	0.700	0.100	0.100
0.100	0.700	0.100	0.100
>GTGCGCATGCGC	16-GTGCGCATGCGC	0.000000	-44.781641	0	T:5933.0(100.00%),B:170614.9(99.24%),P:1e-19
0.100	0.100	0.700	0.100
0.100	0.100	0.100	0.700
0.100	0.100	0.700	0.100
0.100	0.700	0.100	0.100
0.100	0.100	0.700	0.100
0.100	0.700	0.100	0.100
0.700	0.100	0.100	0.100
0.100	0.100	0.100	0.700
0.100	0.100	0.700	0.100
0.100	0.700	0.100	0.100
0.100	0.100	0.700	0.100
0.100	0.700	0.100	0.100
>TGCGCCTGCGCG	17-TGCGCCTGCGCG	0.000000	-41.398456	0	T:5933.0(100.00%),B:170714.0(99.29%),P:1e-17
0.100	0.100	0.100	0.700
0.100	0.100	0.700	0.100
0.100	0.700	0.100	0.100
0.100	0.100	0.700	0.100
0.100	0.700	0.100	0.100
0.100	0.700	0.100	0.100
0.100	0.100	0.100	0.700
0.100	0.100	0.700	0.100
0.100	0.700	0.100	0.100
0.100	0.100	0.700	0.100
0.100	0.700	0.100	0.100
0.100	0.100	0.700	0.100
>AGGGAACTGAAA	18-AGGGAACTGAAA	0.000000	-34.637868	0	T:5933.0(100.00%),B:170911.6(99.41%),P:1e-15
0.700	0.100	0.100	0.100
0.100	0.100	0.700	0.100
0.100	0.100	0.700	0.100
0.100	0.100	0.700	0.100
0.700	0.100	0.100	0.100
0.700	0.100	0.100	0.100
0.100	0.700	0.100	0.100
0.100	0.100	0.100	0.700
0.100	0.100	0.700	0.100
0.700	0.100	0.100	0.100
0.700	0.100	0.100	0.100
0.700	0.100	0.100	0.100
>GTGTGTGTGAGA	19-GTGTGTGTGAGA	0.000000	-33.307145	0	T:5933.0(100.00%),B:170950.1(99.43%),P:1e-14
0.100	0.100	0.700	0.100
0.100	0.100	0.100	0.700
0.100	0.100	0.700	0.100
0.100	0.100	0.100	0.700
0.100	0.100	0.700	0.100
0.100	0.100	0.100	0.700
0.100	0.100	0.700	0.100
0.100	0.100	0.100	0.700
0.100	0.100	0.700	0.100
0.700	0.100	0.100	0.100
0.100	0.100	0.700	0.100
0.700	0.100	0.100	0.100
>TTTCACTTCCTG	20-TTTCACTTCCTG	0.000000	-20.969526	0	T:5933.0(100.00%),B:171312.8(99.64%),P:1e-9
0.100	0.100	0.100	0.700
0.100	0.100	0.100	0.700
0.100	0.100	0.100	0.700
0.100	0.700	0.100	0.100
0.700	0.100	0.100	0.100
0.100	0.700	0.100	0.100
0.100	0.100	0.100	0.700
0.100	0.100	0.100	0.700
0.100	0.700	0.100	0.100
0.100	0.700	0.100	0.100
0.100	0.100	0.100	0.700
0.100	0.100	0.700	0.100
>CACACACAGACA	21-CACACACAGACA	0.000000	-15.660663	0	T:5933.0(100.00%),B:171468.1(99.73%),P:1e-6
0.100	0.700	0.100	0.100
0.700	0.100	0.100	0.100
0.100	0.700	0.100	0.100
0.700	0.100	0.100	0.100
0.100	0.700	0.100	0.100
0.700	0.100	0.100	0.100
0.100	0.700	0.100	0.100
0.700	0.100	0.100	0.100
0.100	0.100	0.700	0.100
0.700	0.100	0.100	0.100
0.100	0.700	0.100	0.100
0.700	0.100	0.100	0.100
>GGGAACTGAAAC	22-GGGAACTGAAAC	0.000000	-11.240237	0	T:5933.0(100.00%),B:171598.6(99.81%),P:1e-4
0.100	0.100	0.700	0.100
0.100	0.100	0.700	0.100
0.100	0.100	0.700	0.100
0.700	0.100	0.100	0.100
0.700	0.100	0.100	0.100
0.100	0.700	0.100	0.100
0.100	0.100	0.100	0.700
0.100	0.100	0.700	0.100
0.700	0.100	0.100	0.100
0.700	0.100	0.100	0.100
0.700	0.100	0.100	0.100
0.100	0.700	0.100	0.100
>CACATGCACACA	23-CACATGCACACA	0.000000	-11.070287	0	T:5933.0(100.00%),B:171603.4(99.81%),P:1e-4
0.100	0.700	0.100	0.100
0.700	0.100	0.100	0.100
0.100	0.700	0.100	0.100
0.700	0.100	0.100	0.100
0.100	0.100	0.100	0.700
0.100	0.100	0.700	0.100
0.100	0.700	0.100	0.100
0.700	0.100	0.100	0.100
0.100	0.700	0.100	0.100
0.700	0.100	0.100	0.100
0.100	0.700	0.100	0.100
0.700	0.100	0.100	0.100
>BYHBCMWNBMWS	24-BYHBCMWNBMWS	-2.909689	-0.067853	0	T:5933.0(100.00%),B:171927.5(100.00%),P:1e0	Tpos:167.2,Tstd:135.1,Bpos:7150.0,Bstd:30233.5,StrandBias:-0.0,Multiplicity:1.68
0.145	0.330	0.304	0.221
0.027	0.423	0.001	0.549
0.201	0.331	0.164	0.304
0.089	0.242	0.306	0.364
0.001	0.997	0.001	0.001
0.360	0.427	0.001	0.212
0.446	0.241	0.001	0.312
0.236	0.186	0.260	0.318
0.001	0.365	0.366	0.268
0.332	0.320	0.170	0.178
0.431	0.001	0.252	0.317
0.099	0.380	0.520	0.001
>BTGGRAACTTCT	25-BTGGRAACTTCT	-18.616781	0.000000	0	T:5933.0(100.00%),B:171930.0(100.00%),P:1e0	Tpos:166.6,Tstd:133.4,Bpos:7551.0,Bstd:31319.9,StrandBias:-0.0,Multiplicity:1.43
0.054	0.375	0.294	0.277
0.275	0.081	0.186	0.459
0.277	0.001	0.709	0.013
0.229	0.001	0.628	0.142
0.531	0.001	0.455	0.013
0.542	0.234	0.189	0.035
0.553	0.075	0.135	0.237
0.121	0.505	0.239	0.135
0.055	0.223	0.245	0.478
0.001	0.318	0.188	0.492
0.159	0.606	0.036	0.199
0.170	0.288	0.064	0.477
>GSCACGTG	1-GSCACGTG	5.178756	-3704.297739	0	T:4775.0(80.48%),B:44719.5(26.01%),P:1e-1608	Tpos:164.7,Tstd:117.5,Bpos:3323.5,Bstd:9588.0,StrandBias:0.0,Multiplicity:1.59
0.215	0.215	0.408	0.162
0.207	0.412	0.358	0.023
0.012	0.986	0.001	0.001
0.872	0.001	0.071	0.056
0.001	0.802	0.001	0.196
0.222	0.001	0.776	0.001
0.031	0.034	0.001	0.934
0.001	0.001	0.997	0.001
>NHGCACGY	2-NHGCACGY	0.526399	-1204.161514	0	T:5038.0(84.91%),B:93918.5(54.63%),P:1e-522	Tpos:165.4,Tstd:132.2,Bpos:5734.1,Bstd:22083.9,StrandBias:-0.0,Multiplicity:1.95
0.315	0.200	0.282	0.203
0.386	0.317	0.001	0.296
0.345	0.001	0.653	0.001
0.001	0.997	0.001	0.001
0.997	0.001	0.001	0.001
0.001	0.581	0.001	0.417
0.212	0.001	0.786	0.001
0.001	0.530	0.001	0.468
>CACTTCCT	3-CACTTCCT	4.470420	-606.662592	0	T:4502.0(75.88%),B:92361.1(53.72%),P:1e-263	Tpos:161.5,Tstd:127.6,Bpos:7074.5,Bstd:32336.7,StrandBias:-0.0,Multiplicity:1.88
0.189	0.516	0.106	0.189
0.738	0.032	0.186	0.044
0.012	0.875	0.061	0.052
0.080	0.037	0.038	0.845
0.018	0.016	0.029	0.937
0.038	0.557	0.301	0.104
0.022	0.906	0.009	0.063
0.049	0.092	0.231	0.628
>SCCCAAAA	4-SCCCAAAA	-9.647934	-501.071666	0	T:5714.0(96.31%),B:142862.4(83.09%),P:1e-217	Tpos:173.0,Tstd:142.5,Bpos:5268.5,Bstd:27035.1,StrandBias:0.0,Multiplicity:1.95
0.001	0.525	0.473	0.001
0.001	0.997	0.001	0.001
0.001	0.997	0.001	0.001
0.001	0.997	0.001	0.001
0.997	0.001	0.001	0.001
0.997	0.001	0.001	0.001
0.997	0.001	0.001	0.001
0.997	0.001	0.001	0.001
>CTTCCTKY	5-CTTCCTKY	1.300249	-453.636893	0	T:5035.0(84.86%),B:116161.9(67.56%),P:1e-197	Tpos:167.3,Tstd:138.1,Bpos:5157.5,Bstd:24452.2,StrandBias:0.0,Multiplicity:1.84
0.001	0.997	0.001	0.001
0.001	0.001	0.001	0.997
0.001	0.001	0.001	0.997
0.001	0.690	0.269	0.040
0.001	0.997	0.001	0.001
0.001	0.001	0.046	0.952
0.143	0.112	0.428	0.317
0.180	0.372	0.201	0.247
>KARAGVAA	6-KARAGVAA	0.539514	-378.828725	0	T:4781.0(80.58%),B:110178.1(64.08%),P:1e-164	Tpos:160.4,Tstd:131.4,Bpos:7945.9,Bstd:26595.0,StrandBias:0.0,Multiplicity:2.04
0.147	0.216	0.375	0.263
0.575	0.001	0.167	0.257
0.407	0.001	0.418	0.173
0.997	0.001	0.001	0.001
0.001	0.001	0.997	0.001
0.354	0.293	0.352	0.001
0.997	0.001	0.001	0.001
0.997	0.001	0.001	0.001
>CACACAGA	7-CACACAGA	4.345134	-345.223838	0	T:5067.0(85.40%),B:121639.9(70.75%),P:1e-149	Tpos:139.0,Tstd:88.7,Bpos:3813.2,Bstd:9947.8,StrandBias:0.2,Multiplicity:1.04
0.100	0.700	0.100	0.100
0.700	0.100	0.100	0.100
0.100	0.700	0.100	0.100
0.700	0.100	0.100	0.100
0.100	0.700	0.100	0.100
0.700	0.100	0.100	0.100
0.100	0.100	0.700	0.100
0.700	0.100	0.100	0.100
>TTTCAGAG	8-TTTCAGAG	4.345134	-345.003835	0	T:4745.0(79.98%),B:110393.2(64.21%),P:1e-149	Tpos:240.3,Tstd:233.9,Bpos:2524.3,Bstd:7256.0,StrandBias:0.0,Multiplicity:1.00
0.100	0.100	0.100	0.700
0.100	0.100	0.100	0.700
0.100	0.100	0.100	0.700
0.100	0.700	0.100	0.100
0.700	0.100	0.100	0.100
0.100	0.100	0.700	0.100
0.700	0.100	0.100	0.100
0.100	0.100	0.700	0.100
>TYTYTTTH	9-TYTYTTTH	2.501472	-299.832205	0	T:5067.0(85.40%),B:123604.8(71.89%),P:1e-130	Tpos:156.7,Tstd:130.5,Bpos:9223.6,Bstd:23090.9,StrandBias:0.0,Multiplicity:2.35
0.219	0.220	0.107	0.454
0.216	0.310	0.106	0.368
0.252	0.001	0.152	0.595
0.143	0.292	0.136	0.429
0.203	0.001	0.001	0.795
0.173	0.197	0.157	0.472
0.246	0.243	0.104	0.408
0.247	0.257	0.110	0.387
>DSWDGTTW	10-DSWDGTTW	2.509329	-298.603882	0	T:5191.0(87.49%),B:128178.1(74.55%),P:1e-129	Tpos:161.4,Tstd:131.9,Bpos:8330.9,Bstd:32088.9,StrandBias:0.0,Multiplicity:1.87
0.304	0.122	0.234	0.340
0.088	0.289	0.423	0.200
0.319	0.112	0.120	0.449
0.315	0.008	0.276	0.401
0.082	0.264	0.556	0.098
0.217	0.248	0.065	0.470
0.109	0.154	0.103	0.634
0.348	0.107	0.115	0.431
>TTCTCTTT	11-TTCTCTTT	3.578736	-283.587826	0	T:4747.0(80.01%),B:113248.9(65.87%),P:1e-123	Tpos:154.1,Tstd:122.7,Bpos:9581.1,Bstd:33484.5,StrandBias:-0.0,Multiplicity:1.94
0.035	0.205	0.026	0.734
0.065	0.117	0.118	0.700
0.031	0.861	0.037	0.071
0.051	0.072	0.007	0.870
0.082	0.687	0.109	0.122
0.128	0.105	0.012	0.755
0.075	0.154	0.098	0.673
0.091	0.100	0.089	0.720
>WAYTBAAA	12-WAYTBAAA	2.539521	-239.735132	0	T:4822.0(81.27%),B:117928.3(68.59%),P:1e-104	Tpos:157.5,Tstd:127.8,Bpos:12168.3,Bstd:40724.9,StrandBias:0.0,Multiplicity:2.12
0.398	0.205	0.114	0.284
0.444	0.144	0.145	0.266
0.173	0.380	0.174	0.273
0.173	0.099	0.021	0.707
0.204	0.225	0.359	0.213
0.528	0.185	0.116	0.171
0.653	0.163	0.109	0.075
0.533	0.086	0.142	0.239
>WAAWCCWT	13-WAAWCCWT	-5.962186	-219.048863	0	T:5467.0(92.15%),B:142251.9(82.74%),P:1e-95	Tpos:163.6,Tstd:135.9,Bpos:6425.8,Bstd:25291.4,StrandBias:0.1,Multiplicity:1.75
0.458	0.083	0.001	0.458
0.997	0.001	0.001	0.001
0.997	0.001	0.001	0.001
0.499	0.001	0.001	0.499
0.001	0.957	0.041	0.001
0.001	0.997	0.001	0.001
0.541	0.001	0.001	0.457
0.001	0.001	0.001	0.997
>WSWSWNNW	14-WSWSWNNW	2.640131	-211.006703	0	T:5307.0(89.45%),B:136508.4(79.40%),P:1e-91	Tpos:161.3,Tstd:129.7,Bpos:6623.7,Bstd:24473.6,StrandBias:0.0,Multiplicity:1.96
0.334	0.159	0.133	0.374
0.001	0.547	0.421	0.031
0.356	0.199	0.001	0.444
0.001	0.569	0.429	0.001
0.371	0.177	0.001	0.452
0.240	0.233	0.231	0.296
0.258	0.212	0.193	0.336
0.294	0.132	0.203	0.371
>AMATTATW	15-AMATTATW	-5.959632	-154.972764	0	T:5874.0(99.01%),B:163043.9(94.83%),P:1e-67	Tpos:162.9,Tstd:134.2,Bpos:6855.5,Bstd:26456.7,StrandBias:-0.0,Multiplicity:1.63
0.593	0.101	0.002	0.304
0.392	0.410	0.100	0.098
0.790	0.001	0.001	0.208
0.001	0.016	0.104	0.879
0.196	0.018	0.001	0.785
0.886	0.001	0.001	0.112
0.001	0.001	0.411	0.587
0.501	0.001	0.001	0.497
>TGTGGCAA	16-TGTGGCAA	2.399224	-96.867296	0	T:5932.0(99.98%),B:168963.3(98.27%),P:1e-42	Tpos:173.1,Tstd:137.8,Bpos:2840.7,Bstd:17249.2,StrandBias:-0.0,Multiplicity:3.76
0.100	0.100	0.100	0.700
0.100	0.100	0.700	0.100
0.100	0.100	0.100	0.700
0.100	0.100	0.700	0.100
0.100	0.100	0.700	0.100
0.100	0.700	0.100	0.100
0.700	0.100	0.100	0.100
0.700	0.100	0.100	0.100
>CAGGTGCT	17-CAGGTGCT	2.399224	-29.453144	0	T:5933.0(100.00%),B:171063.3(99.50%),P:1e-12	Tpos:178.1,Tstd:145.9,Bpos:1318.1,Bstd:9209.0,StrandBias:-0.0,Multiplicity:2.52
0.100	0.700	0.100	0.100
0.700	0.100	0.100	0.100
0.100	0.100	0.700	0.100
0.100	0.100	0.700	0.100
0.100	0.100	0.100	0.700
0.100	0.100	0.700	0.100
0.100	0.700	0.100	0.100
0.100	0.100	0.100	0.700
>CACAAGGC	18-CACAAGGC	2.399224	-27.475956	0	T:5933.0(100.00%),B:171121.4(99.53%),P:1e-11	Tpos:176.9,Tstd:141.1,Bpos:1303.5,Bstd:8571.2,StrandBias:-0.0,Multiplicity:3.91
0.100	0.700	0.100	0.100
0.700	0.100	0.100	0.100
0.100	0.700	0.100	0.100
0.700	0.100	0.100	0.100
0.700	0.100	0.100	0.100
0.100	0.100	0.700	0.100
0.100	0.100	0.700	0.100
0.100	0.700	0.100	0.100
>GCGCGCGT	19-GCGCGCGT	0.453314	-7.162766	0	T:5933.0(100.00%),B:171718.8(99.88%),P:1e-3	Tpos:182.1,Tstd:151.1,Bpos:806.8,Bstd:5377.2,StrandBias:-0.0,Multiplicity:3.33
0.100	0.100	0.700	0.100
0.100	0.700	0.100	0.100
0.100	0.100	0.700	0.100
0.100	0.700	0.100	0.100
0.100	0.100	0.700	0.100
0.100	0.700	0.100	0.100
0.100	0.100	0.700	0.100
0.100	0.100	0.100	0.700
>AAGTGGAT	20-AAGTGGAT	7.093864	-0.889730	0	T:451.0(7.60%),B:12923.2(7.52%),P:1e0	Tpos:197.0,Tstd:34.0,Bpos:10399.9,Bstd:19549.3,StrandBias:10.0,Multiplicity:1.00
0.920	0.001	0.001	0.078
0.920	0.001	0.001	0.078
0.001	0.235	0.763	0.001
0.001	0.001	0.157	0.841
0.001	0.001	0.997	0.001
0.078	0.001	0.920	0.001
0.764	0.001	0.078	0.157
0.235	0.001	0.001	0.763
>GGGNAGGG	21-GGGNAGGG	-3.504394	0.000000	0	T:5933.0(100.00%),B:171930.0(100.00%),P:1e0	Tpos:166.6,Tstd:136.8,Bpos:7325.1,Bstd:33470.8,StrandBias:0.0,Multiplicity:1.58
0.069	0.034	0.777	0.120
0.157	0.001	0.601	0.241
0.206	0.052	0.501	0.241
0.241	0.206	0.311	0.241
0.535	0.190	0.034	0.241
0.069	0.276	0.432	0.223
0.103	0.241	0.570	0.086
0.243	0.224	0.499	0.034
>NNNNNNNN	22-NNNNNNNN	-nan	0.000000	0	T:0.0(0.00%),B:0.0(0.00%),P:1e0	Tpos:0.0,Tstd:0.0,Bpos:0.0,Bstd:0.0,StrandBias:0.0,Multiplicity:1.00
-nan	-nan	-nan	-nan
-nan	-nan	-nan	-nan
-nan	-nan	-nan	-nan
-nan	-nan	-nan	-nan
-nan	-nan	-nan	-nan
-nan	-nan	-nan	-nan
-nan	-nan	-nan	-nan
-nan	-nan	-nan	-nan
>NNNNNNNN	23-NNNNNNNN	-nan	0.000000	0	T:0.0(0.00%),B:0.0(0.00%),P:1e0	Tpos:0.0,Tstd:0.0,Bpos:0.0,Bstd:0.0,StrandBias:0.0,Multiplicity:1.00
-nan	-nan	-nan	-nan
-nan	-nan	-nan	-nan
-nan	-nan	-nan	-nan
-nan	-nan	-nan	-nan
-nan	-nan	-nan	-nan
-nan	-nan	-nan	-nan
-nan	-nan	-nan	-nan
-nan	-nan	-nan	-nan
>NNNNNNNN	24-NNNNNNNN	-nan	0.000000	0	T:0.0(0.00%),B:0.0(0.00%),P:1e0	Tpos:0.0,Tstd:0.0,Bpos:0.0,Bstd:0.0,StrandBias:0.0,Multiplicity:1.00
-nan	-nan	-nan	-nan
-nan	-nan	-nan	-nan
-nan	-nan	-nan	-nan
-nan	-nan	-nan	-nan
-nan	-nan	-nan	-nan
-nan	-nan	-nan	-nan
-nan	-nan	-nan	-nan
-nan	-nan	-nan	-nan
>NNNNNNNN	25-NNNNNNNN	-nan	0.000000	0	T:0.0(0.00%),B:0.0(0.00%),P:1e0	Tpos:0.0,Tstd:0.0,Bpos:0.0,Bstd:0.0,StrandBias:0.0,Multiplicity:1.00
-nan	-nan	-nan	-nan
-nan	-nan	-nan	-nan
-nan	-nan	-nan	-nan
-nan	-nan	-nan	-nan
-nan	-nan	-nan	-nan
-nan	-nan	-nan	-nan
-nan	-nan	-nan	-nan
-nan	-nan	-nan	-nan
