>GSCACGTG	1-GSCACGTG	5.178756	-3704.297739	0	T:4775.0(80.48%),B:44719.5(26.01%),P:1e-1608	Tpos:164.7,Tstd:117.5,Bpos:3323.5,Bstd:9588.0,StrandBias:0.0,Multiplicity:1.59
0.215	0.215	0.408	0.162
0.207	0.412	0.358	0.023
0.012	0.986	0.001	0.001
0.872	0.001	0.071	0.056
0.001	0.802	0.001	0.196
0.222	0.001	0.776	0.001
0.031	0.034	0.001	0.934
0.001	0.001	0.997	0.001
>NHGCACGY	2-NHGCACGY	0.526399	-1204.161514	0	T:5038.0(84.91%),B:93918.5(54.63%),P:1e-522	Tpos:165.4,Tstd:132.2,Bpos:5734.1,Bstd:22083.9,StrandBias:-0.0,Multiplicity:1.95
0.315	0.200	0.282	0.203
0.386	0.317	0.001	0.296
0.345	0.001	0.653	0.001
0.001	0.997	0.001	0.001
0.997	0.001	0.001	0.001
0.001	0.581	0.001	0.417
0.212	0.001	0.786	0.001
0.001	0.530	0.001	0.468
>CACTTCCT	3-CACTTCCT	4.470420	-606.662592	0	T:4502.0(75.88%),B:92361.1(53.72%),P:1e-263	Tpos:161.5,Tstd:127.6,Bpos:7074.5,Bstd:32336.7,StrandBias:-0.0,Multiplicity:1.88
0.189	0.516	0.106	0.189
0.738	0.032	0.186	0.044
0.012	0.875	0.061	0.052
0.080	0.037	0.038	0.845
0.018	0.016	0.029	0.937
0.038	0.557	0.301	0.104
0.022	0.906	0.009	0.063
0.049	0.092	0.231	0.628
>SCCCAAAA	4-SCCCAAAA	-9.647934	-501.071666	0	T:5714.0(96.31%),B:142862.4(83.09%),P:1e-217	Tpos:173.0,Tstd:142.5,Bpos:5268.5,Bstd:27035.1,StrandBias:0.0,Multiplicity:1.95
0.001	0.525	0.473	0.001
0.001	0.997	0.001	0.001
0.001	0.997	0.001	0.001
0.001	0.997	0.001	0.001
0.997	0.001	0.001	0.001
0.997	0.001	0.001	0.001
0.997	0.001	0.001	0.001
0.997	0.001	0.001	0.001
>CTTCCTKY	5-CTTCCTKY	1.300249	-453.636893	0	T:5035.0(84.86%),B:116161.9(67.56%),P:1e-197	Tpos:167.3,Tstd:138.1,Bpos:5157.5,Bstd:24452.2,StrandBias:0.0,Multiplicity:1.84
0.001	0.997	0.001	0.001
0.001	0.001	0.001	0.997
0.001	0.001	0.001	0.997
0.001	0.690	0.269	0.040
0.001	0.997	0.001	0.001
0.001	0.001	0.046	0.952
0.143	0.112	0.428	0.317
0.180	0.372	0.201	0.247
>KARAGVAA	6-KARAGVAA	0.539514	-378.828725	0	T:4781.0(80.58%),B:110178.1(64.08%),P:1e-164	Tpos:160.4,Tstd:131.4,Bpos:7945.9,Bstd:26595.0,StrandBias:0.0,Multiplicity:2.04
0.147	0.216	0.375	0.263
0.575	0.001	0.167	0.257
0.407	0.001	0.418	0.173
0.997	0.001	0.001	0.001
0.001	0.001	0.997	0.001
0.354	0.293	0.352	0.001
0.997	0.001	0.001	0.001
0.997	0.001	0.001	0.001
>CACACAGA	7-CACACAGA	4.345134	-345.223838	0	T:5067.0(85.40%),B:121639.9(70.75%),P:1e-149	Tpos:139.0,Tstd:88.7,Bpos:3813.2,Bstd:9947.8,StrandBias:0.2,Multiplicity:1.04
0.100	0.700	0.100	0.100
0.700	0.100	0.100	0.100
0.100	0.700	0.100	0.100
0.700	0.100	0.100	0.100
0.100	0.700	0.100	0.100
0.700	0.100	0.100	0.100
0.100	0.100	0.700	0.100
0.700	0.100	0.100	0.100
>TTTCAGAG	8-TTTCAGAG	4.345134	-345.003835	0	T:4745.0(79.98%),B:110393.2(64.21%),P:1e-149	Tpos:240.3,Tstd:233.9,Bpos:2524.3,Bstd:7256.0,StrandBias:0.0,Multiplicity:1.00
0.100	0.100	0.100	0.700
0.100	0.100	0.100	0.700
0.100	0.100	0.100	0.700
0.100	0.700	0.100	0.100
0.700	0.100	0.100	0.100
0.100	0.100	0.700	0.100
0.700	0.100	0.100	0.100
0.100	0.100	0.700	0.100
>TYTYTTTH	9-TYTYTTTH	2.501472	-299.832205	0	T:5067.0(85.40%),B:123604.8(71.89%),P:1e-130	Tpos:156.7,Tstd:130.5,Bpos:9223.6,Bstd:23090.9,StrandBias:0.0,Multiplicity:2.35
0.219	0.220	0.107	0.454
0.216	0.310	0.106	0.368
0.252	0.001	0.152	0.595
0.143	0.292	0.136	0.429
0.203	0.001	0.001	0.795
0.173	0.197	0.157	0.472
0.246	0.243	0.104	0.408
0.247	0.257	0.110	0.387
>DSWDGTTW	10-DSWDGTTW	2.509329	-298.603882	0	T:5191.0(87.49%),B:128178.1(74.55%),P:1e-129	Tpos:161.4,Tstd:131.9,Bpos:8330.9,Bstd:32088.9,StrandBias:0.0,Multiplicity:1.87
0.304	0.122	0.234	0.340
0.088	0.289	0.423	0.200
0.319	0.112	0.120	0.449
0.315	0.008	0.276	0.401
0.082	0.264	0.556	0.098
0.217	0.248	0.065	0.470
0.109	0.154	0.103	0.634
0.348	0.107	0.115	0.431
>TTCTCTTT	11-TTCTCTTT	3.578736	-283.587826	0	T:4747.0(80.01%),B:113248.9(65.87%),P:1e-123	Tpos:154.1,Tstd:122.7,Bpos:9581.1,Bstd:33484.5,StrandBias:-0.0,Multiplicity:1.94
0.035	0.205	0.026	0.734
0.065	0.117	0.118	0.700
0.031	0.861	0.037	0.071
0.051	0.072	0.007	0.870
0.082	0.687	0.109	0.122
0.128	0.105	0.012	0.755
0.075	0.154	0.098	0.673
0.091	0.100	0.089	0.720
>WAYTBAAA	12-WAYTBAAA	2.539521	-239.735132	0	T:4822.0(81.27%),B:117928.3(68.59%),P:1e-104	Tpos:157.5,Tstd:127.8,Bpos:12168.3,Bstd:40724.9,StrandBias:0.0,Multiplicity:2.12
0.398	0.205	0.114	0.284
0.444	0.144	0.145	0.266
0.173	0.380	0.174	0.273
0.173	0.099	0.021	0.707
0.204	0.225	0.359	0.213
0.528	0.185	0.116	0.171
0.653	0.163	0.109	0.075
0.533	0.086	0.142	0.239
>WAAWCCWT	13-WAAWCCWT	-5.962186	-219.048863	0	T:5467.0(92.15%),B:142251.9(82.74%),P:1e-95	Tpos:163.6,Tstd:135.9,Bpos:6425.8,Bstd:25291.4,StrandBias:0.1,Multiplicity:1.75
0.458	0.083	0.001	0.458
0.997	0.001	0.001	0.001
0.997	0.001	0.001	0.001
0.499	0.001	0.001	0.499
0.001	0.957	0.041	0.001
0.001	0.997	0.001	0.001
0.541	0.001	0.001	0.457
0.001	0.001	0.001	0.997
>WSWSWNNW	14-WSWSWNNW	2.640131	-211.006703	0	T:5307.0(89.45%),B:136508.4(79.40%),P:1e-91	Tpos:161.3,Tstd:129.7,Bpos:6623.7,Bstd:24473.6,StrandBias:0.0,Multiplicity:1.96
0.334	0.159	0.133	0.374
0.001	0.547	0.421	0.031
0.356	0.199	0.001	0.444
0.001	0.569	0.429	0.001
0.371	0.177	0.001	0.452
0.240	0.233	0.231	0.296
0.258	0.212	0.193	0.336
0.294	0.132	0.203	0.371
>AMATTATW	15-AMATTATW	-5.959632	-154.972764	0	T:5874.0(99.01%),B:163043.9(94.83%),P:1e-67	Tpos:162.9,Tstd:134.2,Bpos:6855.5,Bstd:26456.7,StrandBias:-0.0,Multiplicity:1.63
0.593	0.101	0.002	0.304
0.392	0.410	0.100	0.098
0.790	0.001	0.001	0.208
0.001	0.016	0.104	0.879
0.196	0.018	0.001	0.785
0.886	0.001	0.001	0.112
0.001	0.001	0.411	0.587
0.501	0.001	0.001	0.497
>TGTGGCAA	16-TGTGGCAA	2.399224	-96.867296	0	T:5932.0(99.98%),B:168963.3(98.27%),P:1e-42	Tpos:173.1,Tstd:137.8,Bpos:2840.7,Bstd:17249.2,StrandBias:-0.0,Multiplicity:3.76
0.100	0.100	0.100	0.700
0.100	0.100	0.700	0.100
0.100	0.100	0.100	0.700
0.100	0.100	0.700	0.100
0.100	0.100	0.700	0.100
0.100	0.700	0.100	0.100
0.700	0.100	0.100	0.100
0.700	0.100	0.100	0.100
>CAGGTGCT	17-CAGGTGCT	2.399224	-29.453144	0	T:5933.0(100.00%),B:171063.3(99.50%),P:1e-12	Tpos:178.1,Tstd:145.9,Bpos:1318.1,Bstd:9209.0,StrandBias:-0.0,Multiplicity:2.52
0.100	0.700	0.100	0.100
0.700	0.100	0.100	0.100
0.100	0.100	0.700	0.100
0.100	0.100	0.700	0.100
0.100	0.100	0.100	0.700
0.100	0.100	0.700	0.100
0.100	0.700	0.100	0.100
0.100	0.100	0.100	0.700
>CACAAGGC	18-CACAAGGC	2.399224	-27.475956	0	T:5933.0(100.00%),B:171121.4(99.53%),P:1e-11	Tpos:176.9,Tstd:141.1,Bpos:1303.5,Bstd:8571.2,StrandBias:-0.0,Multiplicity:3.91
0.100	0.700	0.100	0.100
0.700	0.100	0.100	0.100
0.100	0.700	0.100	0.100
0.700	0.100	0.100	0.100
0.700	0.100	0.100	0.100
0.100	0.100	0.700	0.100
0.100	0.100	0.700	0.100
0.100	0.700	0.100	0.100
>GCGCGCGT	19-GCGCGCGT	0.453314	-7.162766	0	T:5933.0(100.00%),B:171718.8(99.88%),P:1e-3	Tpos:182.1,Tstd:151.1,Bpos:806.8,Bstd:5377.2,StrandBias:-0.0,Multiplicity:3.33
0.100	0.100	0.700	0.100
0.100	0.700	0.100	0.100
0.100	0.100	0.700	0.100
0.100	0.700	0.100	0.100
0.100	0.100	0.700	0.100
0.100	0.700	0.100	0.100
0.100	0.100	0.700	0.100
0.100	0.100	0.100	0.700
>AAGTGGAT	20-AAGTGGAT	7.093864	-0.889730	0	T:451.0(7.60%),B:12923.2(7.52%),P:1e0	Tpos:197.0,Tstd:34.0,Bpos:10399.9,Bstd:19549.3,StrandBias:10.0,Multiplicity:1.00
0.920	0.001	0.001	0.078
0.920	0.001	0.001	0.078
0.001	0.235	0.763	0.001
0.001	0.001	0.157	0.841
0.001	0.001	0.997	0.001
0.078	0.001	0.920	0.001
0.764	0.001	0.078	0.157
0.235	0.001	0.001	0.763
>GGGNAGGG	21-GGGNAGGG	-3.504394	0.000000	0	T:5933.0(100.00%),B:171930.0(100.00%),P:1e0	Tpos:166.6,Tstd:136.8,Bpos:7325.1,Bstd:33470.8,StrandBias:0.0,Multiplicity:1.58
0.069	0.034	0.777	0.120
0.157	0.001	0.601	0.241
0.206	0.052	0.501	0.241
0.241	0.206	0.311	0.241
0.535	0.190	0.034	0.241
0.069	0.276	0.432	0.223
0.103	0.241	0.570	0.086
0.243	0.224	0.499	0.034
>NNNNNNNN	22-NNNNNNNN	-nan	0.000000	0	T:0.0(0.00%),B:0.0(0.00%),P:1e0	Tpos:0.0,Tstd:0.0,Bpos:0.0,Bstd:0.0,StrandBias:0.0,Multiplicity:1.00
-nan	-nan	-nan	-nan
-nan	-nan	-nan	-nan
-nan	-nan	-nan	-nan
-nan	-nan	-nan	-nan
-nan	-nan	-nan	-nan
-nan	-nan	-nan	-nan
-nan	-nan	-nan	-nan
-nan	-nan	-nan	-nan
>NNNNNNNN	23-NNNNNNNN	-nan	0.000000	0	T:0.0(0.00%),B:0.0(0.00%),P:1e0	Tpos:0.0,Tstd:0.0,Bpos:0.0,Bstd:0.0,StrandBias:0.0,Multiplicity:1.00
-nan	-nan	-nan	-nan
-nan	-nan	-nan	-nan
-nan	-nan	-nan	-nan
-nan	-nan	-nan	-nan
-nan	-nan	-nan	-nan
-nan	-nan	-nan	-nan
-nan	-nan	-nan	-nan
-nan	-nan	-nan	-nan
>NNNNNNNN	24-NNNNNNNN	-nan	0.000000	0	T:0.0(0.00%),B:0.0(0.00%),P:1e0	Tpos:0.0,Tstd:0.0,Bpos:0.0,Bstd:0.0,StrandBias:0.0,Multiplicity:1.00
-nan	-nan	-nan	-nan
-nan	-nan	-nan	-nan
-nan	-nan	-nan	-nan
-nan	-nan	-nan	-nan
-nan	-nan	-nan	-nan
-nan	-nan	-nan	-nan
-nan	-nan	-nan	-nan
-nan	-nan	-nan	-nan
>NNNNNNNN	25-NNNNNNNN	-nan	0.000000	0	T:0.0(0.00%),B:0.0(0.00%),P:1e0	Tpos:0.0,Tstd:0.0,Bpos:0.0,Bstd:0.0,StrandBias:0.0,Multiplicity:1.00
-nan	-nan	-nan	-nan
-nan	-nan	-nan	-nan
-nan	-nan	-nan	-nan
-nan	-nan	-nan	-nan
-nan	-nan	-nan	-nan
-nan	-nan	-nan	-nan
-nan	-nan	-nan	-nan
-nan	-nan	-nan	-nan
