>NNNSCACGTGBN	1-NNNSCACGTGBN	5.665471	-3324.931174	0	T:3687.0(62.14%),B:25252.6(14.69%),P:1e-1443	Tpos:162.1,Tstd:112.4,Bpos:3197.5,Bstd:9395.1,StrandBias:0.0,Multiplicity:1.31
0.219	0.271	0.275	0.235
0.255	0.228	0.296	0.221
0.290	0.253	0.284	0.173
0.226	0.430	0.299	0.045
0.071	0.875	0.028	0.026
0.856	0.045	0.002	0.097
0.030	0.664	0.042	0.264
0.141	0.032	0.804	0.023
0.087	0.013	0.038	0.862
0.030	0.029	0.862	0.079
0.036	0.354	0.344	0.266
0.189	0.273	0.238	0.299
>ACCGATTRCTCA	2-ACCGATTRCTCA	-9.682490	-557.583340	0	T:5733.0(96.63%),B:142111.6(82.66%),P:1e-242	Tpos:168.7,Tstd:138.3,Bpos:5069.1,Bstd:23188.1,StrandBias:-0.0,Multiplicity:1.70
0.997	0.001	0.001	0.001
0.001	0.777	0.221	0.001
0.001	0.997	0.001	0.001
0.001	0.001	0.666	0.332
0.997	0.001	0.001	0.001
0.110	0.001	0.001	0.888
0.001	0.001	0.001	0.997
0.555	0.001	0.443	0.001
0.001	0.997	0.001	0.001
0.111	0.222	0.001	0.666
0.001	0.666	0.332	0.001
0.555	0.222	0.222	0.001
>CCACCAGGKGGC	3-CCACCAGGKGGC	2.822345	-474.422013	0	T:4776.0(80.50%),B:106225.8(61.78%),P:1e-206	Tpos:166.0,Tstd:130.3,Bpos:2681.9,Bstd:15384.8,StrandBias:-0.0,Multiplicity:1.71
0.043	0.825	0.023	0.109
0.033	0.965	0.001	0.001
0.852	0.052	0.087	0.009
0.074	0.636	0.258	0.032
0.241	0.482	0.044	0.233
0.808	0.017	0.011	0.164
0.172	0.011	0.816	0.001
0.240	0.040	0.713	0.007
0.060	0.070	0.445	0.425
0.011	0.009	0.959	0.021
0.048	0.019	0.871	0.062
0.207	0.693	0.023	0.077
>CACACACACACA	4-CACACACACACA	2.625881	-458.717686	0	T:5761.0(97.10%),B:146679.1(85.31%),P:1e-199	Tpos:164.5,Tstd:134.9,Bpos:7588.1,Bstd:28460.4,StrandBias:-0.0,Multiplicity:2.98
0.100	0.700	0.100	0.100
0.700	0.100	0.100	0.100
0.100	0.700	0.100	0.100
0.700	0.100	0.100	0.100
0.100	0.700	0.100	0.100
0.700	0.100	0.100	0.100
0.100	0.700	0.100	0.100
0.700	0.100	0.100	0.100
0.100	0.700	0.100	0.100
0.700	0.100	0.100	0.100
0.100	0.700	0.100	0.100
0.700	0.100	0.100	0.100
>NNSNSNSCTSMN	5-NNSNSNSCTSMN	4.221307	-443.273308	0	T:5741.0(96.76%),B:146105.1(84.98%),P:1e-192	Tpos:169.9,Tstd:136.1,Bpos:3184.5,Bstd:19005.0,StrandBias:0.0,Multiplicity:1.77
0.181	0.318	0.263	0.238
0.259	0.238	0.223	0.280
0.001	0.518	0.480	0.001
0.246	0.250	0.260	0.244
0.232	0.353	0.413	0.001
0.304	0.187	0.324	0.185
0.056	0.498	0.446	0.001
0.012	0.703	0.001	0.284
0.001	0.001	0.001	0.997
0.001	0.451	0.364	0.184
0.370	0.446	0.001	0.183
0.188	0.246	0.312	0.255
>GAGGAAGTGAAA	6-GAGGAAGTGAAA	2.711019	-376.351674	0	T:3994.0(67.32%),B:85069.3(49.48%),P:1e-163	Tpos:158.0,Tstd:126.4,Bpos:7423.3,Bstd:26675.5,StrandBias:-0.1,Multiplicity:2.01
0.258	0.131	0.557	0.054
0.475	0.180	0.320	0.026
0.178	0.010	0.767	0.045
0.012	0.001	0.986	0.001
0.969	0.007	0.007	0.017
0.934	0.001	0.001	0.064
0.066	0.305	0.565	0.064
0.023	0.001	0.009	0.967
0.126	0.027	0.835	0.012
0.765	0.150	0.059	0.026
0.679	0.076	0.162	0.083
0.799	0.007	0.124	0.070
>YGYGCGYGYGYG	7-YGYGCGYGYGYG	3.162232	-332.794745	0	T:4022.0(67.79%),B:87805.6(51.07%),P:1e-144	Tpos:178.2,Tstd:143.0,Bpos:879.4,Bstd:3914.2,StrandBias:0.0,Multiplicity:2.68
0.046	0.375	0.197	0.382
0.001	0.147	0.851	0.001
0.016	0.470	0.062	0.452
0.001	0.060	0.938	0.001
0.029	0.551	0.022	0.398
0.001	0.082	0.882	0.035
0.011	0.492	0.001	0.496
0.061	0.001	0.937	0.001
0.001	0.549	0.046	0.404
0.116	0.002	0.881	0.001
0.050	0.446	0.048	0.455
0.013	0.107	0.838	0.042
>NCCCCCCCCCCC	8-NCCCCCCCCCCC	3.576478	-330.876297	0	T:5041.0(84.97%),B:121312.7(70.56%),P:1e-143	Tpos:175.8,Tstd:137.6,Bpos:795.7,Bstd:3346.8,StrandBias:-0.0,Multiplicity:2.14
0.238	0.270	0.272	0.220
0.237	0.405	0.210	0.148
0.108	0.589	0.126	0.177
0.087	0.629	0.103	0.181
0.117	0.565	0.119	0.199
0.081	0.593	0.154	0.172
0.083	0.569	0.173	0.175
0.133	0.628	0.084	0.155
0.100	0.566	0.141	0.193
0.090	0.618	0.156	0.136
0.135	0.536	0.163	0.166
0.216	0.380	0.175	0.228
>CGCGCGCGCGCG	9-CGCGCGCGCGCG	0.000000	-327.182036	0	T:5723.0(96.46%),B:149077.4(86.71%),P:1e-142
0.100	0.700	0.100	0.100
0.100	0.100	0.700	0.100
0.100	0.700	0.100	0.100
0.100	0.100	0.700	0.100
0.100	0.700	0.100	0.100
0.100	0.100	0.700	0.100
0.100	0.700	0.100	0.100
0.100	0.100	0.700	0.100
0.100	0.700	0.100	0.100
0.100	0.100	0.700	0.100
0.100	0.700	0.100	0.100
0.100	0.100	0.700	0.100
>NACGCACGCACB	10-NACGCACGCACB	3.713530	-325.134246	0	T:5025.0(84.70%),B:120987.8(70.37%),P:1e-141	Tpos:180.9,Tstd:142.7,Bpos:923.1,Bstd:6668.1,StrandBias:-0.0,Multiplicity:2.30
0.217	0.321	0.287	0.175
0.595	0.159	0.123	0.123
0.150	0.544	0.198	0.108
0.022	0.147	0.726	0.105
0.098	0.682	0.136	0.084
0.568	0.174	0.129	0.129
0.125	0.552	0.206	0.117
0.010	0.133	0.766	0.091
0.086	0.693	0.146	0.075
0.560	0.155	0.132	0.153
0.115	0.622	0.162	0.101
0.083	0.284	0.371	0.262
>AAAAAAAAAAAA	11-AAAAAAAAAAAA	1.524920	-259.321364	0	T:4651.0(78.39%),B:111227.2(64.69%),P:1e-112	Tpos:154.3,Tstd:128.2,Bpos:10155.9,Bstd:27158.6,StrandBias:0.1,Multiplicity:2.34
0.600	0.083	0.193	0.124
0.660	0.075	0.138	0.127
0.665	0.083	0.130	0.122
0.686	0.070	0.126	0.118
0.662	0.074	0.138	0.126
0.671	0.071	0.136	0.122
0.662	0.083	0.138	0.117
0.618	0.064	0.211	0.107
0.617	0.082	0.199	0.102
0.652	0.098	0.134	0.116
0.666	0.088	0.126	0.120
0.498	0.077	0.226	0.199
>SSSGCGSCSVSS	12-SSSGCGSCSVSS	2.127341	-220.033933	0	T:5515.0(92.95%),B:144119.6(83.82%),P:1e-95	Tpos:183.9,Tstd:148.6,Bpos:698.4,Bstd:3011.0,StrandBias:-0.0,Multiplicity:2.07
0.050	0.479	0.436	0.035
0.048	0.418	0.335	0.198
0.031	0.475	0.450	0.044
0.045	0.352	0.520	0.083
0.164	0.522	0.259	0.055
0.057	0.340	0.569	0.034
0.069	0.380	0.487	0.064
0.359	0.555	0.039	0.047
0.106	0.384	0.509	0.001
0.281	0.332	0.316	0.072
0.068	0.412	0.495	0.025
0.112	0.409	0.437	0.042
>CCAGGNYYTSNN	13-CCAGGNYYTSNN	1.551872	-71.951148	0	T:5933.0(100.00%),B:169821.8(98.77%),P:1e-31	Tpos:160.0,Tstd:132.5,Bpos:6103.6,Bstd:22470.9,StrandBias:-0.0,Multiplicity:1.90
0.149	0.562	0.148	0.141
0.059	0.872	0.016	0.053
0.890	0.026	0.016	0.068
0.270	0.029	0.457	0.244
0.197	0.230	0.536	0.037
0.202	0.248	0.263	0.287
0.029	0.453	0.212	0.306
0.192	0.419	0.040	0.349
0.304	0.065	0.051	0.580
0.045	0.354	0.391	0.210
0.306	0.215	0.208	0.271
0.282	0.212	0.250	0.256
>ACATACACACAC	14-ACATACACACAC	0.000000	-67.145460	0	T:5933.0(100.00%),B:169961.9(98.86%),P:1e-29
0.700	0.100	0.100	0.100
0.100	0.700	0.100	0.100
0.700	0.100	0.100	0.100
0.100	0.100	0.100	0.700
0.700	0.100	0.100	0.100
0.100	0.700	0.100	0.100
0.700	0.100	0.100	0.100
0.100	0.700	0.100	0.100
0.700	0.100	0.100	0.100
0.100	0.700	0.100	0.100
0.700	0.100	0.100	0.100
0.100	0.700	0.100	0.100
>CCCACCCCCACC	15-CCCACCCCCACC	0.000000	-48.919268	0	T:5933.0(100.00%),B:170493.8(99.16%),P:1e-21
0.100	0.700	0.100	0.100
0.100	0.700	0.100	0.100
0.100	0.700	0.100	0.100
0.700	0.100	0.100	0.100
0.100	0.700	0.100	0.100
0.100	0.700	0.100	0.100
0.100	0.700	0.100	0.100
0.100	0.700	0.100	0.100
0.100	0.700	0.100	0.100
0.700	0.100	0.100	0.100
0.100	0.700	0.100	0.100
0.100	0.700	0.100	0.100
>GTGCGCATGCGC	16-GTGCGCATGCGC	0.000000	-44.781641	0	T:5933.0(100.00%),B:170614.9(99.24%),P:1e-19
0.100	0.100	0.700	0.100
0.100	0.100	0.100	0.700
0.100	0.100	0.700	0.100
0.100	0.700	0.100	0.100
0.100	0.100	0.700	0.100
0.100	0.700	0.100	0.100
0.700	0.100	0.100	0.100
0.100	0.100	0.100	0.700
0.100	0.100	0.700	0.100
0.100	0.700	0.100	0.100
0.100	0.100	0.700	0.100
0.100	0.700	0.100	0.100
>TGCGCCTGCGCG	17-TGCGCCTGCGCG	0.000000	-41.398456	0	T:5933.0(100.00%),B:170714.0(99.29%),P:1e-17
0.100	0.100	0.100	0.700
0.100	0.100	0.700	0.100
0.100	0.700	0.100	0.100
0.100	0.100	0.700	0.100
0.100	0.700	0.100	0.100
0.100	0.700	0.100	0.100
0.100	0.100	0.100	0.700
0.100	0.100	0.700	0.100
0.100	0.700	0.100	0.100
0.100	0.100	0.700	0.100
0.100	0.700	0.100	0.100
0.100	0.100	0.700	0.100
>AGGGAACTGAAA	18-AGGGAACTGAAA	0.000000	-34.637868	0	T:5933.0(100.00%),B:170911.6(99.41%),P:1e-15
0.700	0.100	0.100	0.100
0.100	0.100	0.700	0.100
0.100	0.100	0.700	0.100
0.100	0.100	0.700	0.100
0.700	0.100	0.100	0.100
0.700	0.100	0.100	0.100
0.100	0.700	0.100	0.100
0.100	0.100	0.100	0.700
0.100	0.100	0.700	0.100
0.700	0.100	0.100	0.100
0.700	0.100	0.100	0.100
0.700	0.100	0.100	0.100
>GTGTGTGTGAGA	19-GTGTGTGTGAGA	0.000000	-33.307145	0	T:5933.0(100.00%),B:170950.1(99.43%),P:1e-14
0.100	0.100	0.700	0.100
0.100	0.100	0.100	0.700
0.100	0.100	0.700	0.100
0.100	0.100	0.100	0.700
0.100	0.100	0.700	0.100
0.100	0.100	0.100	0.700
0.100	0.100	0.700	0.100
0.100	0.100	0.100	0.700
0.100	0.100	0.700	0.100
0.700	0.100	0.100	0.100
0.100	0.100	0.700	0.100
0.700	0.100	0.100	0.100
>TTTCACTTCCTG	20-TTTCACTTCCTG	0.000000	-20.969526	0	T:5933.0(100.00%),B:171312.8(99.64%),P:1e-9
0.100	0.100	0.100	0.700
0.100	0.100	0.100	0.700
0.100	0.100	0.100	0.700
0.100	0.700	0.100	0.100
0.700	0.100	0.100	0.100
0.100	0.700	0.100	0.100
0.100	0.100	0.100	0.700
0.100	0.100	0.100	0.700
0.100	0.700	0.100	0.100
0.100	0.700	0.100	0.100
0.100	0.100	0.100	0.700
0.100	0.100	0.700	0.100
>CACACACAGACA	21-CACACACAGACA	0.000000	-15.660663	0	T:5933.0(100.00%),B:171468.1(99.73%),P:1e-6
0.100	0.700	0.100	0.100
0.700	0.100	0.100	0.100
0.100	0.700	0.100	0.100
0.700	0.100	0.100	0.100
0.100	0.700	0.100	0.100
0.700	0.100	0.100	0.100
0.100	0.700	0.100	0.100
0.700	0.100	0.100	0.100
0.100	0.100	0.700	0.100
0.700	0.100	0.100	0.100
0.100	0.700	0.100	0.100
0.700	0.100	0.100	0.100
>GGGAACTGAAAC	22-GGGAACTGAAAC	0.000000	-11.240237	0	T:5933.0(100.00%),B:171598.6(99.81%),P:1e-4
0.100	0.100	0.700	0.100
0.100	0.100	0.700	0.100
0.100	0.100	0.700	0.100
0.700	0.100	0.100	0.100
0.700	0.100	0.100	0.100
0.100	0.700	0.100	0.100
0.100	0.100	0.100	0.700
0.100	0.100	0.700	0.100
0.700	0.100	0.100	0.100
0.700	0.100	0.100	0.100
0.700	0.100	0.100	0.100
0.100	0.700	0.100	0.100
>CACATGCACACA	23-CACATGCACACA	0.000000	-11.070287	0	T:5933.0(100.00%),B:171603.4(99.81%),P:1e-4
0.100	0.700	0.100	0.100
0.700	0.100	0.100	0.100
0.100	0.700	0.100	0.100
0.700	0.100	0.100	0.100
0.100	0.100	0.100	0.700
0.100	0.100	0.700	0.100
0.100	0.700	0.100	0.100
0.700	0.100	0.100	0.100
0.100	0.700	0.100	0.100
0.700	0.100	0.100	0.100
0.100	0.700	0.100	0.100
0.700	0.100	0.100	0.100
>BYHBCMWNBMWS	24-BYHBCMWNBMWS	-2.909689	-0.067853	0	T:5933.0(100.00%),B:171927.5(100.00%),P:1e0	Tpos:167.2,Tstd:135.1,Bpos:7150.0,Bstd:30233.5,StrandBias:-0.0,Multiplicity:1.68
0.145	0.330	0.304	0.221
0.027	0.423	0.001	0.549
0.201	0.331	0.164	0.304
0.089	0.242	0.306	0.364
0.001	0.997	0.001	0.001
0.360	0.427	0.001	0.212
0.446	0.241	0.001	0.312
0.236	0.186	0.260	0.318
0.001	0.365	0.366	0.268
0.332	0.320	0.170	0.178
0.431	0.001	0.252	0.317
0.099	0.380	0.520	0.001
>BTGGRAACTTCT	25-BTGGRAACTTCT	-18.616781	0.000000	0	T:5933.0(100.00%),B:171930.0(100.00%),P:1e0	Tpos:166.6,Tstd:133.4,Bpos:7551.0,Bstd:31319.9,StrandBias:-0.0,Multiplicity:1.43
0.054	0.375	0.294	0.277
0.275	0.081	0.186	0.459
0.277	0.001	0.709	0.013
0.229	0.001	0.628	0.142
0.531	0.001	0.455	0.013
0.542	0.234	0.189	0.035
0.553	0.075	0.135	0.237
0.121	0.505	0.239	0.135
0.055	0.223	0.245	0.478
0.001	0.318	0.188	0.492
0.159	0.606	0.036	0.199
0.170	0.288	0.064	0.477
