>NVSCACGTGS	1-NVSCACGTGS	4.534203	-2142.504471	0	T:4721.0(65.06%),B:47816.9(27.31%),P:1e-930	Tpos:99.2,Tstd:40.7,Bpos:2922.6,Bstd:10060.1,StrandBias:0.0,Multiplicity:1.32
0.294	0.197	0.312	0.197
0.304	0.207	0.338	0.151
0.188	0.473	0.334	0.006
0.001	0.997	0.001	0.001
0.914	0.001	0.066	0.019
0.001	0.715	0.001	0.283
0.221	0.001	0.777	0.001
0.001	0.027	0.001	0.971
0.001	0.001	0.997	0.001
0.022	0.294	0.440	0.244
>RDVMGGAASY	2-RDVMGGAASY	5.282418	-421.620019	0	T:2098.0(28.91%),B:26626.1(15.21%),P:1e-183	Tpos:98.0,Tstd:52.6,Bpos:8758.2,Bstd:35928.7,StrandBias:0.1,Multiplicity:1.22
0.373	0.166	0.245	0.217
0.368	0.178	0.229	0.226
0.272	0.333	0.307	0.089
0.223	0.371	0.203	0.203
0.223	0.093	0.617	0.067
0.329	0.087	0.551	0.033
0.769	0.123	0.022	0.086
0.964	0.006	0.016	0.014
0.233	0.306	0.391	0.070
0.141	0.319	0.100	0.440
>GGAASTGVMA	3-GGAASTGVMA	4.737033	-331.538636	0	T:4988.0(68.74%),B:94007.3(53.70%),P:1e-143	Tpos:98.4,Tstd:55.9,Bpos:7157.0,Bstd:26104.1,StrandBias:0.0,Multiplicity:1.52
0.146	0.001	0.852	0.001
0.168	0.077	0.754	0.001
0.997	0.001	0.001	0.001
0.975	0.006	0.001	0.018
0.261	0.295	0.438	0.006
0.076	0.285	0.001	0.638
0.283	0.143	0.444	0.130
0.343	0.227	0.242	0.188
0.340	0.309	0.179	0.172
0.444	0.125	0.279	0.153
>AMRCRCACRC	4-AMRCRCACRC	4.185392	-227.958880	0	T:4748.0(65.44%),B:92624.3(52.91%),P:1e-99	Tpos:99.5,Tstd:52.0,Bpos:2635.9,Bstd:13089.4,StrandBias:-0.1,Multiplicity:1.51
0.395	0.163	0.217	0.224
0.225	0.368	0.202	0.205
0.446	0.119	0.324	0.112
0.185	0.583	0.065	0.167
0.483	0.088	0.338	0.091
0.008	0.940	0.003	0.049
0.589	0.047	0.336	0.028
0.068	0.848	0.068	0.016
0.332	0.115	0.402	0.151
0.169	0.424	0.171	0.236
>CTACAACTCC	5-CTACAACTCC	2.512553	-225.167673	0	T:7241.0(99.79%),B:168259.7(96.11%),P:1e-97	Tpos:97.5,Tstd:56.4,Bpos:2123.0,Bstd:11693.4,StrandBias:0.0,Multiplicity:2.83
0.100	0.700	0.100	0.100
0.100	0.100	0.100	0.700
0.700	0.100	0.100	0.100
0.100	0.700	0.100	0.100
0.700	0.100	0.100	0.100
0.700	0.100	0.100	0.100
0.100	0.700	0.100	0.100
0.100	0.100	0.100	0.700
0.100	0.700	0.100	0.100
0.100	0.700	0.100	0.100
>TTCTGTTCTG	6-TTCTGTTCTG	2.512553	-203.209507	0	T:7066.0(97.38%),B:160516.9(91.69%),P:1e-88	Tpos:97.4,Tstd:56.6,Bpos:3654.4,Bstd:17106.0,StrandBias:-0.0,Multiplicity:2.38
0.100	0.100	0.100	0.700
0.100	0.100	0.100	0.700
0.100	0.700	0.100	0.100
0.100	0.100	0.100	0.700
0.100	0.100	0.700	0.100
0.100	0.100	0.100	0.700
0.100	0.100	0.100	0.700
0.100	0.700	0.100	0.100
0.100	0.100	0.100	0.700
0.100	0.100	0.700	0.100
>TTYCYBYKTN	7-TTYCYBYKTN	4.657694	-168.306295	0	T:5259.0(72.48%),B:108853.9(62.18%),P:1e-73	Tpos:96.2,Tstd:58.4,Bpos:7969.1,Bstd:26135.9,StrandBias:0.1,Multiplicity:1.52
0.001	0.001	0.001	0.997
0.001	0.001	0.001	0.997
0.001	0.504	0.001	0.494
0.001	0.997	0.001	0.001
0.046	0.460	0.016	0.478
0.149	0.263	0.230	0.357
0.189	0.233	0.196	0.382
0.175	0.202	0.253	0.369
0.240	0.162	0.177	0.422
0.273	0.201	0.206	0.320
>GTGGAGGGGA	8-GTGGAGGGGA	2.512553	-118.585648	0	T:7238.0(99.75%),B:170807.4(97.57%),P:1e-51	Tpos:98.7,Tstd:56.0,Bpos:965.3,Bstd:5958.0,StrandBias:0.0,Multiplicity:2.93
0.100	0.100	0.700	0.100
0.100	0.100	0.100	0.700
0.100	0.100	0.700	0.100
0.100	0.100	0.700	0.100
0.700	0.100	0.100	0.100
0.100	0.100	0.700	0.100
0.100	0.100	0.700	0.100
0.100	0.100	0.700	0.100
0.100	0.100	0.700	0.100
0.700	0.100	0.100	0.100
>GGCGGGGCTT	9-GGCGGGGCTT	2.512553	-112.798344	0	T:7163.0(98.72%),B:167428.6(95.64%),P:1e-48	Tpos:98.2,Tstd:56.8,Bpos:1169.8,Bstd:7383.5,StrandBias:-0.0,Multiplicity:1.89
0.100	0.100	0.700	0.100
0.100	0.100	0.700	0.100
0.100	0.700	0.100	0.100
0.100	0.100	0.700	0.100
0.100	0.100	0.700	0.100
0.100	0.100	0.700	0.100
0.100	0.100	0.700	0.100
0.100	0.700	0.100	0.100
0.100	0.100	0.100	0.700
0.100	0.100	0.100	0.700
>HYHYYDTTTY	10-HYHYYDTTTY	3.279054	-94.097395	0	T:5154.0(71.03%),B:110985.0(63.40%),P:1e-40	Tpos:95.4,Tstd:58.8,Bpos:9866.8,Bstd:23609.2,StrandBias:-0.0,Multiplicity:2.06
0.246	0.247	0.173	0.334
0.189	0.321	0.148	0.342
0.201	0.292	0.174	0.333
0.211	0.228	0.193	0.368
0.164	0.258	0.196	0.381
0.261	0.189	0.209	0.341
0.175	0.163	0.159	0.503
0.001	0.119	0.018	0.862
0.001	0.032	0.001	0.966
0.005	0.422	0.034	0.539
>GGCGCCTGCG	11-GGCGCCTGCG	0.566642	-29.441447	0	T:7253.0(99.96%),B:174120.0(99.46%),P:1e-12	Tpos:98.1,Tstd:58.0,Bpos:2303.2,Bstd:12956.7,StrandBias:-0.0,Multiplicity:1.71
0.100	0.100	0.700	0.100
0.100	0.100	0.700	0.100
0.100	0.700	0.100	0.100
0.100	0.100	0.700	0.100
0.100	0.700	0.100	0.100
0.100	0.700	0.100	0.100
0.100	0.100	0.100	0.700
0.100	0.100	0.700	0.100
0.100	0.700	0.100	0.100
0.100	0.100	0.700	0.100
>CAACDAGACW	12-CAACDAGACW	-4.244981	-26.468761	0	T:5200.0(71.66%),B:118796.8(67.86%),P:1e-11	Tpos:96.8,Tstd:56.8,Bpos:8602.0,Bstd:27736.6,StrandBias:0.0,Multiplicity:1.65
0.282	0.448	0.001	0.269
0.614	0.001	0.001	0.384
0.997	0.001	0.001	0.001
0.228	0.483	0.001	0.288
0.257	0.091	0.332	0.320
0.726	0.001	0.001	0.272
0.001	0.258	0.740	0.001
0.592	0.001	0.001	0.406
0.001	0.997	0.001	0.001
0.508	0.001	0.001	0.490
>WHATDYWAAW	13-WHATDYWAAW	2.950895	-17.194857	0	T:3433.0(47.31%),B:77185.2(44.09%),P:1e-7	Tpos:96.4,Tstd:59.5,Bpos:12169.2,Bstd:25611.8,StrandBias:0.0,Multiplicity:1.68
0.423	0.074	0.077	0.426
0.313	0.297	0.058	0.333
0.656	0.112	0.107	0.125
0.098	0.110	0.114	0.678
0.315	0.058	0.321	0.305
0.076	0.414	0.065	0.445
0.451	0.068	0.063	0.417
0.683	0.113	0.098	0.106
0.678	0.097	0.105	0.120
0.425	0.071	0.083	0.421
>CAAGATGGCG	14-CAAGATGGCG	10.296193	-10.393686	0	T:70.0(0.96%),B:985.5(0.56%),P:1e-4	Tpos:71.2,Tstd:48.9,Bpos:355.3,Bstd:219.0,StrandBias:1.6,Multiplicity:1.00
0.100	0.700	0.100	0.100
0.700	0.100	0.100	0.100
0.700	0.100	0.100	0.100
0.100	0.100	0.700	0.100
0.700	0.100	0.100	0.100
0.100	0.100	0.100	0.700
0.100	0.100	0.700	0.100
0.100	0.100	0.700	0.100
0.100	0.700	0.100	0.100
0.100	0.100	0.700	0.100
>TWTGCAAATT	15-TWTGCAAATT	7.334101	-2.403976	0	T:23.0(0.32%),B:404.3(0.23%),P:1e-1	Tpos:96.7,Tstd:48.8,Bpos:10342.7,Bstd:15345.2,StrandBias:-0.5,Multiplicity:1.00
0.168	0.118	0.056	0.658
0.375	0.156	0.162	0.307
0.208	0.001	0.062	0.729
0.159	0.077	0.541	0.223
0.242	0.473	0.068	0.218
0.731	0.088	0.001	0.180
0.465	0.111	0.193	0.230
0.552	0.165	0.130	0.153
0.275	0.103	0.141	0.481
0.162	0.077	0.146	0.615
>CTCCCACGCC	16-CTCCCACGCC	6.404373	-0.934300	0	T:3407.0(46.95%),B:81905.8(46.78%),P:1e0	Tpos:52.8,Tstd:41.0,Bpos:3671.3,Bstd:8804.2,StrandBias:-0.6,Multiplicity:1.00
0.100	0.700	0.100	0.100
0.100	0.100	0.100	0.700
0.100	0.700	0.100	0.100
0.100	0.700	0.100	0.100
0.100	0.700	0.100	0.100
0.700	0.100	0.100	0.100
0.100	0.700	0.100	0.100
0.100	0.100	0.700	0.100
0.100	0.700	0.100	0.100
0.100	0.700	0.100	0.100
>NACACACACN	17-NACACACACN	5.629467	-0.450590	0	T:227.0(3.13%),B:5597.2(3.20%),P:1e0	Tpos:195.0,Tstd:0.0,Bpos:10126.7,Bstd:12067.1,StrandBias:-10.0,Multiplicity:1.00
0.279	0.286	0.228	0.207
0.561	0.144	0.143	0.152
0.198	0.527	0.157	0.118
0.551	0.157	0.136	0.156
0.163	0.563	0.160	0.114
0.600	0.128	0.146	0.126
0.178	0.550	0.159	0.113
0.564	0.148	0.149	0.139
0.191	0.506	0.155	0.148
0.292	0.243	0.230	0.235
>GTGGGAGGGG	18-GTGGGAGGGG	11.517140	-0.193256	0	T:49.0(0.68%),B:1340.4(0.77%),P:1e0	Tpos:104.9,Tstd:43.9,Bpos:1645.1,Bstd:6773.4,StrandBias:-1.3,Multiplicity:1.00
0.096	0.206	0.650	0.048
0.111	0.001	0.145	0.743
0.001	0.001	0.967	0.031
0.001	0.001	0.997	0.001
0.095	0.110	0.794	0.001
0.651	0.001	0.347	0.001
0.158	0.001	0.762	0.079
0.141	0.001	0.857	0.001
0.095	0.175	0.698	0.032
0.047	0.079	0.873	0.001
>WTGGGAKAGG	19-WTGGGAKAGG	9.929128	-0.000518	0	T:28.0(0.39%),B:1182.8(0.68%),P:1e0	Tpos:104.5,Tstd:56.4,Bpos:2891.4,Bstd:7369.5,StrandBias:0.7,Multiplicity:1.00
0.437	0.001	0.086	0.476
0.160	0.001	0.166	0.673
0.001	0.001	0.681	0.317
0.001	0.001	0.997	0.001
0.199	0.001	0.799	0.001
0.997	0.001	0.001	0.001
0.238	0.001	0.365	0.396
0.673	0.001	0.325	0.001
0.039	0.003	0.957	0.001
0.081	0.001	0.917	0.001
>CACACATACA	20-CACACATACA	6.404373	-0.000392	0	T:884.0(12.18%),B:23692.4(13.53%),P:1e0	Tpos:113.3,Tstd:54.5,Bpos:6121.9,Bstd:10947.0,StrandBias:0.0,Multiplicity:1.00
0.100	0.700	0.100	0.100
0.700	0.100	0.100	0.100
0.100	0.700	0.100	0.100
0.700	0.100	0.100	0.100
0.100	0.700	0.100	0.100
0.700	0.100	0.100	0.100
0.100	0.100	0.100	0.700
0.700	0.100	0.100	0.100
0.100	0.700	0.100	0.100
0.700	0.100	0.100	0.100
>TTCACWSATT	21-TTCACWSATT	8.316839	-0.000318	0	T:5.0(0.07%),B:398.2(0.23%),P:1e0	Tpos:11.0,Tstd:0.0,Bpos:6644.9,Bstd:10625.3,StrandBias:-10.0,Multiplicity:1.00
0.292	0.207	0.001	0.499
0.114	0.001	0.001	0.884
0.001	0.632	0.366	0.001
0.646	0.001	0.001	0.352
0.001	0.603	0.395	0.001
0.496	0.001	0.001	0.502
0.001	0.438	0.560	0.001
0.644	0.001	0.001	0.354
0.210	0.136	0.244	0.410
0.323	0.001	0.057	0.619
>NHVWSWSHNW	22-NHVWSWSHNW	4.707445	-0.000000	0	T:7.0(0.10%),B:861.0(0.49%),P:1e0	Tpos:73.0,Tstd:0.0,Bpos:10533.9,Bstd:14757.3,StrandBias:10.0,Multiplicity:1.00
0.273	0.248	0.204	0.275
0.359	0.269	0.001	0.371
0.354	0.332	0.313	0.001
0.356	0.217	0.001	0.426
0.001	0.535	0.463	0.001
0.498	0.012	0.001	0.489
0.001	0.507	0.491	0.001
0.372	0.277	0.001	0.351
0.252	0.263	0.206	0.279
0.483	0.001	0.001	0.515
>CCAGGGGGCG	23-CCAGGGGGCG	8.350283	-0.000000	0	T:728.0(10.03%),B:21831.0(12.47%),P:1e0	Tpos:89.0,Tstd:0.0,Bpos:1127.7,Bstd:5122.0,StrandBias:10.0,Multiplicity:1.00
0.100	0.700	0.100	0.100
0.100	0.700	0.100	0.100
0.700	0.100	0.100	0.100
0.100	0.100	0.700	0.100
0.100	0.100	0.700	0.100
0.100	0.100	0.700	0.100
0.100	0.100	0.700	0.100
0.100	0.100	0.700	0.100
0.100	0.700	0.100	0.100
0.100	0.100	0.700	0.100
>CCGCGCGGCC	24-CCGCGCGGCC	8.350283	-0.000000	0	T:1361.0(18.76%),B:39334.5(22.47%),P:1e0	Tpos:113.0,Tstd:60.4,Bpos:233.1,Bstd:399.8,StrandBias:1.0,Multiplicity:1.00
0.100	0.700	0.100	0.100
0.100	0.700	0.100	0.100
0.100	0.100	0.700	0.100
0.100	0.700	0.100	0.100
0.100	0.100	0.700	0.100
0.100	0.700	0.100	0.100
0.100	0.100	0.700	0.100
0.100	0.100	0.700	0.100
0.100	0.700	0.100	0.100
0.100	0.700	0.100	0.100
>CGCACGCTCC	25-CGCACGCTCC	-9.162908	0.000000	0	T:7256.0(100.00%),B:175068.8(100.00%),P:1e0	Tpos:96.4,Tstd:60.2,Bpos:8789.4,Bstd:27826.8,StrandBias:0.0,Multiplicity:1.34
0.100	0.700	0.100	0.100
0.100	0.100	0.700	0.100
0.100	0.700	0.100	0.100
0.700	0.100	0.100	0.100
0.100	0.700	0.100	0.100
0.100	0.100	0.700	0.100
0.100	0.700	0.100	0.100
0.100	0.100	0.100	0.700
0.100	0.700	0.100	0.100
0.100	0.700	0.100	0.100
