>GCCACGTG	1-GCCACGTG	6.123401	-1647.123632	0	T:2985.0(41.14%),B:23059.2(13.17%),P:1e-715	Tpos:99.5,Tstd:39.2,Bpos:4126.3,Bstd:11087.4,StrandBias:-0.0,Multiplicity:1.19
0.167	0.222	0.399	0.213
0.274	0.460	0.265	0.001
0.001	0.997	0.001	0.001
0.997	0.001	0.001	0.001
0.001	0.844	0.001	0.154
0.220	0.001	0.778	0.001
0.001	0.001	0.001	0.997
0.001	0.001	0.997	0.001
>ACGCGTGB	2-ACGCGTGB	5.031635	-1465.948696	0	T:4568.0(62.95%),B:54857.1(31.33%),P:1e-636	Tpos:99.4,Tstd:45.3,Bpos:1460.2,Bstd:5579.7,StrandBias:0.1,Multiplicity:1.31
0.483	0.303	0.097	0.117
0.152	0.620	0.145	0.083
0.229	0.001	0.495	0.275
0.003	0.840	0.001	0.156
0.312	0.001	0.578	0.109
0.045	0.054	0.034	0.867
0.017	0.096	0.829	0.058
0.192	0.343	0.241	0.225
>CACTTCCK	3-CACTTCCK	5.112384	-379.683145	0	T:4036.0(55.62%),B:68859.6(39.33%),P:1e-164	Tpos:98.7,Tstd:54.1,Bpos:4858.6,Bstd:21206.0,StrandBias:-0.0,Multiplicity:1.50
0.099	0.467	0.184	0.250
0.722	0.013	0.209	0.056
0.004	0.631	0.200	0.165
0.047	0.001	0.009	0.943
0.002	0.001	0.001	0.996
0.021	0.891	0.041	0.047
0.001	0.966	0.001	0.032
0.035	0.087	0.384	0.494
>TTGTGGTT	4-TTGTGGTT	-9.647934	-171.347372	0	T:6847.0(94.36%),B:153870.5(87.89%),P:1e-74	Tpos:98.0,Tstd:56.3,Bpos:3492.1,Bstd:14832.8,StrandBias:0.0,Multiplicity:1.92
0.218	0.001	0.001	0.780
0.001	0.001	0.001	0.997
0.001	0.001	0.997	0.001
0.001	0.001	0.001	0.997
0.001	0.001	0.997	0.001
0.001	0.001	0.997	0.001
0.001	0.001	0.001	0.997
0.001	0.001	0.001	0.997
>AGGCATGT	5-AGGCATGT	2.399224	-134.453059	0	T:7252.0(99.94%),B:171381.0(97.89%),P:1e-58	Tpos:98.0,Tstd:55.9,Bpos:2088.5,Bstd:10571.8,StrandBias:-0.0,Multiplicity:3.02
0.700	0.100	0.100	0.100
0.100	0.100	0.700	0.100
0.100	0.100	0.700	0.100
0.100	0.700	0.100	0.100
0.700	0.100	0.100	0.100
0.100	0.100	0.100	0.700
0.100	0.100	0.700	0.100
0.100	0.100	0.100	0.700
>TATGCAAA	6-TATGCAAA	2.399224	-113.132345	0	T:6570.0(90.55%),B:147985.3(84.53%),P:1e-49	Tpos:97.2,Tstd:56.5,Bpos:6879.1,Bstd:25257.5,StrandBias:-0.0,Multiplicity:2.01
0.100	0.100	0.100	0.700
0.700	0.100	0.100	0.100
0.100	0.100	0.100	0.700
0.100	0.100	0.700	0.100
0.100	0.700	0.100	0.100
0.700	0.100	0.100	0.100
0.700	0.100	0.100	0.100
0.700	0.100	0.100	0.100
>GCGTGGCC	7-GCGTGGCC	2.399224	-111.261760	0	T:7204.0(99.28%),B:169256.6(96.68%),P:1e-48	Tpos:99.6,Tstd:56.2,Bpos:799.3,Bstd:5404.0,StrandBias:0.0,Multiplicity:2.08
0.100	0.100	0.700	0.100
0.100	0.700	0.100	0.100
0.100	0.100	0.700	0.100
0.100	0.100	0.100	0.700
0.100	0.100	0.700	0.100
0.100	0.100	0.700	0.100
0.100	0.700	0.100	0.100
0.100	0.700	0.100	0.100
>YYTTTYTY	8-YYTTTYTY	3.402411	-85.335223	0	T:5557.0(76.58%),B:122039.4(69.71%),P:1e-37	Tpos:96.1,Tstd:58.9,Bpos:7974.7,Bstd:23254.8,StrandBias:0.0,Multiplicity:1.54
0.095	0.374	0.053	0.478
0.070	0.408	0.064	0.459
0.146	0.158	0.001	0.695
0.074	0.306	0.001	0.619
0.087	0.191	0.001	0.721
0.054	0.394	0.014	0.538
0.114	0.308	0.036	0.542
0.116	0.351	0.054	0.479
>CTTCCTTA	9-CTTCCTTA	-2.796750	-76.197423	0	T:5072.0(69.90%),B:110333.3(63.02%),P:1e-33	Tpos:96.3,Tstd:57.1,Bpos:6578.3,Bstd:23978.8,StrandBias:0.0,Multiplicity:1.61
0.001	0.997	0.001	0.001
0.001	0.001	0.001	0.997
0.001	0.001	0.001	0.997
0.001	0.997	0.001	0.001
0.001	0.997	0.001	0.001
0.001	0.001	0.001	0.997
0.001	0.045	0.009	0.945
0.970	0.001	0.001	0.028
>NNAAAAAA	10-NNAAAAAA	2.399003	-71.148885	0	T:5810.0(80.07%),B:129779.3(74.13%),P:1e-30	Tpos:96.0,Tstd:58.8,Bpos:10789.6,Bstd:26722.9,StrandBias:-0.0,Multiplicity:2.01
0.334	0.199	0.185	0.282
0.320	0.179	0.194	0.307
0.439	0.127	0.205	0.229
0.484	0.082	0.216	0.218
0.599	0.016	0.288	0.097
0.580	0.035	0.284	0.101
0.623	0.001	0.279	0.097
0.627	0.001	0.276	0.096
>GAAGTGAA	11-GAAGTGAA	10.199799	-53.738736	0	T:183.0(2.52%),B:1849.2(1.06%),P:1e-23	Tpos:90.7,Tstd:53.9,Bpos:5769.1,Bstd:11916.7,StrandBias:-0.1,Multiplicity:1.00
0.020	0.003	0.976	0.001
0.997	0.001	0.001	0.001
0.997	0.001	0.001	0.001
0.154	0.034	0.809	0.003
0.050	0.001	0.114	0.835
0.063	0.044	0.855	0.038
0.872	0.021	0.075	0.032
0.840	0.024	0.089	0.047
>CTTCCGGG	12-CTTCCGGG	2.399224	-53.082370	0	T:7246.0(99.86%),B:173059.3(98.85%),P:1e-23	Tpos:99.1,Tstd:56.2,Bpos:1135.5,Bstd:7538.5,StrandBias:0.0,Multiplicity:2.51
0.100	0.700	0.100	0.100
0.100	0.100	0.100	0.700
0.100	0.100	0.100	0.700
0.100	0.700	0.100	0.100
0.100	0.700	0.100	0.100
0.100	0.100	0.700	0.100
0.100	0.100	0.700	0.100
0.100	0.100	0.700	0.100
>TGGCTTCC	13-TGGCTTCC	2.399224	-42.154346	0	T:7256.0(100.00%),B:174033.2(99.41%),P:1e-18	Tpos:97.8,Tstd:56.7,Bpos:1080.6,Bstd:5397.3,StrandBias:-0.0,Multiplicity:3.12
0.100	0.100	0.100	0.700
0.100	0.100	0.700	0.100
0.100	0.100	0.700	0.100
0.100	0.700	0.100	0.100
0.100	0.100	0.100	0.700
0.100	0.100	0.100	0.700
0.100	0.700	0.100	0.100
0.100	0.700	0.100	0.100
>TCCTTTTW	14-TCCTTTTW	3.708626	-30.257700	0	T:4900.0(67.53%),B:110806.6(63.29%),P:1e-13	Tpos:97.8,Tstd:57.5,Bpos:9208.0,Bstd:28535.6,StrandBias:0.1,Multiplicity:1.58
0.001	0.001	0.001	0.997
0.029	0.705	0.001	0.265
0.001	0.972	0.001	0.026
0.039	0.174	0.001	0.786
0.037	0.231	0.035	0.697
0.123	0.038	0.048	0.791
0.099	0.227	0.195	0.478
0.302	0.177	0.130	0.391
>AAANWNAD	15-AAANWNAD	2.263381	-19.521205	0	T:5107.0(70.38%),B:117544.5(67.14%),P:1e-8	Tpos:97.1,Tstd:58.8,Bpos:10984.3,Bstd:27734.7,StrandBias:-0.0,Multiplicity:2.16
0.540	0.064	0.085	0.311
0.594	0.034	0.248	0.124
0.477	0.064	0.136	0.322
0.226	0.311	0.207	0.256
0.441	0.023	0.016	0.520
0.172	0.260	0.265	0.303
0.493	0.169	0.095	0.243
0.353	0.091	0.216	0.340
>CTTCCTGG	16-CTTCCTGG	9.576383	-3.648933	0	T:408.0(5.62%),B:8924.3(5.10%),P:1e-1	Tpos:102.8,Tstd:60.4,Bpos:3744.9,Bstd:14140.6,StrandBias:-0.0,Multiplicity:1.02
0.001	0.997	0.001	0.001
0.001	0.001	0.001	0.997
0.001	0.001	0.001	0.997
0.001	0.997	0.001	0.001
0.001	0.997	0.001	0.001
0.001	0.001	0.001	0.997
0.081	0.001	0.803	0.115
0.170	0.001	0.550	0.279
>RRAAGGAA	17-RRAAGGAA	7.304701	-0.022675	0	T:691.0(9.52%),B:17924.5(10.24%),P:1e0	Tpos:96.5,Tstd:61.6,Bpos:2068.0,Bstd:6769.6,StrandBias:-0.4,Multiplicity:1.00
0.390	0.102	0.474	0.034
0.471	0.004	0.524	0.001
0.608	0.193	0.198	0.001
0.945	0.001	0.053	0.001
0.163	0.001	0.835	0.001
0.159	0.001	0.839	0.001
0.614	0.117	0.268	0.001
0.847	0.001	0.151	0.001
>GGAAGGAA	18-GGAAGGAA	8.698076	-0.017535	0	T:172.0(2.37%),B:4849.2(2.77%),P:1e0	Tpos:3.0,Tstd:0.0,Bpos:263.0,Bstd:726.2,StrandBias:-10.0,Multiplicity:1.00
0.202	0.012	0.667	0.119
0.259	0.048	0.688	0.005
0.801	0.078	0.089	0.032
0.961	0.001	0.031	0.007
0.135	0.016	0.807	0.042
0.181	0.171	0.576	0.072
0.684	0.131	0.142	0.043
0.814	0.024	0.073	0.089
>TTCCTTYC	19-TTCCTTYC	7.166564	-0.012844	0	T:132.0(1.82%),B:3841.5(2.19%),P:1e0	Tpos:26.0,Tstd:0.0,Bpos:1364.4,Bstd:2478.8,StrandBias:10.0,Multiplicity:1.00
0.082	0.095	0.046	0.777
0.065	0.180	0.125	0.630
0.084	0.628	0.123	0.165
0.098	0.647	0.046	0.209
0.023	0.170	0.033	0.774
0.046	0.210	0.081	0.663
0.080	0.368	0.131	0.421
0.143	0.460	0.138	0.259
>TTCYTYYT	20-TTCYTYYT	7.010379	-0.000405	0	T:134.0(1.85%),B:4259.4(2.43%),P:1e0	Tpos:196.0,Tstd:0.0,Bpos:4876.2,Bstd:11864.0,StrandBias:-10.0,Multiplicity:1.00
0.171	0.092	0.001	0.736
0.001	0.225	0.169	0.605
0.020	0.899	0.076	0.005
0.001	0.571	0.001	0.427
0.001	0.159	0.001	0.839
0.031	0.330	0.199	0.440
0.086	0.409	0.091	0.414
0.154	0.219	0.143	0.484
>GGGGGGGG	21-GGGGGGGG	8.148770	-0.000137	0	T:110.0(1.52%),B:3684.5(2.10%),P:1e0	Tpos:114.0,Tstd:57.6,Bpos:758.8,Bstd:2926.3,StrandBias:1.0,Multiplicity:1.00
0.211	0.001	0.641	0.147
0.001	0.106	0.892	0.001
0.291	0.213	0.496	0.001
0.001	0.074	0.889	0.036
0.074	0.356	0.559	0.011
0.184	0.151	0.521	0.144
0.092	0.174	0.721	0.013
0.001	0.001	0.997	0.001
>CTTCCTAA	22-CTTCCTAA	10.349273	-0.000053	0	T:32.0(0.44%),B:1427.9(0.82%),P:1e0	Tpos:121.5,Tstd:42.2,Bpos:5797.9,Bstd:11368.9,StrandBias:0.0,Multiplicity:1.00
0.001	0.997	0.001	0.001
0.001	0.001	0.001	0.997
0.001	0.001	0.001	0.997
0.001	0.997	0.001	0.001
0.001	0.997	0.001	0.001
0.001	0.001	0.001	0.997
0.763	0.006	0.003	0.228
0.636	0.001	0.001	0.362
>CCCSCCCC	23-CCCSCCCC	5.176259	-0.000004	0	T:1618.0(22.30%),B:43027.8(24.58%),P:1e0	Tpos:100.6,Tstd:54.8,Bpos:379.1,Bstd:1848.1,StrandBias:-0.0,Multiplicity:1.00
0.077	0.480	0.222	0.221
0.069	0.536	0.224	0.171
0.213	0.485	0.143	0.160
0.120	0.413	0.304	0.163
0.145	0.742	0.068	0.045
0.189	0.401	0.163	0.246
0.109	0.518	0.246	0.127
0.096	0.462	0.194	0.248
>RGAAGGAA	24-RGAAGGAA	7.726056	-0.000002	0	T:360.0(4.96%),B:10951.0(6.26%),P:1e0	Tpos:97.7,Tstd:55.0,Bpos:3827.5,Bstd:9135.4,StrandBias:0.3,Multiplicity:1.00
0.502	0.036	0.411	0.051
0.207	0.018	0.769	0.006
0.716	0.097	0.160	0.027
0.908	0.021	0.070	0.001
0.285	0.001	0.632	0.082
0.118	0.030	0.851	0.001
0.554	0.181	0.257	0.008
0.997	0.001	0.001	0.001
>WWGSTTTT	25-WWGSTTTT	5.337860	-0.000000	0	T:154.0(2.12%),B:6525.9(3.73%),P:1e0	Tpos:113.3,Tstd:18.1,Bpos:5304.6,Bstd:11093.6,StrandBias:-1.0,Multiplicity:1.00
0.422	0.012	0.203	0.363
0.392	0.027	0.189	0.392
0.066	0.091	0.789	0.054
0.062	0.480	0.395	0.064
0.075	0.222	0.151	0.552
0.087	0.158	0.216	0.539
0.067	0.241	0.243	0.449
0.216	0.189	0.155	0.441
