>SCACGTGSBBNN	1-SCACGTGSBBNN	6.696456	-1645.735238	0	T:2503.0(34.50%),B:16171.9(9.24%),P:1e-714	Tpos:99.3,Tstd:37.4,Bpos:3462.5,Bstd:10021.6,StrandBias:0.0,Multiplicity:1.12
0.197	0.435	0.366	0.001
0.001	0.997	0.001	0.001
0.997	0.001	0.001	0.001
0.001	0.739	0.001	0.259
0.222	0.001	0.776	0.001
0.001	0.001	0.001	0.997
0.001	0.001	0.997	0.001
0.001	0.347	0.454	0.199
0.149	0.288	0.209	0.355
0.143	0.311	0.261	0.285
0.215	0.251	0.284	0.251
0.174	0.294	0.307	0.226
>STCACRTGRBNN	2-STCACRTGRBNN	7.083237	-441.115179	0	T:1097.0(15.12%),B:9432.2(5.39%),P:1e-191	Tpos:97.0,Tstd:45.5,Bpos:4552.8,Bstd:21356.6,StrandBias:-0.0,Multiplicity:1.08
0.195	0.252	0.361	0.193
0.010	0.405	0.006	0.579
0.001	0.929	0.067	0.003
0.794	0.090	0.001	0.115
0.088	0.706	0.096	0.110
0.430	0.033	0.524	0.013
0.117	0.001	0.110	0.772
0.062	0.002	0.860	0.076
0.392	0.036	0.385	0.188
0.195	0.346	0.258	0.201
0.260	0.270	0.271	0.199
0.245	0.282	0.304	0.170
>RAASMGGAAGYG	3-RAASMGGAAGYG	5.028398	-421.542603	0	T:4700.0(64.77%),B:83267.3(47.56%),P:1e-183	Tpos:97.6,Tstd:53.4,Bpos:5440.7,Bstd:21786.1,StrandBias:0.0,Multiplicity:1.75
0.381	0.128	0.354	0.136
0.536	0.121	0.196	0.147
0.536	0.089	0.245	0.130
0.158	0.376	0.465	0.001
0.374	0.331	0.136	0.160
0.085	0.001	0.913	0.001
0.239	0.001	0.759	0.001
0.997	0.001	0.001	0.001
0.997	0.001	0.001	0.001
0.133	0.220	0.646	0.001
0.056	0.374	0.071	0.499
0.235	0.132	0.453	0.180
>AMGCGTGSNNVN	4-AMGCGTGSNNVN	2.417872	-302.494235	0	T:3020.0(41.62%),B:48904.1(27.93%),P:1e-131	Tpos:98.7,Tstd:47.1,Bpos:1912.2,Bstd:6853.5,StrandBias:-0.0,Multiplicity:1.23
0.501	0.189	0.156	0.154
0.514	0.484	0.001	0.001
0.001	0.001	0.997	0.001
0.001	0.997	0.001	0.001
0.327	0.001	0.671	0.001
0.001	0.001	0.001	0.997
0.001	0.001	0.997	0.001
0.267	0.307	0.425	0.001
0.169	0.295	0.261	0.275
0.199	0.279	0.305	0.217
0.223	0.335	0.311	0.132
0.211	0.297	0.254	0.238
>SGGCCTCGTGGC	5-SGGCCTCGTGGC	7.249167	-117.711805	0	T:460.0(6.34%),B:4960.6(2.83%),P:1e-51	Tpos:99.2,Tstd:40.9,Bpos:1506.0,Bstd:5254.2,StrandBias:0.2,Multiplicity:1.02
0.206	0.382	0.244	0.168
0.159	0.208	0.509	0.124
0.257	0.090	0.634	0.019
0.001	0.997	0.001	0.001
0.001	0.997	0.001	0.001
0.001	0.001	0.001	0.997
0.001	0.997	0.001	0.001
0.093	0.001	0.905	0.001
0.001	0.001	0.001	0.997
0.001	0.001	0.997	0.001
0.024	0.212	0.763	0.001
0.048	0.604	0.210	0.138
>TTTCAGTTCCTC	6-TTTCAGTTCCTC	11.931237	-54.619195	0	T:36.0(0.50%),B:67.1(0.04%),P:1e-23	Tpos:68.0,Tstd:0.0,Bpos:3153.5,Bstd:1870.5,StrandBias:-10.0,Multiplicity:1.00
0.054	0.094	0.079	0.773
0.022	0.108	0.050	0.820
0.040	0.077	0.103	0.780
0.022	0.814	0.027	0.137
0.637	0.180	0.011	0.172
0.028	0.135	0.608	0.229
0.030	0.034	0.062	0.874
0.073	0.040	0.032	0.855
0.052	0.764	0.031	0.153
0.057	0.749	0.032	0.162
0.120	0.118	0.086	0.676
0.052	0.653	0.094	0.201
>YGYGYGTGYGYG	7-YGYGYGTGYGYG	7.273724	-53.955793	0	T:1256.0(17.31%),B:22864.2(13.06%),P:1e-23	Tpos:100.5,Tstd:47.9,Bpos:1897.5,Bstd:6960.1,StrandBias:0.1,Multiplicity:1.28
0.119	0.368	0.120	0.393
0.036	0.063	0.893	0.008
0.039	0.528	0.015	0.418
0.034	0.021	0.926	0.019
0.030	0.461	0.006	0.503
0.021	0.013	0.934	0.032
0.021	0.408	0.003	0.568
0.024	0.011	0.963	0.002
0.017	0.460	0.022	0.501
0.078	0.020	0.882	0.020
0.035	0.374	0.119	0.472
0.090	0.084	0.801	0.025
>GCCCCCTGGTGG	8-GCCCCCTGGTGG	10.789386	-45.306682	0	T:205.0(2.83%),B:2373.7(1.36%),P:1e-19	Tpos:97.4,Tstd:51.7,Bpos:868.9,Bstd:3629.6,StrandBias:0.1,Multiplicity:1.02
0.001	0.027	0.653	0.319
0.001	0.997	0.001	0.001
0.023	0.975	0.001	0.001
0.343	0.655	0.001	0.001
0.033	0.560	0.009	0.398
0.001	0.981	0.001	0.017
0.001	0.001	0.001	0.997
0.296	0.001	0.541	0.162
0.037	0.321	0.490	0.152
0.111	0.203	0.138	0.548
0.001	0.001	0.976	0.022
0.047	0.116	0.679	0.158
>CAAVATGGCGGC	9-CAAVATGGCGGC	10.205019	-43.484893	0	T:220.0(3.03%),B:2668.6(1.52%),P:1e-18	Tpos:95.8,Tstd:53.7,Bpos:815.9,Bstd:3602.9,StrandBias:0.1,Multiplicity:1.01
0.114	0.642	0.060	0.184
0.749	0.179	0.044	0.028
0.749	0.056	0.054	0.141
0.315	0.306	0.316	0.064
0.937	0.059	0.003	0.001
0.001	0.001	0.056	0.942
0.001	0.004	0.994	0.001
0.038	0.027	0.934	0.001
0.070	0.914	0.009	0.007
0.126	0.252	0.550	0.072
0.066	0.241	0.651	0.042
0.123	0.565	0.189	0.123
>CASTBSCTCTTT	10-CASTBSCTCTTT	10.622200	-37.032992	0	T:36.0(0.50%),B:130.9(0.07%),P:1e-16	Tpos:101.6,Tstd:57.0,Bpos:4097.7,Bstd:9165.4,StrandBias:2.0,Multiplicity:1.00
0.012	0.968	0.019	0.001
0.615	0.150	0.001	0.234
0.088	0.363	0.437	0.112
0.151	0.242	0.194	0.413
0.070	0.365	0.254	0.311
0.173	0.364	0.331	0.132
0.001	0.887	0.008	0.104
0.019	0.001	0.054	0.926
0.119	0.598	0.088	0.195
0.001	0.001	0.001	0.997
0.019	0.001	0.057	0.923
0.001	0.340	0.070	0.589
>NGYTYCTCTTTY	11-NGYTYCTCTTTY	7.800095	-28.280982	0	T:45.0(0.62%),B:280.1(0.16%),P:1e-12	Tpos:82.5,Tstd:50.5,Bpos:8697.9,Bstd:17841.5,StrandBias:-10.0,Multiplicity:1.00
0.304	0.253	0.170	0.273
0.134	0.240	0.409	0.217
0.134	0.277	0.174	0.415
0.017	0.279	0.268	0.436
0.104	0.407	0.228	0.262
0.155	0.615	0.020	0.210
0.166	0.236	0.019	0.579
0.143	0.532	0.153	0.172
0.171	0.034	0.019	0.776
0.019	0.220	0.153	0.608
0.013	0.226	0.020	0.741
0.016	0.369	0.199	0.415
>ACTACAWKTCCC	12-ACTACAWKTCCC	9.933146	-23.321453	0	T:160.0(2.21%),B:2191.5(1.25%),P:1e-10	Tpos:100.6,Tstd:54.9,Bpos:1089.5,Bstd:3967.0,StrandBias:-0.0,Multiplicity:1.13
0.758	0.181	0.060	0.001
0.080	0.790	0.115	0.015
0.110	0.114	0.001	0.775
0.713	0.110	0.040	0.137
0.060	0.851	0.015	0.074
0.855	0.006	0.124	0.015
0.382	0.185	0.189	0.244
0.135	0.205	0.279	0.380
0.019	0.066	0.060	0.855
0.001	0.897	0.001	0.101
0.015	0.894	0.001	0.090
0.049	0.935	0.001	0.015
>TGCGCGTGCGCA	13-TGCGCGTGCGCA	10.628567	-20.992709	0	T:147.0(2.03%),B:2032.7(1.16%),P:1e-9	Tpos:108.6,Tstd:50.2,Bpos:405.7,Bstd:1762.6,StrandBias:0.5,Multiplicity:1.02
0.011	0.001	0.155	0.833
0.010	0.001	0.922	0.067
0.062	0.871	0.066	0.001
0.011	0.082	0.759	0.148
0.144	0.790	0.049	0.017
0.001	0.196	0.583	0.220
0.034	0.001	0.077	0.888
0.001	0.152	0.784	0.063
0.053	0.761	0.079	0.107
0.001	0.047	0.928	0.024
0.001	0.997	0.001	0.001
0.879	0.090	0.001	0.030
>AGGGAACTGAAA	14-AGGGAACTGAAA	10.464510	-20.486210	0	T:10.0(0.14%),B:10.8(0.01%),P:1e-8	Tpos:193.0,Tstd:0.0,Bpos:42.8,Bstd:8.9,StrandBias:10.0,Multiplicity:1.00
0.640	0.070	0.133	0.157
0.214	0.061	0.642	0.083
0.293	0.045	0.552	0.110
0.204	0.192	0.535	0.069
0.602	0.127	0.204	0.067
0.504	0.162	0.243	0.091
0.268	0.501	0.150	0.081
0.267	0.050	0.083	0.600
0.133	0.097	0.700	0.070
0.664	0.192	0.091	0.053
0.654	0.136	0.162	0.048
0.621	0.083	0.220	0.076
>AAAAGGGAAGTG	15-AAAAGGGAAGTG	9.632218	-19.831731	0	T:137.0(1.89%),B:1889.1(1.08%),P:1e-8	Tpos:101.6,Tstd:52.1,Bpos:5550.2,Bstd:12098.3,StrandBias:-0.1,Multiplicity:1.03
0.911	0.047	0.041	0.001
0.833	0.074	0.055	0.038
0.817	0.163	0.019	0.001
0.566	0.001	0.070	0.363
0.022	0.001	0.976	0.001
0.133	0.103	0.670	0.094
0.001	0.001	0.997	0.001
0.663	0.180	0.052	0.105
0.829	0.068	0.102	0.001
0.118	0.066	0.763	0.053
0.149	0.001	0.049	0.801
0.001	0.001	0.969	0.029
>YTTTCAGTTCCY	16-YTTTCAGTTCCY	11.427677	-16.115478	0	T:12.0(0.17%),B:32.1(0.02%),P:1e-6	Tpos:62.0,Tstd:4.0,Bpos:6471.5,Bstd:8659.4,StrandBias:10.0,Multiplicity:1.00
0.158	0.283	0.172	0.387
0.042	0.148	0.035	0.775
0.001	0.120	0.082	0.797
0.001	0.019	0.104	0.876
0.034	0.822	0.069	0.075
0.780	0.001	0.001	0.218
0.064	0.141	0.657	0.138
0.071	0.174	0.094	0.661
0.038	0.113	0.166	0.683
0.037	0.805	0.064	0.094
0.130	0.549	0.001	0.320
0.182	0.311	0.168	0.339
>GSTCGGAWRWGA	17-GSTCGGAWRWGA	10.725689	-15.075830	0	T:31.0(0.43%),B:246.9(0.14%),P:1e-6	Tpos:101.1,Tstd:55.0,Bpos:1119.4,Bstd:3866.0,StrandBias:-0.4,Multiplicity:1.00
0.001	0.073	0.879	0.047
0.001	0.526	0.441	0.032
0.032	0.346	0.089	0.533
0.116	0.837	0.046	0.001
0.076	0.012	0.911	0.001
0.031	0.001	0.967	0.001
0.852	0.032	0.072	0.044
0.503	0.001	0.048	0.448
0.421	0.012	0.535	0.032
0.518	0.058	0.022	0.402
0.043	0.020	0.879	0.058
0.855	0.143	0.001	0.001
>GKCGTGCGCTMC	18-GKCGTGCGCTMC	12.515804	-8.163191	0	T:94.0(1.30%),B:1536.0(0.88%),P:1e-3	Tpos:102.3,Tstd:45.3,Bpos:330.2,Bstd:800.7,StrandBias:-0.5,Multiplicity:1.00
0.001	0.378	0.620	0.001
0.001	0.001	0.567	0.431
0.001	0.997	0.001	0.001
0.001	0.001	0.997	0.001
0.001	0.366	0.001	0.632
0.001	0.001	0.997	0.001
0.001	0.997	0.001	0.001
0.001	0.001	0.997	0.001
0.001	0.997	0.001	0.001
0.001	0.001	0.343	0.655
0.428	0.556	0.015	0.001
0.001	0.729	0.001	0.269
>CACACGCGCACA	19-CACACGCGCACA	9.044467	-7.176009	0	T:262.0(3.61%),B:5149.3(2.94%),P:1e-3	Tpos:97.4,Tstd:52.8,Bpos:2068.8,Bstd:7621.8,StrandBias:0.4,Multiplicity:1.00
0.069	0.812	0.093	0.026
0.765	0.089	0.088	0.058
0.071	0.799	0.106	0.024
0.742	0.104	0.070	0.084
0.087	0.673	0.137	0.103
0.082	0.126	0.703	0.089
0.085	0.733	0.103	0.079
0.108	0.134	0.663	0.095
0.069	0.796	0.103	0.032
0.716	0.103	0.089	0.092
0.050	0.849	0.065	0.036
0.748	0.090	0.081	0.081
>GCGCGTGTGCGC	20-GCGCGTGTGCGC	11.866143	-6.885662	0	T:70.0(0.96%),B:1124.2(0.64%),P:1e-2	Tpos:93.8,Tstd:46.1,Bpos:275.3,Bstd:336.5,StrandBias:1.0,Multiplicity:1.00
0.048	0.131	0.774	0.047
0.038	0.675	0.249	0.038
0.037	0.163	0.799	0.001
0.114	0.724	0.079	0.083
0.001	0.005	0.993	0.001
0.001	0.077	0.072	0.850
0.001	0.278	0.647	0.074
0.001	0.128	0.001	0.870
0.049	0.077	0.818	0.056
0.115	0.883	0.001	0.001
0.085	0.001	0.913	0.001
0.001	0.952	0.001	0.046
>TGBSTGTGTGTG	21-TGBSTGTGTGTG	10.806708	-4.185136	0	T:139.0(1.92%),B:2760.9(1.58%),P:1e-1	Tpos:89.0,Tstd:47.6,Bpos:4061.1,Bstd:9140.0,StrandBias:-0.6,Multiplicity:1.00
0.035	0.001	0.001	0.963
0.001	0.056	0.852	0.091
0.170	0.373	0.227	0.230
0.063	0.420	0.482	0.036
0.051	0.001	0.079	0.869
0.050	0.328	0.621	0.001
0.065	0.001	0.044	0.890
0.001	0.081	0.885	0.033
0.024	0.001	0.113	0.862
0.057	0.151	0.733	0.059
0.001	0.001	0.001	0.997
0.141	0.022	0.779	0.058
>TTCSATTCCATT	22-TTCSATTCCATT	12.071354	-1.578226	0	T:5.0(0.07%),B:74.9(0.04%),P:1e0	Tpos:108.1,Tstd:42.2,Bpos:16965.6,Bstd:7880.9,StrandBias:-0.7,Multiplicity:2.00
0.052	0.052	0.001	0.895
0.009	0.001	0.065	0.925
0.001	0.763	0.235	0.001
0.001	0.506	0.428	0.065
0.487	0.262	0.001	0.250
0.052	0.301	0.065	0.582
0.064	0.001	0.001	0.934
0.001	0.874	0.060	0.065
0.065	0.634	0.052	0.249
0.933	0.065	0.001	0.001
0.065	0.139	0.118	0.678
0.001	0.195	0.001	0.803
>CTTCYTTCCTYT	23-CTTCYTTCCTYT	11.918686	-1.557134	0	T:27.0(0.37%),B:546.2(0.31%),P:1e0	Tpos:105.1,Tstd:32.8,Bpos:6432.3,Bstd:11860.2,StrandBias:-0.3,Multiplicity:1.00
0.001	0.997	0.001	0.001
0.128	0.064	0.051	0.757
0.001	0.001	0.163	0.835
0.001	0.997	0.001	0.001
0.025	0.481	0.001	0.493
0.069	0.023	0.001	0.907
0.046	0.001	0.085	0.868
0.001	0.910	0.025	0.064
0.081	0.883	0.001	0.035
0.001	0.001	0.001	0.997
0.001	0.552	0.044	0.403
0.029	0.080	0.085	0.806
>TATAKTATRTAM	24-TATAKTATRTAM	12.110296	-1.396957	0	T:2.0(0.03%),B:22.7(0.01%),P:1e0	Tpos:140.7,Tstd:28.8,Bpos:8800.3,Bstd:7867.4,StrandBias:-10.0,Multiplicity:1.50
0.001	0.001	0.001	0.997
0.637	0.001	0.342	0.020
0.001	0.374	0.001	0.624
0.764	0.001	0.001	0.234
0.094	0.001	0.385	0.520
0.265	0.001	0.001	0.733
0.504	0.260	0.183	0.053
0.001	0.001	0.001	0.997
0.428	0.001	0.570	0.001
0.001	0.045	0.001	0.953
0.778	0.153	0.046	0.023
0.537	0.442	0.020	0.001
>ACACACASACAC	25-ACACACASACAC	11.650741	-1.026450	0	T:98.0(1.35%),B:2269.2(1.30%),P:1e0	Tpos:77.7,Tstd:31.7,Bpos:3567.0,Bstd:7184.9,StrandBias:1.0,Multiplicity:1.00
0.782	0.067	0.026	0.125
0.126	0.786	0.063	0.025
0.725	0.141	0.057	0.077
0.036	0.825	0.067	0.072
0.899	0.001	0.001	0.099
0.117	0.758	0.096	0.029
0.962	0.031	0.001	0.006
0.205	0.444	0.334	0.017
0.790	0.112	0.037	0.061
0.125	0.723	0.050	0.102
0.913	0.049	0.001	0.037
0.010	0.838	0.010	0.142
