>NVSCACGTGS	1-NVSCACGTGS	4.534203	-2142.504471	0	T:4721.0(65.06%),B:47816.9(27.31%),P:1e-930	Tpos:99.2,Tstd:40.7,Bpos:2922.6,Bstd:10060.1,StrandBias:0.0,Multiplicity:1.32
0.294	0.197	0.312	0.197
0.304	0.207	0.338	0.151
0.188	0.473	0.334	0.006
0.001	0.997	0.001	0.001
0.914	0.001	0.066	0.019
0.001	0.715	0.001	0.283
0.221	0.001	0.777	0.001
0.001	0.027	0.001	0.971
0.001	0.001	0.997	0.001
0.022	0.294	0.440	0.244
>RDVMGGAASY	2-RDVMGGAASY	5.282418	-421.620019	0	T:2098.0(28.91%),B:26626.1(15.21%),P:1e-183	Tpos:98.0,Tstd:52.6,Bpos:8758.2,Bstd:35928.7,StrandBias:0.1,Multiplicity:1.22
0.373	0.166	0.245	0.217
0.368	0.178	0.229	0.226
0.272	0.333	0.307	0.089
0.223	0.371	0.203	0.203
0.223	0.093	0.617	0.067
0.329	0.087	0.551	0.033
0.769	0.123	0.022	0.086
0.964	0.006	0.016	0.014
0.233	0.306	0.391	0.070
0.141	0.319	0.100	0.440
>GGAASTGVMA	3-GGAASTGVMA	4.737033	-331.538636	0	T:4988.0(68.74%),B:94007.3(53.70%),P:1e-143	Tpos:98.4,Tstd:55.9,Bpos:7157.0,Bstd:26104.1,StrandBias:0.0,Multiplicity:1.52
0.146	0.001	0.852	0.001
0.168	0.077	0.754	0.001
0.997	0.001	0.001	0.001
0.975	0.006	0.001	0.018
0.261	0.295	0.438	0.006
0.076	0.285	0.001	0.638
0.283	0.143	0.444	0.130
0.343	0.227	0.242	0.188
0.340	0.309	0.179	0.172
0.444	0.125	0.279	0.153
>AMRCRCACRC	4-AMRCRCACRC	4.185392	-227.958880	0	T:4748.0(65.44%),B:92624.3(52.91%),P:1e-99	Tpos:99.5,Tstd:52.0,Bpos:2635.9,Bstd:13089.4,StrandBias:-0.1,Multiplicity:1.51
0.395	0.163	0.217	0.224
0.225	0.368	0.202	0.205
0.446	0.119	0.324	0.112
0.185	0.583	0.065	0.167
0.483	0.088	0.338	0.091
0.008	0.940	0.003	0.049
0.589	0.047	0.336	0.028
0.068	0.848	0.068	0.016
0.332	0.115	0.402	0.151
0.169	0.424	0.171	0.236
>CTACAACTCC	5-CTACAACTCC	2.512553	-225.167673	0	T:7241.0(99.79%),B:168259.7(96.11%),P:1e-97	Tpos:97.5,Tstd:56.4,Bpos:2123.0,Bstd:11693.4,StrandBias:0.0,Multiplicity:2.83
0.100	0.700	0.100	0.100
0.100	0.100	0.100	0.700
0.700	0.100	0.100	0.100
0.100	0.700	0.100	0.100
0.700	0.100	0.100	0.100
0.700	0.100	0.100	0.100
0.100	0.700	0.100	0.100
0.100	0.100	0.100	0.700
0.100	0.700	0.100	0.100
0.100	0.700	0.100	0.100
>TTCTGTTCTG	6-TTCTGTTCTG	2.512553	-203.209507	0	T:7066.0(97.38%),B:160516.9(91.69%),P:1e-88	Tpos:97.4,Tstd:56.6,Bpos:3654.4,Bstd:17106.0,StrandBias:-0.0,Multiplicity:2.38
0.100	0.100	0.100	0.700
0.100	0.100	0.100	0.700
0.100	0.700	0.100	0.100
0.100	0.100	0.100	0.700
0.100	0.100	0.700	0.100
0.100	0.100	0.100	0.700
0.100	0.100	0.100	0.700
0.100	0.700	0.100	0.100
0.100	0.100	0.100	0.700
0.100	0.100	0.700	0.100
>TTYCYBYKTN	7-TTYCYBYKTN	4.657694	-168.306295	0	T:5259.0(72.48%),B:108853.9(62.18%),P:1e-73	Tpos:96.2,Tstd:58.4,Bpos:7969.1,Bstd:26135.9,StrandBias:0.1,Multiplicity:1.52
0.001	0.001	0.001	0.997
0.001	0.001	0.001	0.997
0.001	0.504	0.001	0.494
0.001	0.997	0.001	0.001
0.046	0.460	0.016	0.478
0.149	0.263	0.230	0.357
0.189	0.233	0.196	0.382
0.175	0.202	0.253	0.369
0.240	0.162	0.177	0.422
0.273	0.201	0.206	0.320
>GTGGAGGGGA	8-GTGGAGGGGA	2.512553	-118.585648	0	T:7238.0(99.75%),B:170807.4(97.57%),P:1e-51	Tpos:98.7,Tstd:56.0,Bpos:965.3,Bstd:5958.0,StrandBias:0.0,Multiplicity:2.93
0.100	0.100	0.700	0.100
0.100	0.100	0.100	0.700
0.100	0.100	0.700	0.100
0.100	0.100	0.700	0.100
0.700	0.100	0.100	0.100
0.100	0.100	0.700	0.100
0.100	0.100	0.700	0.100
0.100	0.100	0.700	0.100
0.100	0.100	0.700	0.100
0.700	0.100	0.100	0.100
>GGCGGGGCTT	9-GGCGGGGCTT	2.512553	-112.798344	0	T:7163.0(98.72%),B:167428.6(95.64%),P:1e-48	Tpos:98.2,Tstd:56.8,Bpos:1169.8,Bstd:7383.5,StrandBias:-0.0,Multiplicity:1.89
0.100	0.100	0.700	0.100
0.100	0.100	0.700	0.100
0.100	0.700	0.100	0.100
0.100	0.100	0.700	0.100
0.100	0.100	0.700	0.100
0.100	0.100	0.700	0.100
0.100	0.100	0.700	0.100
0.100	0.700	0.100	0.100
0.100	0.100	0.100	0.700
0.100	0.100	0.100	0.700
>HYHYYDTTTY	10-HYHYYDTTTY	3.279054	-94.097395	0	T:5154.0(71.03%),B:110985.0(63.40%),P:1e-40	Tpos:95.4,Tstd:58.8,Bpos:9866.8,Bstd:23609.2,StrandBias:-0.0,Multiplicity:2.06
0.246	0.247	0.173	0.334
0.189	0.321	0.148	0.342
0.201	0.292	0.174	0.333
0.211	0.228	0.193	0.368
0.164	0.258	0.196	0.381
0.261	0.189	0.209	0.341
0.175	0.163	0.159	0.503
0.001	0.119	0.018	0.862
0.001	0.032	0.001	0.966
0.005	0.422	0.034	0.539
>GGCGCCTGCG	11-GGCGCCTGCG	0.566642	-29.441447	0	T:7253.0(99.96%),B:174120.0(99.46%),P:1e-12	Tpos:98.1,Tstd:58.0,Bpos:2303.2,Bstd:12956.7,StrandBias:-0.0,Multiplicity:1.71
0.100	0.100	0.700	0.100
0.100	0.100	0.700	0.100
0.100	0.700	0.100	0.100
0.100	0.100	0.700	0.100
0.100	0.700	0.100	0.100
0.100	0.700	0.100	0.100
0.100	0.100	0.100	0.700
0.100	0.100	0.700	0.100
0.100	0.700	0.100	0.100
0.100	0.100	0.700	0.100
>CAACDAGACW	12-CAACDAGACW	-4.244981	-26.468761	0	T:5200.0(71.66%),B:118796.8(67.86%),P:1e-11	Tpos:96.8,Tstd:56.8,Bpos:8602.0,Bstd:27736.6,StrandBias:0.0,Multiplicity:1.65
0.282	0.448	0.001	0.269
0.614	0.001	0.001	0.384
0.997	0.001	0.001	0.001
0.228	0.483	0.001	0.288
0.257	0.091	0.332	0.320
0.726	0.001	0.001	0.272
0.001	0.258	0.740	0.001
0.592	0.001	0.001	0.406
0.001	0.997	0.001	0.001
0.508	0.001	0.001	0.490
>WHATDYWAAW	13-WHATDYWAAW	2.950895	-17.194857	0	T:3433.0(47.31%),B:77185.2(44.09%),P:1e-7	Tpos:96.4,Tstd:59.5,Bpos:12169.2,Bstd:25611.8,StrandBias:0.0,Multiplicity:1.68
0.423	0.074	0.077	0.426
0.313	0.297	0.058	0.333
0.656	0.112	0.107	0.125
0.098	0.110	0.114	0.678
0.315	0.058	0.321	0.305
0.076	0.414	0.065	0.445
0.451	0.068	0.063	0.417
0.683	0.113	0.098	0.106
0.678	0.097	0.105	0.120
0.425	0.071	0.083	0.421
>CAAGATGGCG	14-CAAGATGGCG	10.296193	-10.393686	0	T:70.0(0.96%),B:985.5(0.56%),P:1e-4	Tpos:71.2,Tstd:48.9,Bpos:355.3,Bstd:219.0,StrandBias:1.6,Multiplicity:1.00
0.100	0.700	0.100	0.100
0.700	0.100	0.100	0.100
0.700	0.100	0.100	0.100
0.100	0.100	0.700	0.100
0.700	0.100	0.100	0.100
0.100	0.100	0.100	0.700
0.100	0.100	0.700	0.100
0.100	0.100	0.700	0.100
0.100	0.700	0.100	0.100
0.100	0.100	0.700	0.100
>TWTGCAAATT	15-TWTGCAAATT	7.334101	-2.403976	0	T:23.0(0.32%),B:404.3(0.23%),P:1e-1	Tpos:96.7,Tstd:48.8,Bpos:10342.7,Bstd:15345.2,StrandBias:-0.5,Multiplicity:1.00
0.168	0.118	0.056	0.658
0.375	0.156	0.162	0.307
0.208	0.001	0.062	0.729
0.159	0.077	0.541	0.223
0.242	0.473	0.068	0.218
0.731	0.088	0.001	0.180
0.465	0.111	0.193	0.230
0.552	0.165	0.130	0.153
0.275	0.103	0.141	0.481
0.162	0.077	0.146	0.615
>CTCCCACGCC	16-CTCCCACGCC	6.404373	-0.934300	0	T:3407.0(46.95%),B:81905.8(46.78%),P:1e0	Tpos:52.8,Tstd:41.0,Bpos:3671.3,Bstd:8804.2,StrandBias:-0.6,Multiplicity:1.00
0.100	0.700	0.100	0.100
0.100	0.100	0.100	0.700
0.100	0.700	0.100	0.100
0.100	0.700	0.100	0.100
0.100	0.700	0.100	0.100
0.700	0.100	0.100	0.100
0.100	0.700	0.100	0.100
0.100	0.100	0.700	0.100
0.100	0.700	0.100	0.100
0.100	0.700	0.100	0.100
>NACACACACN	17-NACACACACN	5.629467	-0.450590	0	T:227.0(3.13%),B:5597.2(3.20%),P:1e0	Tpos:195.0,Tstd:0.0,Bpos:10126.7,Bstd:12067.1,StrandBias:-10.0,Multiplicity:1.00
0.279	0.286	0.228	0.207
0.561	0.144	0.143	0.152
0.198	0.527	0.157	0.118
0.551	0.157	0.136	0.156
0.163	0.563	0.160	0.114
0.600	0.128	0.146	0.126
0.178	0.550	0.159	0.113
0.564	0.148	0.149	0.139
0.191	0.506	0.155	0.148
0.292	0.243	0.230	0.235
>GTGGGAGGGG	18-GTGGGAGGGG	11.517140	-0.193256	0	T:49.0(0.68%),B:1340.4(0.77%),P:1e0	Tpos:104.9,Tstd:43.9,Bpos:1645.1,Bstd:6773.4,StrandBias:-1.3,Multiplicity:1.00
0.096	0.206	0.650	0.048
0.111	0.001	0.145	0.743
0.001	0.001	0.967	0.031
0.001	0.001	0.997	0.001
0.095	0.110	0.794	0.001
0.651	0.001	0.347	0.001
0.158	0.001	0.762	0.079
0.141	0.001	0.857	0.001
0.095	0.175	0.698	0.032
0.047	0.079	0.873	0.001
>WTGGGAKAGG	19-WTGGGAKAGG	9.929128	-0.000518	0	T:28.0(0.39%),B:1182.8(0.68%),P:1e0	Tpos:104.5,Tstd:56.4,Bpos:2891.4,Bstd:7369.5,StrandBias:0.7,Multiplicity:1.00
0.437	0.001	0.086	0.476
0.160	0.001	0.166	0.673
0.001	0.001	0.681	0.317
0.001	0.001	0.997	0.001
0.199	0.001	0.799	0.001
0.997	0.001	0.001	0.001
0.238	0.001	0.365	0.396
0.673	0.001	0.325	0.001
0.039	0.003	0.957	0.001
0.081	0.001	0.917	0.001
>CACACATACA	20-CACACATACA	6.404373	-0.000392	0	T:884.0(12.18%),B:23692.4(13.53%),P:1e0	Tpos:113.3,Tstd:54.5,Bpos:6121.9,Bstd:10947.0,StrandBias:0.0,Multiplicity:1.00
0.100	0.700	0.100	0.100
0.700	0.100	0.100	0.100
0.100	0.700	0.100	0.100
0.700	0.100	0.100	0.100
0.100	0.700	0.100	0.100
0.700	0.100	0.100	0.100
0.100	0.100	0.100	0.700
0.700	0.100	0.100	0.100
0.100	0.700	0.100	0.100
0.700	0.100	0.100	0.100
>TTCACWSATT	21-TTCACWSATT	8.316839	-0.000318	0	T:5.0(0.07%),B:398.2(0.23%),P:1e0	Tpos:11.0,Tstd:0.0,Bpos:6644.9,Bstd:10625.3,StrandBias:-10.0,Multiplicity:1.00
0.292	0.207	0.001	0.499
0.114	0.001	0.001	0.884
0.001	0.632	0.366	0.001
0.646	0.001	0.001	0.352
0.001	0.603	0.395	0.001
0.496	0.001	0.001	0.502
0.001	0.438	0.560	0.001
0.644	0.001	0.001	0.354
0.210	0.136	0.244	0.410
0.323	0.001	0.057	0.619
>NHVWSWSHNW	22-NHVWSWSHNW	4.707445	-0.000000	0	T:7.0(0.10%),B:861.0(0.49%),P:1e0	Tpos:73.0,Tstd:0.0,Bpos:10533.9,Bstd:14757.3,StrandBias:10.0,Multiplicity:1.00
0.273	0.248	0.204	0.275
0.359	0.269	0.001	0.371
0.354	0.332	0.313	0.001
0.356	0.217	0.001	0.426
0.001	0.535	0.463	0.001
0.498	0.012	0.001	0.489
0.001	0.507	0.491	0.001
0.372	0.277	0.001	0.351
0.252	0.263	0.206	0.279
0.483	0.001	0.001	0.515
>CCAGGGGGCG	23-CCAGGGGGCG	8.350283	-0.000000	0	T:728.0(10.03%),B:21831.0(12.47%),P:1e0	Tpos:89.0,Tstd:0.0,Bpos:1127.7,Bstd:5122.0,StrandBias:10.0,Multiplicity:1.00
0.100	0.700	0.100	0.100
0.100	0.700	0.100	0.100
0.700	0.100	0.100	0.100
0.100	0.100	0.700	0.100
0.100	0.100	0.700	0.100
0.100	0.100	0.700	0.100
0.100	0.100	0.700	0.100
0.100	0.100	0.700	0.100
0.100	0.700	0.100	0.100
0.100	0.100	0.700	0.100
>CCGCGCGGCC	24-CCGCGCGGCC	8.350283	-0.000000	0	T:1361.0(18.76%),B:39334.5(22.47%),P:1e0	Tpos:113.0,Tstd:60.4,Bpos:233.1,Bstd:399.8,StrandBias:1.0,Multiplicity:1.00
0.100	0.700	0.100	0.100
0.100	0.700	0.100	0.100
0.100	0.100	0.700	0.100
0.100	0.700	0.100	0.100
0.100	0.100	0.700	0.100
0.100	0.700	0.100	0.100
0.100	0.100	0.700	0.100
0.100	0.100	0.700	0.100
0.100	0.700	0.100	0.100
0.100	0.700	0.100	0.100
>CGCACGCTCC	25-CGCACGCTCC	-9.162908	0.000000	0	T:7256.0(100.00%),B:175068.8(100.00%),P:1e0	Tpos:96.4,Tstd:60.2,Bpos:8789.4,Bstd:27826.8,StrandBias:0.0,Multiplicity:1.34
0.100	0.700	0.100	0.100
0.100	0.100	0.700	0.100
0.100	0.700	0.100	0.100
0.700	0.100	0.100	0.100
0.100	0.700	0.100	0.100
0.100	0.100	0.700	0.100
0.100	0.700	0.100	0.100
0.100	0.100	0.100	0.700
0.100	0.700	0.100	0.100
0.100	0.700	0.100	0.100
>SCACGTGSBBNN	1-SCACGTGSBBNN	6.696456	-1645.735238	0	T:2503.0(34.50%),B:16171.9(9.24%),P:1e-714	Tpos:99.3,Tstd:37.4,Bpos:3462.5,Bstd:10021.6,StrandBias:0.0,Multiplicity:1.12
0.197	0.435	0.366	0.001
0.001	0.997	0.001	0.001
0.997	0.001	0.001	0.001
0.001	0.739	0.001	0.259
0.222	0.001	0.776	0.001
0.001	0.001	0.001	0.997
0.001	0.001	0.997	0.001
0.001	0.347	0.454	0.199
0.149	0.288	0.209	0.355
0.143	0.311	0.261	0.285
0.215	0.251	0.284	0.251
0.174	0.294	0.307	0.226
>STCACRTGRBNN	2-STCACRTGRBNN	7.083237	-441.115179	0	T:1097.0(15.12%),B:9432.2(5.39%),P:1e-191	Tpos:97.0,Tstd:45.5,Bpos:4552.8,Bstd:21356.6,StrandBias:-0.0,Multiplicity:1.08
0.195	0.252	0.361	0.193
0.010	0.405	0.006	0.579
0.001	0.929	0.067	0.003
0.794	0.090	0.001	0.115
0.088	0.706	0.096	0.110
0.430	0.033	0.524	0.013
0.117	0.001	0.110	0.772
0.062	0.002	0.860	0.076
0.392	0.036	0.385	0.188
0.195	0.346	0.258	0.201
0.260	0.270	0.271	0.199
0.245	0.282	0.304	0.170
>RAASMGGAAGYG	3-RAASMGGAAGYG	5.028398	-421.542603	0	T:4700.0(64.77%),B:83267.3(47.56%),P:1e-183	Tpos:97.6,Tstd:53.4,Bpos:5440.7,Bstd:21786.1,StrandBias:0.0,Multiplicity:1.75
0.381	0.128	0.354	0.136
0.536	0.121	0.196	0.147
0.536	0.089	0.245	0.130
0.158	0.376	0.465	0.001
0.374	0.331	0.136	0.160
0.085	0.001	0.913	0.001
0.239	0.001	0.759	0.001
0.997	0.001	0.001	0.001
0.997	0.001	0.001	0.001
0.133	0.220	0.646	0.001
0.056	0.374	0.071	0.499
0.235	0.132	0.453	0.180
>AMGCGTGSNNVN	4-AMGCGTGSNNVN	2.417872	-302.494235	0	T:3020.0(41.62%),B:48904.1(27.93%),P:1e-131	Tpos:98.7,Tstd:47.1,Bpos:1912.2,Bstd:6853.5,StrandBias:-0.0,Multiplicity:1.23
0.501	0.189	0.156	0.154
0.514	0.484	0.001	0.001
0.001	0.001	0.997	0.001
0.001	0.997	0.001	0.001
0.327	0.001	0.671	0.001
0.001	0.001	0.001	0.997
0.001	0.001	0.997	0.001
0.267	0.307	0.425	0.001
0.169	0.295	0.261	0.275
0.199	0.279	0.305	0.217
0.223	0.335	0.311	0.132
0.211	0.297	0.254	0.238
>SGGCCTCGTGGC	5-SGGCCTCGTGGC	7.249167	-117.711805	0	T:460.0(6.34%),B:4960.6(2.83%),P:1e-51	Tpos:99.2,Tstd:40.9,Bpos:1506.0,Bstd:5254.2,StrandBias:0.2,Multiplicity:1.02
0.206	0.382	0.244	0.168
0.159	0.208	0.509	0.124
0.257	0.090	0.634	0.019
0.001	0.997	0.001	0.001
0.001	0.997	0.001	0.001
0.001	0.001	0.001	0.997
0.001	0.997	0.001	0.001
0.093	0.001	0.905	0.001
0.001	0.001	0.001	0.997
0.001	0.001	0.997	0.001
0.024	0.212	0.763	0.001
0.048	0.604	0.210	0.138
>TTTCAGTTCCTC	6-TTTCAGTTCCTC	11.931237	-54.619195	0	T:36.0(0.50%),B:67.1(0.04%),P:1e-23	Tpos:68.0,Tstd:0.0,Bpos:3153.5,Bstd:1870.5,StrandBias:-10.0,Multiplicity:1.00
0.054	0.094	0.079	0.773
0.022	0.108	0.050	0.820
0.040	0.077	0.103	0.780
0.022	0.814	0.027	0.137
0.637	0.180	0.011	0.172
0.028	0.135	0.608	0.229
0.030	0.034	0.062	0.874
0.073	0.040	0.032	0.855
0.052	0.764	0.031	0.153
0.057	0.749	0.032	0.162
0.120	0.118	0.086	0.676
0.052	0.653	0.094	0.201
>YGYGYGTGYGYG	7-YGYGYGTGYGYG	7.273724	-53.955793	0	T:1256.0(17.31%),B:22864.2(13.06%),P:1e-23	Tpos:100.5,Tstd:47.9,Bpos:1897.5,Bstd:6960.1,StrandBias:0.1,Multiplicity:1.28
0.119	0.368	0.120	0.393
0.036	0.063	0.893	0.008
0.039	0.528	0.015	0.418
0.034	0.021	0.926	0.019
0.030	0.461	0.006	0.503
0.021	0.013	0.934	0.032
0.021	0.408	0.003	0.568
0.024	0.011	0.963	0.002
0.017	0.460	0.022	0.501
0.078	0.020	0.882	0.020
0.035	0.374	0.119	0.472
0.090	0.084	0.801	0.025
>GCCCCCTGGTGG	8-GCCCCCTGGTGG	10.789386	-45.306682	0	T:205.0(2.83%),B:2373.7(1.36%),P:1e-19	Tpos:97.4,Tstd:51.7,Bpos:868.9,Bstd:3629.6,StrandBias:0.1,Multiplicity:1.02
0.001	0.027	0.653	0.319
0.001	0.997	0.001	0.001
0.023	0.975	0.001	0.001
0.343	0.655	0.001	0.001
0.033	0.560	0.009	0.398
0.001	0.981	0.001	0.017
0.001	0.001	0.001	0.997
0.296	0.001	0.541	0.162
0.037	0.321	0.490	0.152
0.111	0.203	0.138	0.548
0.001	0.001	0.976	0.022
0.047	0.116	0.679	0.158
>CAAVATGGCGGC	9-CAAVATGGCGGC	10.205019	-43.484893	0	T:220.0(3.03%),B:2668.6(1.52%),P:1e-18	Tpos:95.8,Tstd:53.7,Bpos:815.9,Bstd:3602.9,StrandBias:0.1,Multiplicity:1.01
0.114	0.642	0.060	0.184
0.749	0.179	0.044	0.028
0.749	0.056	0.054	0.141
0.315	0.306	0.316	0.064
0.937	0.059	0.003	0.001
0.001	0.001	0.056	0.942
0.001	0.004	0.994	0.001
0.038	0.027	0.934	0.001
0.070	0.914	0.009	0.007
0.126	0.252	0.550	0.072
0.066	0.241	0.651	0.042
0.123	0.565	0.189	0.123
>CASTBSCTCTTT	10-CASTBSCTCTTT	10.622200	-37.032992	0	T:36.0(0.50%),B:130.9(0.07%),P:1e-16	Tpos:101.6,Tstd:57.0,Bpos:4097.7,Bstd:9165.4,StrandBias:2.0,Multiplicity:1.00
0.012	0.968	0.019	0.001
0.615	0.150	0.001	0.234
0.088	0.363	0.437	0.112
0.151	0.242	0.194	0.413
0.070	0.365	0.254	0.311
0.173	0.364	0.331	0.132
0.001	0.887	0.008	0.104
0.019	0.001	0.054	0.926
0.119	0.598	0.088	0.195
0.001	0.001	0.001	0.997
0.019	0.001	0.057	0.923
0.001	0.340	0.070	0.589
>NGYTYCTCTTTY	11-NGYTYCTCTTTY	7.800095	-28.280982	0	T:45.0(0.62%),B:280.1(0.16%),P:1e-12	Tpos:82.5,Tstd:50.5,Bpos:8697.9,Bstd:17841.5,StrandBias:-10.0,Multiplicity:1.00
0.304	0.253	0.170	0.273
0.134	0.240	0.409	0.217
0.134	0.277	0.174	0.415
0.017	0.279	0.268	0.436
0.104	0.407	0.228	0.262
0.155	0.615	0.020	0.210
0.166	0.236	0.019	0.579
0.143	0.532	0.153	0.172
0.171	0.034	0.019	0.776
0.019	0.220	0.153	0.608
0.013	0.226	0.020	0.741
0.016	0.369	0.199	0.415
>ACTACAWKTCCC	12-ACTACAWKTCCC	9.933146	-23.321453	0	T:160.0(2.21%),B:2191.5(1.25%),P:1e-10	Tpos:100.6,Tstd:54.9,Bpos:1089.5,Bstd:3967.0,StrandBias:-0.0,Multiplicity:1.13
0.758	0.181	0.060	0.001
0.080	0.790	0.115	0.015
0.110	0.114	0.001	0.775
0.713	0.110	0.040	0.137
0.060	0.851	0.015	0.074
0.855	0.006	0.124	0.015
0.382	0.185	0.189	0.244
0.135	0.205	0.279	0.380
0.019	0.066	0.060	0.855
0.001	0.897	0.001	0.101
0.015	0.894	0.001	0.090
0.049	0.935	0.001	0.015
>TGCGCGTGCGCA	13-TGCGCGTGCGCA	10.628567	-20.992709	0	T:147.0(2.03%),B:2032.7(1.16%),P:1e-9	Tpos:108.6,Tstd:50.2,Bpos:405.7,Bstd:1762.6,StrandBias:0.5,Multiplicity:1.02
0.011	0.001	0.155	0.833
0.010	0.001	0.922	0.067
0.062	0.871	0.066	0.001
0.011	0.082	0.759	0.148
0.144	0.790	0.049	0.017
0.001	0.196	0.583	0.220
0.034	0.001	0.077	0.888
0.001	0.152	0.784	0.063
0.053	0.761	0.079	0.107
0.001	0.047	0.928	0.024
0.001	0.997	0.001	0.001
0.879	0.090	0.001	0.030
>AGGGAACTGAAA	14-AGGGAACTGAAA	10.464510	-20.486210	0	T:10.0(0.14%),B:10.8(0.01%),P:1e-8	Tpos:193.0,Tstd:0.0,Bpos:42.8,Bstd:8.9,StrandBias:10.0,Multiplicity:1.00
0.640	0.070	0.133	0.157
0.214	0.061	0.642	0.083
0.293	0.045	0.552	0.110
0.204	0.192	0.535	0.069
0.602	0.127	0.204	0.067
0.504	0.162	0.243	0.091
0.268	0.501	0.150	0.081
0.267	0.050	0.083	0.600
0.133	0.097	0.700	0.070
0.664	0.192	0.091	0.053
0.654	0.136	0.162	0.048
0.621	0.083	0.220	0.076
>AAAAGGGAAGTG	15-AAAAGGGAAGTG	9.632218	-19.831731	0	T:137.0(1.89%),B:1889.1(1.08%),P:1e-8	Tpos:101.6,Tstd:52.1,Bpos:5550.2,Bstd:12098.3,StrandBias:-0.1,Multiplicity:1.03
0.911	0.047	0.041	0.001
0.833	0.074	0.055	0.038
0.817	0.163	0.019	0.001
0.566	0.001	0.070	0.363
0.022	0.001	0.976	0.001
0.133	0.103	0.670	0.094
0.001	0.001	0.997	0.001
0.663	0.180	0.052	0.105
0.829	0.068	0.102	0.001
0.118	0.066	0.763	0.053
0.149	0.001	0.049	0.801
0.001	0.001	0.969	0.029
>YTTTCAGTTCCY	16-YTTTCAGTTCCY	11.427677	-16.115478	0	T:12.0(0.17%),B:32.1(0.02%),P:1e-6	Tpos:62.0,Tstd:4.0,Bpos:6471.5,Bstd:8659.4,StrandBias:10.0,Multiplicity:1.00
0.158	0.283	0.172	0.387
0.042	0.148	0.035	0.775
0.001	0.120	0.082	0.797
0.001	0.019	0.104	0.876
0.034	0.822	0.069	0.075
0.780	0.001	0.001	0.218
0.064	0.141	0.657	0.138
0.071	0.174	0.094	0.661
0.038	0.113	0.166	0.683
0.037	0.805	0.064	0.094
0.130	0.549	0.001	0.320
0.182	0.311	0.168	0.339
>GSTCGGAWRWGA	17-GSTCGGAWRWGA	10.725689	-15.075830	0	T:31.0(0.43%),B:246.9(0.14%),P:1e-6	Tpos:101.1,Tstd:55.0,Bpos:1119.4,Bstd:3866.0,StrandBias:-0.4,Multiplicity:1.00
0.001	0.073	0.879	0.047
0.001	0.526	0.441	0.032
0.032	0.346	0.089	0.533
0.116	0.837	0.046	0.001
0.076	0.012	0.911	0.001
0.031	0.001	0.967	0.001
0.852	0.032	0.072	0.044
0.503	0.001	0.048	0.448
0.421	0.012	0.535	0.032
0.518	0.058	0.022	0.402
0.043	0.020	0.879	0.058
0.855	0.143	0.001	0.001
>GKCGTGCGCTMC	18-GKCGTGCGCTMC	12.515804	-8.163191	0	T:94.0(1.30%),B:1536.0(0.88%),P:1e-3	Tpos:102.3,Tstd:45.3,Bpos:330.2,Bstd:800.7,StrandBias:-0.5,Multiplicity:1.00
0.001	0.378	0.620	0.001
0.001	0.001	0.567	0.431
0.001	0.997	0.001	0.001
0.001	0.001	0.997	0.001
0.001	0.366	0.001	0.632
0.001	0.001	0.997	0.001
0.001	0.997	0.001	0.001
0.001	0.001	0.997	0.001
0.001	0.997	0.001	0.001
0.001	0.001	0.343	0.655
0.428	0.556	0.015	0.001
0.001	0.729	0.001	0.269
>CACACGCGCACA	19-CACACGCGCACA	9.044467	-7.176009	0	T:262.0(3.61%),B:5149.3(2.94%),P:1e-3	Tpos:97.4,Tstd:52.8,Bpos:2068.8,Bstd:7621.8,StrandBias:0.4,Multiplicity:1.00
0.069	0.812	0.093	0.026
0.765	0.089	0.088	0.058
0.071	0.799	0.106	0.024
0.742	0.104	0.070	0.084
0.087	0.673	0.137	0.103
0.082	0.126	0.703	0.089
0.085	0.733	0.103	0.079
0.108	0.134	0.663	0.095
0.069	0.796	0.103	0.032
0.716	0.103	0.089	0.092
0.050	0.849	0.065	0.036
0.748	0.090	0.081	0.081
>GCGCGTGTGCGC	20-GCGCGTGTGCGC	11.866143	-6.885662	0	T:70.0(0.96%),B:1124.2(0.64%),P:1e-2	Tpos:93.8,Tstd:46.1,Bpos:275.3,Bstd:336.5,StrandBias:1.0,Multiplicity:1.00
0.048	0.131	0.774	0.047
0.038	0.675	0.249	0.038
0.037	0.163	0.799	0.001
0.114	0.724	0.079	0.083
0.001	0.005	0.993	0.001
0.001	0.077	0.072	0.850
0.001	0.278	0.647	0.074
0.001	0.128	0.001	0.870
0.049	0.077	0.818	0.056
0.115	0.883	0.001	0.001
0.085	0.001	0.913	0.001
0.001	0.952	0.001	0.046
>TGBSTGTGTGTG	21-TGBSTGTGTGTG	10.806708	-4.185136	0	T:139.0(1.92%),B:2760.9(1.58%),P:1e-1	Tpos:89.0,Tstd:47.6,Bpos:4061.1,Bstd:9140.0,StrandBias:-0.6,Multiplicity:1.00
0.035	0.001	0.001	0.963
0.001	0.056	0.852	0.091
0.170	0.373	0.227	0.230
0.063	0.420	0.482	0.036
0.051	0.001	0.079	0.869
0.050	0.328	0.621	0.001
0.065	0.001	0.044	0.890
0.001	0.081	0.885	0.033
0.024	0.001	0.113	0.862
0.057	0.151	0.733	0.059
0.001	0.001	0.001	0.997
0.141	0.022	0.779	0.058
>TTCSATTCCATT	22-TTCSATTCCATT	12.071354	-1.578226	0	T:5.0(0.07%),B:74.9(0.04%),P:1e0	Tpos:108.1,Tstd:42.2,Bpos:16965.6,Bstd:7880.9,StrandBias:-0.7,Multiplicity:2.00
0.052	0.052	0.001	0.895
0.009	0.001	0.065	0.925
0.001	0.763	0.235	0.001
0.001	0.506	0.428	0.065
0.487	0.262	0.001	0.250
0.052	0.301	0.065	0.582
0.064	0.001	0.001	0.934
0.001	0.874	0.060	0.065
0.065	0.634	0.052	0.249
0.933	0.065	0.001	0.001
0.065	0.139	0.118	0.678
0.001	0.195	0.001	0.803
>CTTCYTTCCTYT	23-CTTCYTTCCTYT	11.918686	-1.557134	0	T:27.0(0.37%),B:546.2(0.31%),P:1e0	Tpos:105.1,Tstd:32.8,Bpos:6432.3,Bstd:11860.2,StrandBias:-0.3,Multiplicity:1.00
0.001	0.997	0.001	0.001
0.128	0.064	0.051	0.757
0.001	0.001	0.163	0.835
0.001	0.997	0.001	0.001
0.025	0.481	0.001	0.493
0.069	0.023	0.001	0.907
0.046	0.001	0.085	0.868
0.001	0.910	0.025	0.064
0.081	0.883	0.001	0.035
0.001	0.001	0.001	0.997
0.001	0.552	0.044	0.403
0.029	0.080	0.085	0.806
>TATAKTATRTAM	24-TATAKTATRTAM	12.110296	-1.396957	0	T:2.0(0.03%),B:22.7(0.01%),P:1e0	Tpos:140.7,Tstd:28.8,Bpos:8800.3,Bstd:7867.4,StrandBias:-10.0,Multiplicity:1.50
0.001	0.001	0.001	0.997
0.637	0.001	0.342	0.020
0.001	0.374	0.001	0.624
0.764	0.001	0.001	0.234
0.094	0.001	0.385	0.520
0.265	0.001	0.001	0.733
0.504	0.260	0.183	0.053
0.001	0.001	0.001	0.997
0.428	0.001	0.570	0.001
0.001	0.045	0.001	0.953
0.778	0.153	0.046	0.023
0.537	0.442	0.020	0.001
>ACACACASACAC	25-ACACACASACAC	11.650741	-1.026450	0	T:98.0(1.35%),B:2269.2(1.30%),P:1e0	Tpos:77.7,Tstd:31.7,Bpos:3567.0,Bstd:7184.9,StrandBias:1.0,Multiplicity:1.00
0.782	0.067	0.026	0.125
0.126	0.786	0.063	0.025
0.725	0.141	0.057	0.077
0.036	0.825	0.067	0.072
0.899	0.001	0.001	0.099
0.117	0.758	0.096	0.029
0.962	0.031	0.001	0.006
0.205	0.444	0.334	0.017
0.790	0.112	0.037	0.061
0.125	0.723	0.050	0.102
0.913	0.049	0.001	0.037
0.010	0.838	0.010	0.142
>GCCACGTG	1-GCCACGTG	6.123401	-1647.123632	0	T:2985.0(41.14%),B:23059.2(13.17%),P:1e-715	Tpos:99.5,Tstd:39.2,Bpos:4126.3,Bstd:11087.4,StrandBias:-0.0,Multiplicity:1.19
0.167	0.222	0.399	0.213
0.274	0.460	0.265	0.001
0.001	0.997	0.001	0.001
0.997	0.001	0.001	0.001
0.001	0.844	0.001	0.154
0.220	0.001	0.778	0.001
0.001	0.001	0.001	0.997
0.001	0.001	0.997	0.001
>ACGCGTGB	2-ACGCGTGB	5.031635	-1465.948696	0	T:4568.0(62.95%),B:54857.1(31.33%),P:1e-636	Tpos:99.4,Tstd:45.3,Bpos:1460.2,Bstd:5579.7,StrandBias:0.1,Multiplicity:1.31
0.483	0.303	0.097	0.117
0.152	0.620	0.145	0.083
0.229	0.001	0.495	0.275
0.003	0.840	0.001	0.156
0.312	0.001	0.578	0.109
0.045	0.054	0.034	0.867
0.017	0.096	0.829	0.058
0.192	0.343	0.241	0.225
>CACTTCCK	3-CACTTCCK	5.112384	-379.683145	0	T:4036.0(55.62%),B:68859.6(39.33%),P:1e-164	Tpos:98.7,Tstd:54.1,Bpos:4858.6,Bstd:21206.0,StrandBias:-0.0,Multiplicity:1.50
0.099	0.467	0.184	0.250
0.722	0.013	0.209	0.056
0.004	0.631	0.200	0.165
0.047	0.001	0.009	0.943
0.002	0.001	0.001	0.996
0.021	0.891	0.041	0.047
0.001	0.966	0.001	0.032
0.035	0.087	0.384	0.494
>TTGTGGTT	4-TTGTGGTT	-9.647934	-171.347372	0	T:6847.0(94.36%),B:153870.5(87.89%),P:1e-74	Tpos:98.0,Tstd:56.3,Bpos:3492.1,Bstd:14832.8,StrandBias:0.0,Multiplicity:1.92
0.218	0.001	0.001	0.780
0.001	0.001	0.001	0.997
0.001	0.001	0.997	0.001
0.001	0.001	0.001	0.997
0.001	0.001	0.997	0.001
0.001	0.001	0.997	0.001
0.001	0.001	0.001	0.997
0.001	0.001	0.001	0.997
>AGGCATGT	5-AGGCATGT	2.399224	-134.453059	0	T:7252.0(99.94%),B:171381.0(97.89%),P:1e-58	Tpos:98.0,Tstd:55.9,Bpos:2088.5,Bstd:10571.8,StrandBias:-0.0,Multiplicity:3.02
0.700	0.100	0.100	0.100
0.100	0.100	0.700	0.100
0.100	0.100	0.700	0.100
0.100	0.700	0.100	0.100
0.700	0.100	0.100	0.100
0.100	0.100	0.100	0.700
0.100	0.100	0.700	0.100
0.100	0.100	0.100	0.700
>TATGCAAA	6-TATGCAAA	2.399224	-113.132345	0	T:6570.0(90.55%),B:147985.3(84.53%),P:1e-49	Tpos:97.2,Tstd:56.5,Bpos:6879.1,Bstd:25257.5,StrandBias:-0.0,Multiplicity:2.01
0.100	0.100	0.100	0.700
0.700	0.100	0.100	0.100
0.100	0.100	0.100	0.700
0.100	0.100	0.700	0.100
0.100	0.700	0.100	0.100
0.700	0.100	0.100	0.100
0.700	0.100	0.100	0.100
0.700	0.100	0.100	0.100
>GCGTGGCC	7-GCGTGGCC	2.399224	-111.261760	0	T:7204.0(99.28%),B:169256.6(96.68%),P:1e-48	Tpos:99.6,Tstd:56.2,Bpos:799.3,Bstd:5404.0,StrandBias:0.0,Multiplicity:2.08
0.100	0.100	0.700	0.100
0.100	0.700	0.100	0.100
0.100	0.100	0.700	0.100
0.100	0.100	0.100	0.700
0.100	0.100	0.700	0.100
0.100	0.100	0.700	0.100
0.100	0.700	0.100	0.100
0.100	0.700	0.100	0.100
>YYTTTYTY	8-YYTTTYTY	3.402411	-85.335223	0	T:5557.0(76.58%),B:122039.4(69.71%),P:1e-37	Tpos:96.1,Tstd:58.9,Bpos:7974.7,Bstd:23254.8,StrandBias:0.0,Multiplicity:1.54
0.095	0.374	0.053	0.478
0.070	0.408	0.064	0.459
0.146	0.158	0.001	0.695
0.074	0.306	0.001	0.619
0.087	0.191	0.001	0.721
0.054	0.394	0.014	0.538
0.114	0.308	0.036	0.542
0.116	0.351	0.054	0.479
>CTTCCTTA	9-CTTCCTTA	-2.796750	-76.197423	0	T:5072.0(69.90%),B:110333.3(63.02%),P:1e-33	Tpos:96.3,Tstd:57.1,Bpos:6578.3,Bstd:23978.8,StrandBias:0.0,Multiplicity:1.61
0.001	0.997	0.001	0.001
0.001	0.001	0.001	0.997
0.001	0.001	0.001	0.997
0.001	0.997	0.001	0.001
0.001	0.997	0.001	0.001
0.001	0.001	0.001	0.997
0.001	0.045	0.009	0.945
0.970	0.001	0.001	0.028
>NNAAAAAA	10-NNAAAAAA	2.399003	-71.148885	0	T:5810.0(80.07%),B:129779.3(74.13%),P:1e-30	Tpos:96.0,Tstd:58.8,Bpos:10789.6,Bstd:26722.9,StrandBias:-0.0,Multiplicity:2.01
0.334	0.199	0.185	0.282
0.320	0.179	0.194	0.307
0.439	0.127	0.205	0.229
0.484	0.082	0.216	0.218
0.599	0.016	0.288	0.097
0.580	0.035	0.284	0.101
0.623	0.001	0.279	0.097
0.627	0.001	0.276	0.096
>GAAGTGAA	11-GAAGTGAA	10.199799	-53.738736	0	T:183.0(2.52%),B:1849.2(1.06%),P:1e-23	Tpos:90.7,Tstd:53.9,Bpos:5769.1,Bstd:11916.7,StrandBias:-0.1,Multiplicity:1.00
0.020	0.003	0.976	0.001
0.997	0.001	0.001	0.001
0.997	0.001	0.001	0.001
0.154	0.034	0.809	0.003
0.050	0.001	0.114	0.835
0.063	0.044	0.855	0.038
0.872	0.021	0.075	0.032
0.840	0.024	0.089	0.047
>CTTCCGGG	12-CTTCCGGG	2.399224	-53.082370	0	T:7246.0(99.86%),B:173059.3(98.85%),P:1e-23	Tpos:99.1,Tstd:56.2,Bpos:1135.5,Bstd:7538.5,StrandBias:0.0,Multiplicity:2.51
0.100	0.700	0.100	0.100
0.100	0.100	0.100	0.700
0.100	0.100	0.100	0.700
0.100	0.700	0.100	0.100
0.100	0.700	0.100	0.100
0.100	0.100	0.700	0.100
0.100	0.100	0.700	0.100
0.100	0.100	0.700	0.100
>TGGCTTCC	13-TGGCTTCC	2.399224	-42.154346	0	T:7256.0(100.00%),B:174033.2(99.41%),P:1e-18	Tpos:97.8,Tstd:56.7,Bpos:1080.6,Bstd:5397.3,StrandBias:-0.0,Multiplicity:3.12
0.100	0.100	0.100	0.700
0.100	0.100	0.700	0.100
0.100	0.100	0.700	0.100
0.100	0.700	0.100	0.100
0.100	0.100	0.100	0.700
0.100	0.100	0.100	0.700
0.100	0.700	0.100	0.100
0.100	0.700	0.100	0.100
>TCCTTTTW	14-TCCTTTTW	3.708626	-30.257700	0	T:4900.0(67.53%),B:110806.6(63.29%),P:1e-13	Tpos:97.8,Tstd:57.5,Bpos:9208.0,Bstd:28535.6,StrandBias:0.1,Multiplicity:1.58
0.001	0.001	0.001	0.997
0.029	0.705	0.001	0.265
0.001	0.972	0.001	0.026
0.039	0.174	0.001	0.786
0.037	0.231	0.035	0.697
0.123	0.038	0.048	0.791
0.099	0.227	0.195	0.478
0.302	0.177	0.130	0.391
>AAANWNAD	15-AAANWNAD	2.263381	-19.521205	0	T:5107.0(70.38%),B:117544.5(67.14%),P:1e-8	Tpos:97.1,Tstd:58.8,Bpos:10984.3,Bstd:27734.7,StrandBias:-0.0,Multiplicity:2.16
0.540	0.064	0.085	0.311
0.594	0.034	0.248	0.124
0.477	0.064	0.136	0.322
0.226	0.311	0.207	0.256
0.441	0.023	0.016	0.520
0.172	0.260	0.265	0.303
0.493	0.169	0.095	0.243
0.353	0.091	0.216	0.340
>CTTCCTGG	16-CTTCCTGG	9.576383	-3.648933	0	T:408.0(5.62%),B:8924.3(5.10%),P:1e-1	Tpos:102.8,Tstd:60.4,Bpos:3744.9,Bstd:14140.6,StrandBias:-0.0,Multiplicity:1.02
0.001	0.997	0.001	0.001
0.001	0.001	0.001	0.997
0.001	0.001	0.001	0.997
0.001	0.997	0.001	0.001
0.001	0.997	0.001	0.001
0.001	0.001	0.001	0.997
0.081	0.001	0.803	0.115
0.170	0.001	0.550	0.279
>RRAAGGAA	17-RRAAGGAA	7.304701	-0.022675	0	T:691.0(9.52%),B:17924.5(10.24%),P:1e0	Tpos:96.5,Tstd:61.6,Bpos:2068.0,Bstd:6769.6,StrandBias:-0.4,Multiplicity:1.00
0.390	0.102	0.474	0.034
0.471	0.004	0.524	0.001
0.608	0.193	0.198	0.001
0.945	0.001	0.053	0.001
0.163	0.001	0.835	0.001
0.159	0.001	0.839	0.001
0.614	0.117	0.268	0.001
0.847	0.001	0.151	0.001
>GGAAGGAA	18-GGAAGGAA	8.698076	-0.017535	0	T:172.0(2.37%),B:4849.2(2.77%),P:1e0	Tpos:3.0,Tstd:0.0,Bpos:263.0,Bstd:726.2,StrandBias:-10.0,Multiplicity:1.00
0.202	0.012	0.667	0.119
0.259	0.048	0.688	0.005
0.801	0.078	0.089	0.032
0.961	0.001	0.031	0.007
0.135	0.016	0.807	0.042
0.181	0.171	0.576	0.072
0.684	0.131	0.142	0.043
0.814	0.024	0.073	0.089
>TTCCTTYC	19-TTCCTTYC	7.166564	-0.012844	0	T:132.0(1.82%),B:3841.5(2.19%),P:1e0	Tpos:26.0,Tstd:0.0,Bpos:1364.4,Bstd:2478.8,StrandBias:10.0,Multiplicity:1.00
0.082	0.095	0.046	0.777
0.065	0.180	0.125	0.630
0.084	0.628	0.123	0.165
0.098	0.647	0.046	0.209
0.023	0.170	0.033	0.774
0.046	0.210	0.081	0.663
0.080	0.368	0.131	0.421
0.143	0.460	0.138	0.259
>TTCYTYYT	20-TTCYTYYT	7.010379	-0.000405	0	T:134.0(1.85%),B:4259.4(2.43%),P:1e0	Tpos:196.0,Tstd:0.0,Bpos:4876.2,Bstd:11864.0,StrandBias:-10.0,Multiplicity:1.00
0.171	0.092	0.001	0.736
0.001	0.225	0.169	0.605
0.020	0.899	0.076	0.005
0.001	0.571	0.001	0.427
0.001	0.159	0.001	0.839
0.031	0.330	0.199	0.440
0.086	0.409	0.091	0.414
0.154	0.219	0.143	0.484
>GGGGGGGG	21-GGGGGGGG	8.148770	-0.000137	0	T:110.0(1.52%),B:3684.5(2.10%),P:1e0	Tpos:114.0,Tstd:57.6,Bpos:758.8,Bstd:2926.3,StrandBias:1.0,Multiplicity:1.00
0.211	0.001	0.641	0.147
0.001	0.106	0.892	0.001
0.291	0.213	0.496	0.001
0.001	0.074	0.889	0.036
0.074	0.356	0.559	0.011
0.184	0.151	0.521	0.144
0.092	0.174	0.721	0.013
0.001	0.001	0.997	0.001
>CTTCCTAA	22-CTTCCTAA	10.349273	-0.000053	0	T:32.0(0.44%),B:1427.9(0.82%),P:1e0	Tpos:121.5,Tstd:42.2,Bpos:5797.9,Bstd:11368.9,StrandBias:0.0,Multiplicity:1.00
0.001	0.997	0.001	0.001
0.001	0.001	0.001	0.997
0.001	0.001	0.001	0.997
0.001	0.997	0.001	0.001
0.001	0.997	0.001	0.001
0.001	0.001	0.001	0.997
0.763	0.006	0.003	0.228
0.636	0.001	0.001	0.362
>CCCSCCCC	23-CCCSCCCC	5.176259	-0.000004	0	T:1618.0(22.30%),B:43027.8(24.58%),P:1e0	Tpos:100.6,Tstd:54.8,Bpos:379.1,Bstd:1848.1,StrandBias:-0.0,Multiplicity:1.00
0.077	0.480	0.222	0.221
0.069	0.536	0.224	0.171
0.213	0.485	0.143	0.160
0.120	0.413	0.304	0.163
0.145	0.742	0.068	0.045
0.189	0.401	0.163	0.246
0.109	0.518	0.246	0.127
0.096	0.462	0.194	0.248
>RGAAGGAA	24-RGAAGGAA	7.726056	-0.000002	0	T:360.0(4.96%),B:10951.0(6.26%),P:1e0	Tpos:97.7,Tstd:55.0,Bpos:3827.5,Bstd:9135.4,StrandBias:0.3,Multiplicity:1.00
0.502	0.036	0.411	0.051
0.207	0.018	0.769	0.006
0.716	0.097	0.160	0.027
0.908	0.021	0.070	0.001
0.285	0.001	0.632	0.082
0.118	0.030	0.851	0.001
0.554	0.181	0.257	0.008
0.997	0.001	0.001	0.001
>WWGSTTTT	25-WWGSTTTT	5.337860	-0.000000	0	T:154.0(2.12%),B:6525.9(3.73%),P:1e0	Tpos:113.3,Tstd:18.1,Bpos:5304.6,Bstd:11093.6,StrandBias:-1.0,Multiplicity:1.00
0.422	0.012	0.203	0.363
0.392	0.027	0.189	0.392
0.066	0.091	0.789	0.054
0.062	0.480	0.395	0.064
0.075	0.222	0.151	0.552
0.087	0.158	0.216	0.539
0.067	0.241	0.243	0.449
0.216	0.189	0.155	0.441
