>NRSCACGTGS	1-NRSCACGTGS	7.078292	-755.496711	0	T:1504.0(25.35%),B:13804.9(8.14%),P:1e-328	Tpos:25.4,Tstd:11.4,Bpos:1979.6,Bstd:6383.2,StrandBias:0.0,Multiplicity:1.03
0.290	0.209	0.305	0.195
0.377	0.169	0.347	0.107
0.166	0.456	0.345	0.033
0.001	0.997	0.001	0.001
0.827	0.001	0.097	0.075
0.001	0.736	0.001	0.262
0.292	0.001	0.706	0.001
0.048	0.123	0.001	0.828
0.001	0.001	0.997	0.001
0.022	0.325	0.428	0.226
>VCACGTGGNN	2-VCACGTGGNN	6.460953	-582.469396	0	T:1720.0(28.99%),B:20510.5(12.09%),P:1e-252	Tpos:25.1,Tstd:12.1,Bpos:878.2,Bstd:3807.1,StrandBias:0.1,Multiplicity:1.01
0.219	0.366	0.275	0.139
0.001	0.997	0.001	0.001
0.661	0.001	0.209	0.129
0.001	0.737	0.001	0.261
0.239	0.001	0.759	0.001
0.159	0.168	0.001	0.672
0.001	0.001	0.958	0.040
0.080	0.283	0.441	0.196
0.223	0.323	0.190	0.264
0.204	0.292	0.251	0.253
>NNNVCACGTG	3-NNNVCACGTG	6.640487	-523.838746	0	T:1223.0(20.61%),B:12289.7(7.24%),P:1e-227	Tpos:26.1,Tstd:14.7,Bpos:2056.9,Bstd:6286.2,StrandBias:-0.4,Multiplicity:1.00
0.227	0.257	0.258	0.258
0.239	0.238	0.288	0.235
0.255	0.252	0.319	0.174
0.274	0.382	0.283	0.061
0.104	0.894	0.001	0.001
0.642	0.001	0.212	0.145
0.001	0.794	0.001	0.204
0.271	0.001	0.727	0.001
0.139	0.196	0.001	0.664
0.001	0.001	0.987	0.011
>NNVCACGTGN	4-NNVCACGTGN	5.944043	-504.250910	0	T:905.0(15.25%),B:7365.4(4.34%),P:1e-218	Tpos:30.3,Tstd:12.4,Bpos:779.9,Bstd:2081.1,StrandBias:-1.0,Multiplicity:1.00
0.233	0.263	0.271	0.232
0.268	0.185	0.315	0.232
0.286	0.347	0.364	0.004
0.377	0.595	0.027	0.001
0.526	0.001	0.273	0.200
0.001	0.676	0.001	0.322
0.317	0.090	0.586	0.007
0.151	0.316	0.001	0.532
0.001	0.001	0.997	0.001
0.178	0.266	0.281	0.275
>NNNVCACGTG	5-NNNVCACGTG	6.631279	-479.740881	0	T:1058.0(17.83%),B:10128.8(5.97%),P:1e-208	Tpos:26.4,Tstd:16.4,Bpos:778.8,Bstd:2189.6,StrandBias:-0.3,Multiplicity:1.00
0.227	0.259	0.258	0.256
0.239	0.243	0.291	0.227
0.253	0.278	0.304	0.165
0.228	0.322	0.306	0.143
0.001	0.997	0.001	0.001
0.572	0.001	0.241	0.186
0.063	0.608	0.017	0.312
0.327	0.001	0.671	0.001
0.054	0.205	0.001	0.740
0.001	0.001	0.983	0.015
>NNVCACGTGC	6-NNVCACGTGC	7.221100	-347.276811	0	T:778.0(13.11%),B:7403.5(4.36%),P:1e-150	Tpos:24.4,Tstd:12.4,Bpos:349.3,Bstd:1646.6,StrandBias:0.9,Multiplicity:1.05
0.239	0.236	0.270	0.255
0.254	0.228	0.305	0.213
0.264	0.328	0.346	0.063
0.072	0.926	0.001	0.001
0.614	0.001	0.287	0.098
0.001	0.796	0.001	0.202
0.275	0.001	0.723	0.001
0.116	0.272	0.001	0.611
0.001	0.001	0.997	0.001
0.029	0.516	0.306	0.149
>CAYGTGBNNN	7-CAYGTGBNNN	5.895156	-260.214457	0	T:733.0(12.35%),B:8039.1(4.74%),P:1e-113	Tpos:19.8,Tstd:9.9,Bpos:2759.3,Bstd:5466.8,StrandBias:-1.0,Multiplicity:1.00
0.140	0.808	0.026	0.026
0.587	0.030	0.218	0.165
0.014	0.504	0.042	0.440
0.309	0.029	0.630	0.032
0.125	0.223	0.055	0.597
0.025	0.030	0.701	0.244
0.120	0.300	0.286	0.295
0.174	0.302	0.272	0.252
0.194	0.289	0.259	0.258
0.210	0.267	0.252	0.271
>NNRCACGTGS	8-NNRCACGTGS	7.525827	-247.432494	0	T:521.0(8.78%),B:4683.7(2.76%),P:1e-107	Tpos:46.0,Tstd:0.0,Bpos:4973.9,Bstd:3381.8,StrandBias:10.0,Multiplicity:1.00
0.246	0.217	0.307	0.229
0.285	0.244	0.261	0.210
0.371	0.220	0.304	0.105
0.135	0.863	0.001	0.001
0.768	0.001	0.226	0.005
0.001	0.848	0.001	0.150
0.279	0.001	0.719	0.001
0.153	0.182	0.001	0.664
0.001	0.001	0.924	0.074
0.029	0.400	0.362	0.209
>VCRCGTGNNN	9-VCRCGTGNNN	6.226758	-208.229534	0	T:379.0(6.39%),B:3030.4(1.79%),P:1e-90	Tpos:25.1,Tstd:9.3,Bpos:790.7,Bstd:2148.7,StrandBias:-2.6,Multiplicity:1.00
0.311	0.304	0.310	0.075
0.001	0.838	0.078	0.083
0.445	0.033	0.423	0.099
0.063	0.586	0.065	0.286
0.355	0.050	0.561	0.034
0.141	0.001	0.054	0.804
0.061	0.063	0.723	0.153
0.230	0.252	0.317	0.201
0.231	0.278	0.196	0.295
0.238	0.250	0.245	0.267
>BNVVCAYGTG	10-BNVVCAYGTG	8.089565	-140.107025	0	T:525.0(8.85%),B:6642.5(3.91%),P:1e-60	Tpos:25.3,Tstd:12.8,Bpos:2796.7,Bstd:8499.7,StrandBias:0.2,Multiplicity:1.00
0.134	0.361	0.291	0.214
0.236	0.233	0.319	0.212
0.318	0.292	0.309	0.082
0.310	0.330	0.276	0.084
0.001	0.997	0.001	0.001
0.868	0.001	0.130	0.001
0.001	0.455	0.001	0.543
0.001	0.001	0.997	0.001
0.012	0.079	0.001	0.908
0.001	0.001	0.997	0.001
>VCCRCRTGNB	11-VCCRCRTGNB	7.422113	-104.071517	0	T:412.0(6.94%),B:5335.1(3.14%),P:1e-45	Tpos:24.3,Tstd:11.2,Bpos:400.0,Bstd:1871.3,StrandBias:0.1,Multiplicity:1.00
0.282	0.227	0.366	0.126
0.221	0.425	0.221	0.133
0.245	0.732	0.022	0.001
0.372	0.001	0.407	0.219
0.001	0.959	0.001	0.039
0.434	0.001	0.564	0.001
0.001	0.001	0.001	0.997
0.001	0.001	0.997	0.001
0.183	0.258	0.284	0.275
0.155	0.254	0.331	0.261
>NNVVCACGTG	12-NNVVCACGTG	7.178158	-67.939322	0	T:175.0(2.95%),B:1795.5(1.06%),P:1e-29	Tpos:32.0,Tstd:19.8,Bpos:48.0,Bstd:80.5,StrandBias:1.0,Multiplicity:1.00
0.207	0.271	0.258	0.264
0.250	0.236	0.269	0.245
0.291	0.257	0.304	0.149
0.250	0.290	0.342	0.118
0.110	0.866	0.011	0.013
0.695	0.033	0.137	0.135
0.029	0.790	0.030	0.151
0.276	0.028	0.679	0.017
0.141	0.185	0.030	0.644
0.020	0.020	0.904	0.056
>SVCACGYGGB	13-SVCACGYGGB	8.115120	-35.096825	0	T:359.0(6.05%),B:6517.2(3.84%),P:1e-15	Tpos:25.6,Tstd:10.8,Bpos:367.9,Bstd:1980.3,StrandBias:-0.3,Multiplicity:1.00
0.221	0.380	0.247	0.152
0.321	0.353	0.269	0.056
0.001	0.997	0.001	0.001
0.997	0.001	0.001	0.001
0.001	0.631	0.001	0.367
0.001	0.001	0.997	0.001
0.231	0.447	0.001	0.321
0.001	0.001	0.954	0.044
0.041	0.278	0.478	0.204
0.062	0.393	0.259	0.287
>SCAYGYGKBN	14-SCAYGYGKBN	7.635791	-16.571996	0	T:56.0(0.94%),B:700.4(0.41%),P:1e-7	Tpos:17.3,Tstd:6.5,Bpos:519.1,Bstd:1175.5,StrandBias:-1.3,Multiplicity:1.00
0.223	0.325	0.395	0.057
0.001	0.997	0.001	0.001
0.947	0.001	0.051	0.001
0.001	0.550	0.001	0.448
0.001	0.001	0.997	0.001
0.213	0.430	0.001	0.356
0.001	0.010	0.724	0.265
0.152	0.205	0.381	0.262
0.175	0.331	0.230	0.264
0.274	0.233	0.190	0.302
>GGAAGTGAAA	15-GGAAGTGAAA	10.887988	-14.852795	0	T:32.0(0.54%),B:313.7(0.18%),P:1e-6	Tpos:23.3,Tstd:12.3,Bpos:4622.1,Bstd:7999.3,StrandBias:0.0,Multiplicity:1.00
0.166	0.001	0.814	0.019
0.139	0.117	0.722	0.022
0.951	0.047	0.001	0.001
0.914	0.001	0.001	0.084
0.076	0.311	0.612	0.001
0.001	0.170	0.001	0.828
0.180	0.026	0.731	0.063
0.757	0.001	0.241	0.001
0.848	0.001	0.131	0.020
0.827	0.033	0.123	0.017
>TCACTTCCTC	16-TCACTTCCTC	10.198632	-8.074603	0	T:19.0(0.32%),B:209.5(0.12%),P:1e-3	Tpos:24.4,Tstd:11.1,Bpos:3233.2,Bstd:6637.5,StrandBias:0.4,Multiplicity:1.00
0.103	0.191	0.104	0.602
0.175	0.587	0.093	0.145
0.748	0.012	0.152	0.088
0.014	0.620	0.151	0.215
0.088	0.016	0.008	0.888
0.009	0.029	0.082	0.880
0.084	0.825	0.020	0.071
0.019	0.863	0.008	0.110
0.006	0.190	0.294	0.510
0.040	0.551	0.197	0.212
>CRCRTGYKBN	17-CRCRTGYKBN	7.330406	-7.783701	0	T:16.0(0.27%),B:163.6(0.10%),P:1e-3	Tpos:23.5,Tstd:11.0,Bpos:738.3,Bstd:1745.0,StrandBias:0.0,Multiplicity:1.00
0.160	0.686	0.024	0.130
0.409	0.099	0.363	0.129
0.001	0.997	0.001	0.001
0.489	0.001	0.508	0.002
0.001	0.263	0.001	0.735
0.001	0.003	0.995	0.001
0.101	0.394	0.176	0.330
0.143	0.212	0.385	0.260
0.173	0.333	0.240	0.254
0.218	0.267	0.226	0.288
>AAGMGGAAGT	18-AAGMGGAAGT	8.822748	-5.729162	0	T:18.0(0.30%),B:241.0(0.14%),P:1e-2	Tpos:26.3,Tstd:11.0,Bpos:6555.5,Bstd:12611.9,StrandBias:1.8,Multiplicity:1.00
0.632	0.072	0.156	0.140
0.520	0.182	0.095	0.203
0.124	0.292	0.463	0.121
0.400	0.267	0.225	0.107
0.126	0.063	0.754	0.057
0.101	0.061	0.783	0.055
0.691	0.093	0.147	0.069
0.820	0.025	0.034	0.121
0.186	0.292	0.503	0.019
0.018	0.261	0.089	0.632
>GAACTGAAAM	19-GAACTGAAAM	10.549216	-2.167671	0	T:11.0(0.19%),B:204.5(0.12%),P:1e0	Tpos:11.3,Tstd:5.3,Bpos:7941.1,Bstd:13209.8,StrandBias:-10.0,Multiplicity:1.00
0.053	0.079	0.718	0.150
0.979	0.019	0.001	0.001
0.793	0.001	0.164	0.042
0.015	0.562	0.368	0.055
0.001	0.188	0.014	0.797
0.039	0.141	0.647	0.173
0.912	0.040	0.047	0.001
0.779	0.029	0.191	0.001
0.883	0.044	0.072	0.001
0.384	0.359	0.167	0.090
>CRCATGCKCN	20-CRCATGCKCN	6.306253	-0.710217	0	T:18.0(0.30%),B:502.9(0.30%),P:1e0	Tpos:20.0,Tstd:15.3,Bpos:861.4,Bstd:2443.0,StrandBias:1.0,Multiplicity:1.00
0.252	0.425	0.173	0.151
0.431	0.127	0.313	0.129
0.046	0.819	0.061	0.074
0.520	0.024	0.326	0.130
0.129	0.287	0.041	0.543
0.043	0.064	0.852	0.041
0.138	0.430	0.186	0.246
0.174	0.168	0.401	0.257
0.195	0.398	0.237	0.170
0.211	0.260	0.247	0.281
>GAAASMGGAA	21-GAAASMGGAA	10.124025	-0.417634	0	T:26.0(0.44%),B:795.9(0.47%),P:1e0	Tpos:24.9,Tstd:10.4,Bpos:4260.2,Bstd:8489.2,StrandBias:-0.2,Multiplicity:1.00
0.176	0.184	0.566	0.074
0.799	0.026	0.119	0.056
0.821	0.001	0.095	0.083
0.820	0.040	0.014	0.126
0.127	0.421	0.443	0.009
0.407	0.296	0.144	0.152
0.128	0.015	0.842	0.015
0.116	0.013	0.870	0.001
0.925	0.014	0.053	0.008
0.925	0.029	0.001	0.045
>AAACRGGAAG	22-AAACRGGAAG	8.582432	-0.349837	0	T:9.0(0.15%),B:296.6(0.17%),P:1e0	Tpos:20.7,Tstd:12.9,Bpos:3419.7,Bstd:8794.4,StrandBias:0.3,Multiplicity:1.00
0.606	0.019	0.153	0.222
0.683	0.009	0.267	0.041
0.448	0.133	0.161	0.258
0.140	0.473	0.292	0.095
0.418	0.196	0.375	0.012
0.160	0.011	0.825	0.004
0.094	0.152	0.749	0.005
0.696	0.046	0.194	0.064
0.732	0.046	0.141	0.081
0.241	0.238	0.441	0.080
>CRCRTGSBNN	23-CRCRTGSBNN	6.371060	-0.002065	0	T:10.0(0.17%),B:619.1(0.36%),P:1e0	Tpos:26.1,Tstd:12.2,Bpos:269.3,Bstd:519.9,StrandBias:-1.6,Multiplicity:1.00
0.313	0.541	0.145	0.001
0.337	0.112	0.361	0.190
0.001	0.997	0.001	0.001
0.510	0.001	0.488	0.001
0.013	0.413	0.001	0.573
0.083	0.001	0.915	0.001
0.163	0.376	0.242	0.219
0.153	0.230	0.329	0.288
0.209	0.307	0.287	0.197
0.238	0.282	0.221	0.259
>DCRYGTGNNN	24-DCRYGTGNNN	5.371198	-0.001878	0	T:66.0(1.11%),B:2638.4(1.55%),P:1e0	Tpos:9.0,Tstd:0.0,Bpos:5386.1,Bstd:9398.4,StrandBias:-10.0,Multiplicity:1.00
0.231	0.201	0.214	0.354
0.139	0.682	0.067	0.112
0.450	0.126	0.316	0.107
0.073	0.433	0.111	0.383
0.338	0.055	0.538	0.069
0.197	0.234	0.088	0.481
0.001	0.001	0.918	0.080
0.197	0.271	0.255	0.277
0.155	0.301	0.289	0.255
0.241	0.265	0.237	0.257
>VGGAAVYNNN	25-VGGAAVYNNN	7.202250	-0.000005	0	T:3.0(0.05%),B:499.7(0.29%),P:1e0	Tpos:31.7,Tstd:5.2,Bpos:3767.9,Bstd:7720.1,StrandBias:-1.0,Multiplicity:1.00
0.325	0.316	0.255	0.104
0.107	0.001	0.852	0.040
0.001	0.001	0.997	0.001
0.997	0.001	0.001	0.001
0.972	0.001	0.001	0.026
0.284	0.304	0.385	0.028
0.001	0.435	0.001	0.563
0.318	0.195	0.252	0.235
0.261	0.249	0.274	0.216
0.237	0.219	0.266	0.278
>NNRSCACGTGBN	1-NNRSCACGTGBN	6.967937	-640.312957	0	T:1317.0(22.20%),B:12214.8(7.20%),P:1e-278	Tpos:25.3,Tstd:11.0,Bpos:1190.0,Bstd:4569.6,StrandBias:-0.0,Multiplicity:1.02
0.259	0.296	0.242	0.204
0.231	0.249	0.293	0.227
0.326	0.176	0.324	0.175
0.177	0.426	0.348	0.049
0.023	0.975	0.001	0.001
0.775	0.001	0.127	0.097
0.001	0.791	0.010	0.198
0.225	0.016	0.758	0.001
0.114	0.161	0.010	0.715
0.001	0.001	0.985	0.013
0.096	0.279	0.380	0.244
0.184	0.303	0.221	0.292
>VCACGTGBNNNN	2-VCACGTGBNNNN	6.894365	-468.222498	0	T:855.0(14.41%),B:7032.4(4.14%),P:1e-203	Tpos:24.4,Tstd:14.6,Bpos:3453.8,Bstd:9529.6,StrandBias:-0.3,Multiplicity:1.00
0.267	0.332	0.299	0.101
0.001	0.997	0.001	0.001
0.615	0.002	0.292	0.091
0.001	0.694	0.011	0.294
0.326	0.034	0.639	0.001
0.115	0.270	0.009	0.606
0.001	0.001	0.997	0.001
0.099	0.286	0.371	0.245
0.190	0.283	0.276	0.251
0.248	0.246	0.247	0.259
0.234	0.223	0.302	0.240
0.248	0.259	0.296	0.198
>NNNNVCACGTGB	3-NNNNVCACGTGB	7.100902	-436.416130	0	T:806.0(13.59%),B:6668.6(3.93%),P:1e-189	Tpos:29.8,Tstd:10.6,Bpos:1148.5,Bstd:4540.9,StrandBias:0.7,Multiplicity:1.00
0.205	0.286	0.286	0.223
0.245	0.253	0.277	0.226
0.249	0.247	0.274	0.229
0.251	0.302	0.268	0.178
0.239	0.336	0.327	0.098
0.001	0.997	0.001	0.001
0.615	0.001	0.293	0.091
0.001	0.697	0.001	0.301
0.368	0.001	0.630	0.001
0.013	0.307	0.001	0.679
0.001	0.001	0.997	0.001
0.084	0.297	0.357	0.262
>VCACGTGBBNNV	4-VCACGTGBBNNV	7.811831	-427.335788	0	T:726.0(12.24%),B:5584.1(3.29%),P:1e-185	Tpos:30.0,Tstd:12.2,Bpos:710.4,Bstd:1718.8,StrandBias:0.2,Multiplicity:1.00
0.261	0.391	0.327	0.021
0.001	0.997	0.001	0.001
0.736	0.001	0.248	0.015
0.001	0.724	0.001	0.274
0.264	0.001	0.734	0.001
0.001	0.223	0.001	0.775
0.001	0.001	0.997	0.001
0.062	0.344	0.341	0.253
0.169	0.261	0.224	0.345
0.228	0.293	0.219	0.260
0.252	0.293	0.252	0.203
0.227	0.329	0.265	0.179
>NVCACGTGNNNN	5-NVCACGTGNNNN	7.070312	-199.372906	0	T:409.0(6.89%),B:3590.5(2.12%),P:1e-86	Tpos:24.7,Tstd:12.7,Bpos:1434.5,Bstd:3313.2,StrandBias:10.0,Multiplicity:1.00
0.253	0.262	0.291	0.195
0.247	0.299	0.311	0.143
0.001	0.997	0.001	0.001
0.681	0.001	0.317	0.001
0.001	0.663	0.001	0.335
0.392	0.001	0.606	0.001
0.114	0.255	0.003	0.628
0.001	0.001	0.997	0.001
0.197	0.259	0.326	0.219
0.190	0.325	0.240	0.245
0.247	0.204	0.293	0.255
0.247	0.261	0.265	0.227
>NCACGTGSNNNN	6-NCACGTGSNNNN	6.754114	-107.939629	0	T:261.0(4.40%),B:2562.5(1.51%),P:1e-46	Tpos:24.8,Tstd:10.9,Bpos:1807.5,Bstd:6144.0,StrandBias:-1.2,Multiplicity:1.00
0.289	0.249	0.261	0.201
0.001	0.997	0.001	0.001
0.493	0.001	0.327	0.180
0.001	0.640	0.002	0.357
0.350	0.013	0.636	0.001
0.159	0.323	0.001	0.517
0.001	0.001	0.997	0.001
0.195	0.468	0.336	0.001
0.212	0.221	0.269	0.297
0.254	0.258	0.237	0.251
0.275	0.191	0.198	0.336
0.280	0.177	0.267	0.275
>VVVCATGTGSNB	7-VVVCATGTGSNB	8.620979	-97.271253	0	T:197.0(3.32%),B:1709.5(1.01%),P:1e-42	Tpos:24.0,Tstd:10.9,Bpos:3182.5,Bstd:7062.0,StrandBias:-0.2,Multiplicity:1.01
0.306	0.269	0.271	0.154
0.336	0.208	0.270	0.185
0.241	0.359	0.329	0.071
0.042	0.956	0.001	0.001
0.939	0.046	0.014	0.001
0.001	0.001	0.099	0.899
0.001	0.080	0.918	0.001
0.073	0.149	0.007	0.771
0.032	0.001	0.966	0.001
0.117	0.384	0.265	0.234
0.253	0.235	0.214	0.299
0.173	0.288	0.195	0.345
>CAYGYGBNNNNV	8-CAYGYGBNNNNV	7.522856	-68.605867	0	T:206.0(3.47%),B:2313.3(1.36%),P:1e-29	Tpos:26.7,Tstd:13.4,Bpos:1687.8,Bstd:5679.4,StrandBias:-0.1,Multiplicity:1.00
0.001	0.997	0.001	0.001
0.562	0.001	0.319	0.118
0.001	0.553	0.001	0.445
0.001	0.001	0.997	0.001
0.121	0.370	0.001	0.508
0.001	0.021	0.977	0.001
0.001	0.373	0.364	0.262
0.165	0.258	0.280	0.297
0.193	0.230	0.267	0.310
0.209	0.229	0.291	0.270
0.222	0.232	0.316	0.230
0.287	0.329	0.382	0.001
>NNNVCACGTGNN	9-NNNVCACGTGNN	6.704393	-59.180304	0	T:144.0(2.43%),B:1428.7(0.84%),P:1e-25	Tpos:12.5,Tstd:2.5,Bpos:281.1,Bstd:315.8,StrandBias:10.0,Multiplicity:1.00
0.236	0.281	0.270	0.212
0.253	0.235	0.282	0.229
0.279	0.199	0.298	0.223
0.233	0.279	0.359	0.129
0.128	0.870	0.001	0.001
0.515	0.001	0.340	0.144
0.001	0.657	0.001	0.341
0.342	0.046	0.611	0.001
0.137	0.329	0.013	0.521
0.001	0.001	0.997	0.001
0.167	0.308	0.253	0.272
0.187	0.283	0.302	0.228
>SCRCGTGNNNNN	10-SCRCGTGNNNNN	6.631173	-27.105580	0	T:48.0(0.81%),B:391.1(0.23%),P:1e-11	Tpos:31.5,Tstd:2.5,Bpos:377.3,Bstd:450.6,StrandBias:0.0,Multiplicity:1.00
0.001	0.417	0.389	0.193
0.194	0.804	0.001	0.001
0.424	0.001	0.353	0.222
0.001	0.651	0.001	0.347
0.391	0.001	0.607	0.001
0.242	0.274	0.001	0.483
0.001	0.001	0.997	0.001
0.205	0.228	0.240	0.327
0.183	0.266	0.279	0.272
0.244	0.272	0.214	0.269
0.229	0.217	0.292	0.263
0.260	0.242	0.277	0.222
>GTTTCASTTCCT	11-GTTTCASTTCCT	12.358332	-24.711932	0	T:24.0(0.40%),B:108.2(0.06%),P:1e-10	Tpos:25.7,Tstd:13.2,Bpos:4308.7,Bstd:6280.1,StrandBias:-0.2,Multiplicity:1.00
0.132	0.209	0.428	0.231
0.001	0.001	0.001	0.997
0.001	0.272	0.026	0.701
0.001	0.118	0.001	0.880
0.096	0.692	0.121	0.091
0.805	0.001	0.117	0.077
0.001	0.461	0.517	0.021
0.095	0.001	0.001	0.903
0.001	0.001	0.001	0.997
0.001	0.950	0.001	0.048
0.070	0.803	0.041	0.086
0.001	0.299	0.001	0.699
>TCACTTCCTCTT	12-TCACTTCCTCTT	10.381577	-16.298971	0	T:75.0(1.26%),B:1074.8(0.63%),P:1e-7	Tpos:25.0,Tstd:11.8,Bpos:3306.2,Bstd:6785.9,StrandBias:0.0,Multiplicity:1.00
0.001	0.320	0.071	0.608
0.115	0.752	0.001	0.132
0.942	0.001	0.033	0.024
0.024	0.596	0.314	0.066
0.047	0.001	0.001	0.951
0.001	0.001	0.001	0.997
0.001	0.965	0.001	0.033
0.001	0.983	0.001	0.015
0.001	0.311	0.028	0.660
0.001	0.576	0.232	0.191
0.253	0.067	0.001	0.679
0.170	0.050	0.014	0.766
>CACTTCTGCTTT	13-CACTTCTGCTTT	13.137396	-14.195457	0	T:13.0(0.22%),B:58.3(0.03%),P:1e-6	Tpos:20.8,Tstd:11.9,Bpos:4405.7,Bstd:7007.9,StrandBias:1.2,Multiplicity:1.00
0.001	0.936	0.062	0.001
0.936	0.062	0.001	0.001
0.001	0.762	0.236	0.001
0.053	0.001	0.001	0.945
0.001	0.001	0.001	0.997
0.001	0.997	0.001	0.001
0.088	0.001	0.001	0.910
0.001	0.052	0.877	0.070
0.001	0.997	0.001	0.001
0.001	0.001	0.001	0.997
0.001	0.080	0.001	0.918
0.089	0.001	0.080	0.830
>NVVGCRCATGYG	14-NVVGCRCATGYG	9.285254	-11.214086	0	T:24.0(0.40%),B:240.3(0.14%),P:1e-4	Tpos:28.4,Tstd:10.4,Bpos:1902.1,Bstd:4569.2,StrandBias:-0.3,Multiplicity:1.00
0.257	0.239	0.283	0.221
0.347	0.209	0.290	0.154
0.359	0.241	0.228	0.171
0.142	0.271	0.530	0.057
0.076	0.922	0.001	0.001
0.488	0.069	0.436	0.007
0.001	0.992	0.006	0.001
0.799	0.001	0.199	0.001
0.007	0.275	0.001	0.717
0.001	0.001	0.995	0.003
0.051	0.295	0.223	0.431
0.050	0.182	0.606	0.162
>CACGMGGCDSVB	15-CACGMGGCDSVB	9.978173	-8.961781	0	T:44.0(0.74%),B:670.3(0.40%),P:1e-3	Tpos:20.1,Tstd:9.8,Bpos:537.9,Bstd:2035.8,StrandBias:-0.9,Multiplicity:1.00
0.001	0.997	0.001	0.001
0.997	0.001	0.001	0.001
0.001	0.997	0.001	0.001
0.001	0.001	0.997	0.001
0.397	0.425	0.001	0.178
0.001	0.001	0.997	0.001
0.001	0.310	0.688	0.001
0.116	0.438	0.271	0.175
0.253	0.082	0.310	0.354
0.145	0.321	0.373	0.161
0.279	0.265	0.324	0.132
0.123	0.314	0.333	0.231
>GTGCACATGTGV	16-GTGCACATGTGV	10.723192	-7.123439	0	T:8.0(0.13%),B:51.2(0.03%),P:1e-3	Tpos:25.9,Tstd:9.2,Bpos:3971.7,Bstd:6733.3,StrandBias:0.0,Multiplicity:1.00
0.073	0.253	0.433	0.241
0.252	0.184	0.155	0.409
0.074	0.194	0.671	0.061
0.064	0.855	0.014	0.067
0.631	0.013	0.320	0.036
0.001	0.933	0.022	0.044
0.910	0.004	0.064	0.022
0.001	0.320	0.001	0.678
0.021	0.001	0.977	0.001
0.067	0.220	0.174	0.539
0.014	0.200	0.705	0.081
0.245	0.338	0.228	0.188
>CCACNAGGTGGC	17-CCACNAGGTGGC	13.282388	-6.790864	0	T:8.0(0.13%),B:54.5(0.03%),P:1e-2	Tpos:21.2,Tstd:11.4,Bpos:1141.0,Bstd:2033.8,StrandBias:0.7,Multiplicity:1.00
0.055	0.821	0.095	0.029
0.001	0.910	0.088	0.001
0.838	0.001	0.160	0.001
0.001	0.794	0.204	0.001
0.223	0.319	0.241	0.218
0.863	0.028	0.022	0.087
0.001	0.001	0.997	0.001
0.175	0.001	0.780	0.044
0.021	0.040	0.344	0.595
0.001	0.044	0.954	0.001
0.052	0.070	0.877	0.001
0.032	0.966	0.001	0.001
>SSKRCCGCGTGS	18-SSKRCCGCGTGS	10.703157	-4.365753	0	T:19.0(0.32%),B:299.2(0.18%),P:1e-1	Tpos:23.1,Tstd:11.3,Bpos:303.3,Bstd:700.1,StrandBias:0.5,Multiplicity:1.00
0.001	0.356	0.467	0.176
0.159	0.369	0.316	0.156
0.139	0.215	0.370	0.275
0.421	0.172	0.325	0.082
0.001	0.559	0.400	0.040
0.036	0.933	0.030	0.001
0.001	0.001	0.790	0.208
0.001	0.997	0.001	0.001
0.125	0.001	0.873	0.001
0.001	0.001	0.001	0.997
0.001	0.001	0.997	0.001
0.001	0.471	0.323	0.205
>NVSCACGMGGSN	19-NVSCACGMGGSN	10.019078	-4.264800	0	T:15.0(0.25%),B:219.3(0.13%),P:1e-1	Tpos:23.3,Tstd:11.6,Bpos:188.3,Bstd:260.7,StrandBias:-2.3,Multiplicity:1.00
0.242	0.265	0.320	0.173
0.271	0.298	0.312	0.118
0.220	0.369	0.391	0.021
0.001	0.997	0.001	0.001
0.997	0.001	0.001	0.001
0.001	0.997	0.001	0.001
0.001	0.001	0.997	0.001
0.427	0.571	0.001	0.001
0.001	0.001	0.997	0.001
0.001	0.375	0.623	0.001
0.191	0.346	0.276	0.187
0.199	0.296	0.287	0.218
>GAAACAGGAAGT	20-GAAACAGGAAGT	11.327399	-3.129318	0	T:14.0(0.24%),B:234.7(0.14%),P:1e-1	Tpos:19.8,Tstd:11.4,Bpos:2978.9,Bstd:9203.9,StrandBias:0.7,Multiplicity:1.00
0.192	0.178	0.571	0.059
0.795	0.017	0.187	0.001
0.739	0.001	0.229	0.031
0.621	0.126	0.102	0.151
0.206	0.496	0.297	0.001
0.663	0.190	0.133	0.014
0.001	0.001	0.997	0.001
0.031	0.001	0.967	0.001
0.941	0.001	0.057	0.001
0.997	0.001	0.001	0.001
0.244	0.169	0.534	0.053
0.014	0.299	0.207	0.480
>NNNCAYGHGGNN	21-NNNCAYGHGGNN	8.244269	-2.829194	0	T:11.0(0.19%),B:179.1(0.11%),P:1e-1	Tpos:20.1,Tstd:11.7,Bpos:870.6,Bstd:2818.8,StrandBias:0.8,Multiplicity:1.00
0.232	0.299	0.269	0.200
0.233	0.305	0.284	0.178
0.202	0.327	0.262	0.208
0.001	0.997	0.001	0.001
0.997	0.001	0.001	0.001
0.003	0.518	0.001	0.478
0.005	0.001	0.993	0.001
0.386	0.332	0.001	0.281
0.001	0.001	0.997	0.001
0.004	0.290	0.527	0.179
0.188	0.281	0.289	0.243
0.223	0.303	0.253	0.222
>SCACGCGSCCNN	22-SCACGCGSCCNN	9.653166	-1.860062	0	T:8.0(0.13%),B:147.9(0.09%),P:1e0	Tpos:38.2,Tstd:5.4,Bpos:226.0,Bstd:280.5,StrandBias:-10.0,Multiplicity:1.00
0.220	0.447	0.332	0.001
0.001	0.997	0.001	0.001
0.873	0.001	0.001	0.125
0.001	0.741	0.001	0.257
0.001	0.039	0.959	0.001
0.367	0.631	0.001	0.001
0.020	0.246	0.699	0.035
0.001	0.354	0.485	0.160
0.060	0.457	0.227	0.256
0.001	0.453	0.291	0.255
0.267	0.251	0.242	0.240
0.302	0.211	0.301	0.186
>WDMCCTCGTGTA	23-WDMCCTCGTGTA	10.173174	-1.223008	0	T:11.0(0.19%),B:256.5(0.15%),P:1e0	Tpos:22.7,Tstd:9.5,Bpos:923.5,Bstd:3084.4,StrandBias:0.3,Multiplicity:1.00
0.399	0.218	0.080	0.303
0.215	0.167	0.352	0.266
0.491	0.377	0.131	0.001
0.001	0.697	0.301	0.001
0.001	0.997	0.001	0.001
0.001	0.001	0.394	0.604
0.001	0.997	0.001	0.001
0.001	0.001	0.997	0.001
0.001	0.001	0.001	0.997
0.001	0.001	0.997	0.001
0.001	0.248	0.168	0.583
0.480	0.140	0.235	0.144
>GTGGGGGAGGGG	24-GTGGGGGAGGGG	15.808044	-0.967311	0	T:13.0(0.22%),B:331.6(0.20%),P:1e0	Tpos:24.1,Tstd:12.7,Bpos:806.7,Bstd:3452.3,StrandBias:0.8,Multiplicity:1.00
0.075	0.034	0.890	0.001
0.090	0.001	0.085	0.824
0.001	0.001	0.981	0.017
0.001	0.023	0.975	0.001
0.071	0.042	0.886	0.001
0.001	0.019	0.979	0.001
0.001	0.014	0.984	0.001
0.959	0.001	0.001	0.039
0.043	0.001	0.955	0.001
0.016	0.001	0.944	0.039
0.032	0.020	0.918	0.030
0.040	0.001	0.920	0.039
>CGCGTGYBSBGB	25-CGCGTGYBSBGB	9.339510	-0.154164	0	T:12.0(0.20%),B:450.0(0.27%),P:1e0	Tpos:32.4,Tstd:12.0,Bpos:318.9,Bstd:596.7,StrandBias:1.2,Multiplicity:1.00
0.103	0.714	0.146	0.037
0.001	0.027	0.671	0.301
0.001	0.934	0.001	0.064
0.277	0.001	0.721	0.001
0.001	0.001	0.001	0.997
0.001	0.001	0.997	0.001
0.030	0.439	0.234	0.296
0.153	0.234	0.271	0.343
0.123	0.357	0.325	0.195
0.179	0.247	0.331	0.244
0.178	0.264	0.440	0.117
0.091	0.297	0.362	0.251
>GSCACGTG	1-GSCACGTG	6.560342	-683.526374	0	T:1752.0(29.53%),B:19322.5(11.39%),P:1e-296	Tpos:25.4,Tstd:11.9,Bpos:2234.5,Bstd:6930.5,StrandBias:-0.0,Multiplicity:1.04
0.210	0.206	0.443	0.142
0.206	0.386	0.391	0.018
0.009	0.989	0.001	0.001
0.867	0.001	0.075	0.057
0.001	0.813	0.001	0.185
0.204	0.001	0.794	0.001
0.028	0.033	0.001	0.938
0.001	0.001	0.997	0.001
>CACGTGGY	2-CACGTGGY	6.262193	-566.976731	0	T:1560.0(26.29%),B:17705.4(10.43%),P:1e-246	Tpos:20.4,Tstd:13.9,Bpos:739.9,Bstd:3259.7,StrandBias:-1.3,Multiplicity:1.00
0.068	0.768	0.043	0.121
0.668	0.001	0.160	0.171
0.022	0.594	0.046	0.338
0.236	0.001	0.762	0.001
0.174	0.207	0.001	0.618
0.007	0.001	0.835	0.157
0.141	0.001	0.605	0.253
0.127	0.392	0.186	0.295
>BVCACGTG	3-BVCACGTG	6.735006	-463.622169	0	T:1191.0(20.07%),B:12685.5(7.48%),P:1e-201	Tpos:26.7,Tstd:12.4,Bpos:4830.9,Bstd:9935.6,StrandBias:-0.4,Multiplicity:1.00
0.121	0.277	0.297	0.306
0.242	0.312	0.330	0.116
0.098	0.900	0.001	0.001
0.690	0.001	0.186	0.123
0.001	0.771	0.001	0.227
0.353	0.038	0.608	0.001
0.062	0.171	0.001	0.766
0.001	0.001	0.982	0.016
>MCACATGB	4-MCACATGB	6.209776	-389.099172	0	T:2424.0(40.86%),B:41013.5(24.17%),P:1e-168	Tpos:25.3,Tstd:12.3,Bpos:2090.1,Bstd:7040.6,StrandBias:0.1,Multiplicity:1.05
0.387	0.354	0.101	0.159
0.142	0.856	0.001	0.001
0.485	0.001	0.291	0.223
0.001	0.997	0.001	0.001
0.579	0.001	0.419	0.001
0.001	0.001	0.001	0.997
0.001	0.001	0.997	0.001
0.035	0.359	0.328	0.277
>CACGYGBT	5-CACGYGBT	6.032714	-214.639275	0	T:647.0(10.91%),B:7345.5(4.33%),P:1e-93	Tpos:25.5,Tstd:14.9,Bpos:707.4,Bstd:4651.2,StrandBias:-1.6,Multiplicity:1.00
0.168	0.802	0.001	0.029
0.630	0.001	0.281	0.088
0.001	0.678	0.001	0.320
0.320	0.001	0.657	0.022
0.071	0.427	0.001	0.501
0.054	0.034	0.629	0.283
0.140	0.337	0.247	0.275
0.157	0.247	0.171	0.426
>AMCRCRTG	6-AMCRCRTG	6.386707	-165.296543	0	T:483.0(8.14%),B:5352.3(3.15%),P:1e-71	Tpos:43.5,Tstd:3.5,Bpos:1768.4,Bstd:5923.9,StrandBias:10.0,Multiplicity:1.00
0.490	0.121	0.182	0.207
0.326	0.387	0.137	0.150
0.248	0.667	0.048	0.037
0.491	0.010	0.434	0.065
0.010	0.827	0.010	0.153
0.415	0.024	0.537	0.024
0.161	0.221	0.044	0.574
0.020	0.020	0.838	0.122
>CACGTGDK	7-CACGTGDK	6.423931	-158.870605	0	T:338.0(5.70%),B:3040.6(1.79%),P:1e-68	Tpos:19.3,Tstd:18.9,Bpos:1109.1,Bstd:3248.2,StrandBias:-1.0,Multiplicity:1.00
0.001	0.992	0.001	0.006
0.691	0.001	0.186	0.122
0.017	0.608	0.017	0.358
0.181	0.001	0.738	0.080
0.162	0.335	0.001	0.502
0.066	0.048	0.611	0.275
0.261	0.122	0.301	0.316
0.194	0.129	0.295	0.382
>CACGYGNN	8-CACGYGNN	5.496972	-140.291522	0	T:551.0(9.29%),B:7135.4(4.21%),P:1e-60	Tpos:27.6,Tstd:11.8,Bpos:332.2,Bstd:1357.9,StrandBias:0.0,Multiplicity:1.02
0.220	0.755	0.009	0.016
0.665	0.015	0.226	0.094
0.045	0.588	0.001	0.366
0.217	0.001	0.684	0.098
0.171	0.360	0.001	0.468
0.144	0.096	0.543	0.217
0.208	0.338	0.214	0.241
0.249	0.267	0.205	0.279
>CACGTGNA	9-CACGTGNA	7.216428	-116.815441	0	T:433.0(7.30%),B:5435.1(3.20%),P:1e-50	Tpos:18.8,Tstd:11.9,Bpos:5678.7,Bstd:11148.9,StrandBias:-0.2,Multiplicity:1.00
0.001	0.997	0.001	0.001
0.771	0.001	0.098	0.130
0.001	0.599	0.001	0.399
0.213	0.001	0.785	0.001
0.001	0.222	0.001	0.776
0.001	0.001	0.933	0.065
0.199	0.262	0.248	0.290
0.411	0.200	0.247	0.141
>CAYGTGRS	10-CAYGTGRS	7.877055	-10.248631	0	T:156.0(2.63%),B:3170.2(1.87%),P:1e-4	Tpos:28.8,Tstd:14.7,Bpos:3806.9,Bstd:7826.2,StrandBias:-1.6,Multiplicity:1.00
0.001	0.997	0.001	0.001
0.804	0.001	0.194	0.001
0.001	0.439	0.001	0.559
0.111	0.001	0.887	0.001
0.077	0.153	0.001	0.769
0.001	0.001	0.997	0.001
0.276	0.199	0.375	0.150
0.150	0.423	0.352	0.075
>WRAGCACG	11-WRAGCACG	6.988905	-3.030422	0	T:29.0(0.49%),B:587.7(0.35%),P:1e-1	Tpos:23.0,Tstd:10.0,Bpos:2246.3,Bstd:6771.3,StrandBias:10.0,Multiplicity:1.00
0.354	0.185	0.153	0.308
0.385	0.129	0.368	0.118
0.539	0.202	0.143	0.116
0.092	0.342	0.565	0.001
0.001	0.997	0.001	0.001
0.959	0.012	0.001	0.028
0.010	0.708	0.074	0.208
0.354	0.031	0.589	0.026
>RCGTGCCC	12-RCGTGCCC	4.778520	-1.641643	0	T:2879.0(48.53%),B:81353.0(47.95%),P:1e0	Tpos:25.1,Tstd:13.0,Bpos:2055.2,Bstd:8099.7,StrandBias:0.1,Multiplicity:1.12
0.546	0.001	0.452	0.001
0.001	0.920	0.001	0.078
0.388	0.001	0.610	0.001
0.001	0.001	0.001	0.997
0.001	0.001	0.997	0.001
0.001	0.678	0.177	0.144
0.179	0.424	0.202	0.196
0.103	0.555	0.087	0.255
>ACRCATGT	13-ACRCATGT	8.209322	-0.349791	0	T:13.0(0.22%),B:420.5(0.25%),P:1e0	Tpos:12.1,Tstd:6.0,Bpos:2269.5,Bstd:5182.4,StrandBias:0.4,Multiplicity:1.00
0.581	0.122	0.236	0.061
0.001	0.963	0.035	0.001
0.340	0.001	0.434	0.225
0.001	0.847	0.001	0.151
0.595	0.001	0.403	0.001
0.001	0.001	0.001	0.997
0.001	0.001	0.997	0.001
0.085	0.269	0.186	0.461
>GCGTGCWH	14-GCGTGCWH	7.357081	-0.150364	0	T:18.0(0.30%),B:648.5(0.38%),P:1e0	Tpos:27.5,Tstd:11.1,Bpos:1367.3,Bstd:4439.3,StrandBias:0.2,Multiplicity:1.00
0.411	0.001	0.587	0.001
0.001	0.997	0.001	0.001
0.408	0.001	0.590	0.001
0.001	0.001	0.001	0.997
0.001	0.001	0.997	0.001
0.001	0.550	0.114	0.335
0.313	0.067	0.229	0.391
0.232	0.288	0.156	0.324
>CAYGYRNN	15-CAYGYRNN	6.275316	-0.061335	0	T:5.0(0.08%),B:255.5(0.15%),P:1e0	Tpos:42.0,Tstd:0.0,Bpos:1190.8,Bstd:3184.6,StrandBias:-10.0,Multiplicity:1.00
0.001	0.961	0.001	0.037
0.733	0.001	0.194	0.072
0.001	0.481	0.001	0.517
0.119	0.001	0.879	0.001
0.027	0.537	0.001	0.435
0.485	0.001	0.513	0.001
0.317	0.248	0.208	0.227
0.247	0.290	0.235	0.227
>CGCGTGSN	16-CGCGTGSN	7.241771	-0.009938	0	T:45.0(0.76%),B:1781.2(1.05%),P:1e0	Tpos:25.4,Tstd:12.2,Bpos:332.7,Bstd:901.9,StrandBias:0.4,Multiplicity:1.00
0.298	0.583	0.094	0.025
0.264	0.001	0.591	0.144
0.019	0.871	0.001	0.109
0.350	0.001	0.648	0.001
0.001	0.039	0.001	0.959
0.001	0.001	0.892	0.106
0.137	0.427	0.308	0.128
0.238	0.249	0.214	0.300
>AACTGRAA	17-AACTGRAA	9.233144	-0.005236	0	T:37.0(0.62%),B:1562.8(0.92%),P:1e0	Tpos:25.7,Tstd:11.3,Bpos:7870.6,Bstd:10900.0,StrandBias:-0.6,Multiplicity:1.03
0.997	0.001	0.001	0.001
0.997	0.001	0.001	0.001
0.001	0.593	0.405	0.001
0.285	0.186	0.044	0.485
0.001	0.001	0.997	0.001
0.551	0.001	0.447	0.001
0.997	0.001	0.001	0.001
0.997	0.001	0.001	0.001
>CACTTCCT	18-CACTTCCT	10.369886	-0.000048	0	T:73.0(1.23%),B:3186.9(1.88%),P:1e0	Tpos:26.4,Tstd:11.7,Bpos:2682.0,Bstd:7419.1,StrandBias:-0.2,Multiplicity:1.03
0.033	0.860	0.065	0.042
0.935	0.001	0.063	0.001
0.001	0.793	0.130	0.076
0.032	0.001	0.001	0.966
0.001	0.001	0.001	0.997
0.006	0.981	0.001	0.012
0.001	0.997	0.001	0.001
0.001	0.089	0.100	0.810
>CACRCGCG	19-CACRCGCG	8.635132	-0.000009	0	T:47.0(0.79%),B:2365.6(1.39%),P:1e0	Tpos:30.9,Tstd:12.6,Bpos:269.6,Bstd:1072.7,StrandBias:-0.4,Multiplicity:1.00
0.043	0.955	0.001	0.001
0.691	0.001	0.195	0.113
0.001	0.913	0.001	0.085
0.487	0.001	0.470	0.042
0.001	0.871	0.001	0.127
0.236	0.001	0.762	0.001
0.043	0.673	0.043	0.241
0.343	0.001	0.655	0.001
>CACACACG	20-CACACACG	10.535618	-0.000000	0	T:59.0(0.99%),B:3056.0(1.80%),P:1e0	Tpos:26.1,Tstd:14.7,Bpos:1836.2,Bstd:6110.2,StrandBias:1.2,Multiplicity:1.00
0.001	0.997	0.001	0.001
0.857	0.001	0.141	0.001
0.001	0.997	0.001	0.001
0.956	0.001	0.042	0.001
0.001	0.997	0.001	0.001
0.742	0.001	0.256	0.001
0.001	0.956	0.001	0.042
0.001	0.001	0.997	0.001
>MGGAAGTG	21-MGGAAGTG	8.605918	-0.000000	0	T:45.0(0.76%),B:2644.0(1.56%),P:1e0	Tpos:24.3,Tstd:12.9,Bpos:522.8,Bstd:2095.1,StrandBias:0.3,Multiplicity:1.02
0.411	0.458	0.130	0.001
0.069	0.007	0.906	0.018
0.119	0.025	0.801	0.055
0.934	0.001	0.024	0.041
0.870	0.080	0.001	0.049
0.224	0.133	0.599	0.044
0.025	0.153	0.034	0.788
0.149	0.122	0.654	0.075
>TTYCWCTT	22-TTYCWCTT	6.373978	-0.000000	0	T:407.0(6.86%),B:23735.9(13.99%),P:1e0	Tpos:23.5,Tstd:13.1,Bpos:6132.4,Bstd:15121.2,StrandBias:0.1,Multiplicity:1.05
0.001	0.046	0.124	0.829
0.019	0.088	0.089	0.804
0.045	0.494	0.019	0.442
0.001	0.997	0.001	0.001
0.299	0.141	0.185	0.375
0.029	0.832	0.138	0.001
0.039	0.001	0.116	0.844
0.001	0.028	0.001	0.970
>TTCTCTTT	23-TTCTCTTT	10.526751	-0.000000	0	T:24.0(0.40%),B:3119.2(1.84%),P:1e0	Tpos:24.4,Tstd:13.4,Bpos:6895.4,Bstd:10822.6,StrandBias:0.2,Multiplicity:1.00
0.001	0.001	0.001	0.997
0.001	0.202	0.001	0.796
0.001	0.997	0.001	0.001
0.071	0.001	0.001	0.927
0.001	0.997	0.001	0.001
0.001	0.001	0.001	0.997
0.001	0.001	0.001	0.997
0.108	0.001	0.108	0.783
>AAAGAGRA	24-AAAGAGRA	1.020538	-0.000000	0	T:1524.0(25.69%),B:93549.2(55.13%),P:1e0	Tpos:24.6,Tstd:13.2,Bpos:7241.5,Bstd:19506.7,StrandBias:0.0,Multiplicity:1.15
0.538	0.256	0.132	0.074
0.997	0.001	0.001	0.001
0.997	0.001	0.001	0.001
0.001	0.001	0.997	0.001
0.650	0.001	0.006	0.343
0.001	0.001	0.997	0.001
0.488	0.001	0.510	0.001
0.997	0.001	0.001	0.001
>AGAGRAAA	25-AGAGRAAA	1.121175	-0.000000	0	T:1217.0(20.51%),B:83702.2(49.33%),P:1e0	Tpos:23.5,Tstd:14.2,Bpos:6495.0,Bstd:14251.0,StrandBias:0.1,Multiplicity:1.08
0.997	0.001	0.001	0.001
0.001	0.001	0.997	0.001
0.705	0.001	0.001	0.293
0.408	0.001	0.590	0.001
0.544	0.001	0.454	0.001
0.997	0.001	0.001	0.001
0.591	0.001	0.407	0.001
0.523	0.158	0.318	0.001
