>GSCACGTG	1-GSCACGTG	6.560342	-683.526374	0	T:1752.0(29.53%),B:19322.5(11.39%),P:1e-296	Tpos:25.4,Tstd:11.9,Bpos:2234.5,Bstd:6930.5,StrandBias:-0.0,Multiplicity:1.04
0.210	0.206	0.443	0.142
0.206	0.386	0.391	0.018
0.009	0.989	0.001	0.001
0.867	0.001	0.075	0.057
0.001	0.813	0.001	0.185
0.204	0.001	0.794	0.001
0.028	0.033	0.001	0.938
0.001	0.001	0.997	0.001
>CACGTGGY	2-CACGTGGY	6.262193	-566.976731	0	T:1560.0(26.29%),B:17705.4(10.43%),P:1e-246	Tpos:20.4,Tstd:13.9,Bpos:739.9,Bstd:3259.7,StrandBias:-1.3,Multiplicity:1.00
0.068	0.768	0.043	0.121
0.668	0.001	0.160	0.171
0.022	0.594	0.046	0.338
0.236	0.001	0.762	0.001
0.174	0.207	0.001	0.618
0.007	0.001	0.835	0.157
0.141	0.001	0.605	0.253
0.127	0.392	0.186	0.295
>BVCACGTG	3-BVCACGTG	6.735006	-463.622169	0	T:1191.0(20.07%),B:12685.5(7.48%),P:1e-201	Tpos:26.7,Tstd:12.4,Bpos:4830.9,Bstd:9935.6,StrandBias:-0.4,Multiplicity:1.00
0.121	0.277	0.297	0.306
0.242	0.312	0.330	0.116
0.098	0.900	0.001	0.001
0.690	0.001	0.186	0.123
0.001	0.771	0.001	0.227
0.353	0.038	0.608	0.001
0.062	0.171	0.001	0.766
0.001	0.001	0.982	0.016
>MCACATGB	4-MCACATGB	6.209776	-389.099172	0	T:2424.0(40.86%),B:41013.5(24.17%),P:1e-168	Tpos:25.3,Tstd:12.3,Bpos:2090.1,Bstd:7040.6,StrandBias:0.1,Multiplicity:1.05
0.387	0.354	0.101	0.159
0.142	0.856	0.001	0.001
0.485	0.001	0.291	0.223
0.001	0.997	0.001	0.001
0.579	0.001	0.419	0.001
0.001	0.001	0.001	0.997
0.001	0.001	0.997	0.001
0.035	0.359	0.328	0.277
>CACGYGBT	5-CACGYGBT	6.032714	-214.639275	0	T:647.0(10.91%),B:7345.5(4.33%),P:1e-93	Tpos:25.5,Tstd:14.9,Bpos:707.4,Bstd:4651.2,StrandBias:-1.6,Multiplicity:1.00
0.168	0.802	0.001	0.029
0.630	0.001	0.281	0.088
0.001	0.678	0.001	0.320
0.320	0.001	0.657	0.022
0.071	0.427	0.001	0.501
0.054	0.034	0.629	0.283
0.140	0.337	0.247	0.275
0.157	0.247	0.171	0.426
>AMCRCRTG	6-AMCRCRTG	6.386707	-165.296543	0	T:483.0(8.14%),B:5352.3(3.15%),P:1e-71	Tpos:43.5,Tstd:3.5,Bpos:1768.4,Bstd:5923.9,StrandBias:10.0,Multiplicity:1.00
0.490	0.121	0.182	0.207
0.326	0.387	0.137	0.150
0.248	0.667	0.048	0.037
0.491	0.010	0.434	0.065
0.010	0.827	0.010	0.153
0.415	0.024	0.537	0.024
0.161	0.221	0.044	0.574
0.020	0.020	0.838	0.122
>CACGTGDK	7-CACGTGDK	6.423931	-158.870605	0	T:338.0(5.70%),B:3040.6(1.79%),P:1e-68	Tpos:19.3,Tstd:18.9,Bpos:1109.1,Bstd:3248.2,StrandBias:-1.0,Multiplicity:1.00
0.001	0.992	0.001	0.006
0.691	0.001	0.186	0.122
0.017	0.608	0.017	0.358
0.181	0.001	0.738	0.080
0.162	0.335	0.001	0.502
0.066	0.048	0.611	0.275
0.261	0.122	0.301	0.316
0.194	0.129	0.295	0.382
>CACGYGNN	8-CACGYGNN	5.496972	-140.291522	0	T:551.0(9.29%),B:7135.4(4.21%),P:1e-60	Tpos:27.6,Tstd:11.8,Bpos:332.2,Bstd:1357.9,StrandBias:0.0,Multiplicity:1.02
0.220	0.755	0.009	0.016
0.665	0.015	0.226	0.094
0.045	0.588	0.001	0.366
0.217	0.001	0.684	0.098
0.171	0.360	0.001	0.468
0.144	0.096	0.543	0.217
0.208	0.338	0.214	0.241
0.249	0.267	0.205	0.279
>CACGTGNA	9-CACGTGNA	7.216428	-116.815441	0	T:433.0(7.30%),B:5435.1(3.20%),P:1e-50	Tpos:18.8,Tstd:11.9,Bpos:5678.7,Bstd:11148.9,StrandBias:-0.2,Multiplicity:1.00
0.001	0.997	0.001	0.001
0.771	0.001	0.098	0.130
0.001	0.599	0.001	0.399
0.213	0.001	0.785	0.001
0.001	0.222	0.001	0.776
0.001	0.001	0.933	0.065
0.199	0.262	0.248	0.290
0.411	0.200	0.247	0.141
>CAYGTGRS	10-CAYGTGRS	7.877055	-10.248631	0	T:156.0(2.63%),B:3170.2(1.87%),P:1e-4	Tpos:28.8,Tstd:14.7,Bpos:3806.9,Bstd:7826.2,StrandBias:-1.6,Multiplicity:1.00
0.001	0.997	0.001	0.001
0.804	0.001	0.194	0.001
0.001	0.439	0.001	0.559
0.111	0.001	0.887	0.001
0.077	0.153	0.001	0.769
0.001	0.001	0.997	0.001
0.276	0.199	0.375	0.150
0.150	0.423	0.352	0.075
>WRAGCACG	11-WRAGCACG	6.988905	-3.030422	0	T:29.0(0.49%),B:587.7(0.35%),P:1e-1	Tpos:23.0,Tstd:10.0,Bpos:2246.3,Bstd:6771.3,StrandBias:10.0,Multiplicity:1.00
0.354	0.185	0.153	0.308
0.385	0.129	0.368	0.118
0.539	0.202	0.143	0.116
0.092	0.342	0.565	0.001
0.001	0.997	0.001	0.001
0.959	0.012	0.001	0.028
0.010	0.708	0.074	0.208
0.354	0.031	0.589	0.026
>RCGTGCCC	12-RCGTGCCC	4.778520	-1.641643	0	T:2879.0(48.53%),B:81353.0(47.95%),P:1e0	Tpos:25.1,Tstd:13.0,Bpos:2055.2,Bstd:8099.7,StrandBias:0.1,Multiplicity:1.12
0.546	0.001	0.452	0.001
0.001	0.920	0.001	0.078
0.388	0.001	0.610	0.001
0.001	0.001	0.001	0.997
0.001	0.001	0.997	0.001
0.001	0.678	0.177	0.144
0.179	0.424	0.202	0.196
0.103	0.555	0.087	0.255
>ACRCATGT	13-ACRCATGT	8.209322	-0.349791	0	T:13.0(0.22%),B:420.5(0.25%),P:1e0	Tpos:12.1,Tstd:6.0,Bpos:2269.5,Bstd:5182.4,StrandBias:0.4,Multiplicity:1.00
0.581	0.122	0.236	0.061
0.001	0.963	0.035	0.001
0.340	0.001	0.434	0.225
0.001	0.847	0.001	0.151
0.595	0.001	0.403	0.001
0.001	0.001	0.001	0.997
0.001	0.001	0.997	0.001
0.085	0.269	0.186	0.461
>GCGTGCWH	14-GCGTGCWH	7.357081	-0.150364	0	T:18.0(0.30%),B:648.5(0.38%),P:1e0	Tpos:27.5,Tstd:11.1,Bpos:1367.3,Bstd:4439.3,StrandBias:0.2,Multiplicity:1.00
0.411	0.001	0.587	0.001
0.001	0.997	0.001	0.001
0.408	0.001	0.590	0.001
0.001	0.001	0.001	0.997
0.001	0.001	0.997	0.001
0.001	0.550	0.114	0.335
0.313	0.067	0.229	0.391
0.232	0.288	0.156	0.324
>CAYGYRNN	15-CAYGYRNN	6.275316	-0.061335	0	T:5.0(0.08%),B:255.5(0.15%),P:1e0	Tpos:42.0,Tstd:0.0,Bpos:1190.8,Bstd:3184.6,StrandBias:-10.0,Multiplicity:1.00
0.001	0.961	0.001	0.037
0.733	0.001	0.194	0.072
0.001	0.481	0.001	0.517
0.119	0.001	0.879	0.001
0.027	0.537	0.001	0.435
0.485	0.001	0.513	0.001
0.317	0.248	0.208	0.227
0.247	0.290	0.235	0.227
>CGCGTGSN	16-CGCGTGSN	7.241771	-0.009938	0	T:45.0(0.76%),B:1781.2(1.05%),P:1e0	Tpos:25.4,Tstd:12.2,Bpos:332.7,Bstd:901.9,StrandBias:0.4,Multiplicity:1.00
0.298	0.583	0.094	0.025
0.264	0.001	0.591	0.144
0.019	0.871	0.001	0.109
0.350	0.001	0.648	0.001
0.001	0.039	0.001	0.959
0.001	0.001	0.892	0.106
0.137	0.427	0.308	0.128
0.238	0.249	0.214	0.300
>AACTGRAA	17-AACTGRAA	9.233144	-0.005236	0	T:37.0(0.62%),B:1562.8(0.92%),P:1e0	Tpos:25.7,Tstd:11.3,Bpos:7870.6,Bstd:10900.0,StrandBias:-0.6,Multiplicity:1.03
0.997	0.001	0.001	0.001
0.997	0.001	0.001	0.001
0.001	0.593	0.405	0.001
0.285	0.186	0.044	0.485
0.001	0.001	0.997	0.001
0.551	0.001	0.447	0.001
0.997	0.001	0.001	0.001
0.997	0.001	0.001	0.001
>CACTTCCT	18-CACTTCCT	10.369886	-0.000048	0	T:73.0(1.23%),B:3186.9(1.88%),P:1e0	Tpos:26.4,Tstd:11.7,Bpos:2682.0,Bstd:7419.1,StrandBias:-0.2,Multiplicity:1.03
0.033	0.860	0.065	0.042
0.935	0.001	0.063	0.001
0.001	0.793	0.130	0.076
0.032	0.001	0.001	0.966
0.001	0.001	0.001	0.997
0.006	0.981	0.001	0.012
0.001	0.997	0.001	0.001
0.001	0.089	0.100	0.810
>CACRCGCG	19-CACRCGCG	8.635132	-0.000009	0	T:47.0(0.79%),B:2365.6(1.39%),P:1e0	Tpos:30.9,Tstd:12.6,Bpos:269.6,Bstd:1072.7,StrandBias:-0.4,Multiplicity:1.00
0.043	0.955	0.001	0.001
0.691	0.001	0.195	0.113
0.001	0.913	0.001	0.085
0.487	0.001	0.470	0.042
0.001	0.871	0.001	0.127
0.236	0.001	0.762	0.001
0.043	0.673	0.043	0.241
0.343	0.001	0.655	0.001
>CACACACG	20-CACACACG	10.535618	-0.000000	0	T:59.0(0.99%),B:3056.0(1.80%),P:1e0	Tpos:26.1,Tstd:14.7,Bpos:1836.2,Bstd:6110.2,StrandBias:1.2,Multiplicity:1.00
0.001	0.997	0.001	0.001
0.857	0.001	0.141	0.001
0.001	0.997	0.001	0.001
0.956	0.001	0.042	0.001
0.001	0.997	0.001	0.001
0.742	0.001	0.256	0.001
0.001	0.956	0.001	0.042
0.001	0.001	0.997	0.001
>MGGAAGTG	21-MGGAAGTG	8.605918	-0.000000	0	T:45.0(0.76%),B:2644.0(1.56%),P:1e0	Tpos:24.3,Tstd:12.9,Bpos:522.8,Bstd:2095.1,StrandBias:0.3,Multiplicity:1.02
0.411	0.458	0.130	0.001
0.069	0.007	0.906	0.018
0.119	0.025	0.801	0.055
0.934	0.001	0.024	0.041
0.870	0.080	0.001	0.049
0.224	0.133	0.599	0.044
0.025	0.153	0.034	0.788
0.149	0.122	0.654	0.075
>TTYCWCTT	22-TTYCWCTT	6.373978	-0.000000	0	T:407.0(6.86%),B:23735.9(13.99%),P:1e0	Tpos:23.5,Tstd:13.1,Bpos:6132.4,Bstd:15121.2,StrandBias:0.1,Multiplicity:1.05
0.001	0.046	0.124	0.829
0.019	0.088	0.089	0.804
0.045	0.494	0.019	0.442
0.001	0.997	0.001	0.001
0.299	0.141	0.185	0.375
0.029	0.832	0.138	0.001
0.039	0.001	0.116	0.844
0.001	0.028	0.001	0.970
>TTCTCTTT	23-TTCTCTTT	10.526751	-0.000000	0	T:24.0(0.40%),B:3119.2(1.84%),P:1e0	Tpos:24.4,Tstd:13.4,Bpos:6895.4,Bstd:10822.6,StrandBias:0.2,Multiplicity:1.00
0.001	0.001	0.001	0.997
0.001	0.202	0.001	0.796
0.001	0.997	0.001	0.001
0.071	0.001	0.001	0.927
0.001	0.997	0.001	0.001
0.001	0.001	0.001	0.997
0.001	0.001	0.001	0.997
0.108	0.001	0.108	0.783
>AAAGAGRA	24-AAAGAGRA	1.020538	-0.000000	0	T:1524.0(25.69%),B:93549.2(55.13%),P:1e0	Tpos:24.6,Tstd:13.2,Bpos:7241.5,Bstd:19506.7,StrandBias:0.0,Multiplicity:1.15
0.538	0.256	0.132	0.074
0.997	0.001	0.001	0.001
0.997	0.001	0.001	0.001
0.001	0.001	0.997	0.001
0.650	0.001	0.006	0.343
0.001	0.001	0.997	0.001
0.488	0.001	0.510	0.001
0.997	0.001	0.001	0.001
>AGAGRAAA	25-AGAGRAAA	1.121175	-0.000000	0	T:1217.0(20.51%),B:83702.2(49.33%),P:1e0	Tpos:23.5,Tstd:14.2,Bpos:6495.0,Bstd:14251.0,StrandBias:0.1,Multiplicity:1.08
0.997	0.001	0.001	0.001
0.001	0.001	0.997	0.001
0.705	0.001	0.001	0.293
0.408	0.001	0.590	0.001
0.544	0.001	0.454	0.001
0.997	0.001	0.001	0.001
0.591	0.001	0.407	0.001
0.523	0.158	0.318	0.001
