>NRSCACGTGS	1-NRSCACGTGS	7.078292	-755.496711	0	T:1504.0(25.35%),B:13804.9(8.14%),P:1e-328	Tpos:25.4,Tstd:11.4,Bpos:1979.6,Bstd:6383.2,StrandBias:0.0,Multiplicity:1.03
0.290	0.209	0.305	0.195
0.377	0.169	0.347	0.107
0.166	0.456	0.345	0.033
0.001	0.997	0.001	0.001
0.827	0.001	0.097	0.075
0.001	0.736	0.001	0.262
0.292	0.001	0.706	0.001
0.048	0.123	0.001	0.828
0.001	0.001	0.997	0.001
0.022	0.325	0.428	0.226
>VCACGTGGNN	2-VCACGTGGNN	6.460953	-582.469396	0	T:1720.0(28.99%),B:20510.5(12.09%),P:1e-252	Tpos:25.1,Tstd:12.1,Bpos:878.2,Bstd:3807.1,StrandBias:0.1,Multiplicity:1.01
0.219	0.366	0.275	0.139
0.001	0.997	0.001	0.001
0.661	0.001	0.209	0.129
0.001	0.737	0.001	0.261
0.239	0.001	0.759	0.001
0.159	0.168	0.001	0.672
0.001	0.001	0.958	0.040
0.080	0.283	0.441	0.196
0.223	0.323	0.190	0.264
0.204	0.292	0.251	0.253
>NNNVCACGTG	3-NNNVCACGTG	6.640487	-523.838746	0	T:1223.0(20.61%),B:12289.7(7.24%),P:1e-227	Tpos:26.1,Tstd:14.7,Bpos:2056.9,Bstd:6286.2,StrandBias:-0.4,Multiplicity:1.00
0.227	0.257	0.258	0.258
0.239	0.238	0.288	0.235
0.255	0.252	0.319	0.174
0.274	0.382	0.283	0.061
0.104	0.894	0.001	0.001
0.642	0.001	0.212	0.145
0.001	0.794	0.001	0.204
0.271	0.001	0.727	0.001
0.139	0.196	0.001	0.664
0.001	0.001	0.987	0.011
>NNVCACGTGN	4-NNVCACGTGN	5.944043	-504.250910	0	T:905.0(15.25%),B:7365.4(4.34%),P:1e-218	Tpos:30.3,Tstd:12.4,Bpos:779.9,Bstd:2081.1,StrandBias:-1.0,Multiplicity:1.00
0.233	0.263	0.271	0.232
0.268	0.185	0.315	0.232
0.286	0.347	0.364	0.004
0.377	0.595	0.027	0.001
0.526	0.001	0.273	0.200
0.001	0.676	0.001	0.322
0.317	0.090	0.586	0.007
0.151	0.316	0.001	0.532
0.001	0.001	0.997	0.001
0.178	0.266	0.281	0.275
>NNNVCACGTG	5-NNNVCACGTG	6.631279	-479.740881	0	T:1058.0(17.83%),B:10128.8(5.97%),P:1e-208	Tpos:26.4,Tstd:16.4,Bpos:778.8,Bstd:2189.6,StrandBias:-0.3,Multiplicity:1.00
0.227	0.259	0.258	0.256
0.239	0.243	0.291	0.227
0.253	0.278	0.304	0.165
0.228	0.322	0.306	0.143
0.001	0.997	0.001	0.001
0.572	0.001	0.241	0.186
0.063	0.608	0.017	0.312
0.327	0.001	0.671	0.001
0.054	0.205	0.001	0.740
0.001	0.001	0.983	0.015
>NNVCACGTGC	6-NNVCACGTGC	7.221100	-347.276811	0	T:778.0(13.11%),B:7403.5(4.36%),P:1e-150	Tpos:24.4,Tstd:12.4,Bpos:349.3,Bstd:1646.6,StrandBias:0.9,Multiplicity:1.05
0.239	0.236	0.270	0.255
0.254	0.228	0.305	0.213
0.264	0.328	0.346	0.063
0.072	0.926	0.001	0.001
0.614	0.001	0.287	0.098
0.001	0.796	0.001	0.202
0.275	0.001	0.723	0.001
0.116	0.272	0.001	0.611
0.001	0.001	0.997	0.001
0.029	0.516	0.306	0.149
>CAYGTGBNNN	7-CAYGTGBNNN	5.895156	-260.214457	0	T:733.0(12.35%),B:8039.1(4.74%),P:1e-113	Tpos:19.8,Tstd:9.9,Bpos:2759.3,Bstd:5466.8,StrandBias:-1.0,Multiplicity:1.00
0.140	0.808	0.026	0.026
0.587	0.030	0.218	0.165
0.014	0.504	0.042	0.440
0.309	0.029	0.630	0.032
0.125	0.223	0.055	0.597
0.025	0.030	0.701	0.244
0.120	0.300	0.286	0.295
0.174	0.302	0.272	0.252
0.194	0.289	0.259	0.258
0.210	0.267	0.252	0.271
>NNRCACGTGS	8-NNRCACGTGS	7.525827	-247.432494	0	T:521.0(8.78%),B:4683.7(2.76%),P:1e-107	Tpos:46.0,Tstd:0.0,Bpos:4973.9,Bstd:3381.8,StrandBias:10.0,Multiplicity:1.00
0.246	0.217	0.307	0.229
0.285	0.244	0.261	0.210
0.371	0.220	0.304	0.105
0.135	0.863	0.001	0.001
0.768	0.001	0.226	0.005
0.001	0.848	0.001	0.150
0.279	0.001	0.719	0.001
0.153	0.182	0.001	0.664
0.001	0.001	0.924	0.074
0.029	0.400	0.362	0.209
>VCRCGTGNNN	9-VCRCGTGNNN	6.226758	-208.229534	0	T:379.0(6.39%),B:3030.4(1.79%),P:1e-90	Tpos:25.1,Tstd:9.3,Bpos:790.7,Bstd:2148.7,StrandBias:-2.6,Multiplicity:1.00
0.311	0.304	0.310	0.075
0.001	0.838	0.078	0.083
0.445	0.033	0.423	0.099
0.063	0.586	0.065	0.286
0.355	0.050	0.561	0.034
0.141	0.001	0.054	0.804
0.061	0.063	0.723	0.153
0.230	0.252	0.317	0.201
0.231	0.278	0.196	0.295
0.238	0.250	0.245	0.267
>BNVVCAYGTG	10-BNVVCAYGTG	8.089565	-140.107025	0	T:525.0(8.85%),B:6642.5(3.91%),P:1e-60	Tpos:25.3,Tstd:12.8,Bpos:2796.7,Bstd:8499.7,StrandBias:0.2,Multiplicity:1.00
0.134	0.361	0.291	0.214
0.236	0.233	0.319	0.212
0.318	0.292	0.309	0.082
0.310	0.330	0.276	0.084
0.001	0.997	0.001	0.001
0.868	0.001	0.130	0.001
0.001	0.455	0.001	0.543
0.001	0.001	0.997	0.001
0.012	0.079	0.001	0.908
0.001	0.001	0.997	0.001
>VCCRCRTGNB	11-VCCRCRTGNB	7.422113	-104.071517	0	T:412.0(6.94%),B:5335.1(3.14%),P:1e-45	Tpos:24.3,Tstd:11.2,Bpos:400.0,Bstd:1871.3,StrandBias:0.1,Multiplicity:1.00
0.282	0.227	0.366	0.126
0.221	0.425	0.221	0.133
0.245	0.732	0.022	0.001
0.372	0.001	0.407	0.219
0.001	0.959	0.001	0.039
0.434	0.001	0.564	0.001
0.001	0.001	0.001	0.997
0.001	0.001	0.997	0.001
0.183	0.258	0.284	0.275
0.155	0.254	0.331	0.261
>NNVVCACGTG	12-NNVVCACGTG	7.178158	-67.939322	0	T:175.0(2.95%),B:1795.5(1.06%),P:1e-29	Tpos:32.0,Tstd:19.8,Bpos:48.0,Bstd:80.5,StrandBias:1.0,Multiplicity:1.00
0.207	0.271	0.258	0.264
0.250	0.236	0.269	0.245
0.291	0.257	0.304	0.149
0.250	0.290	0.342	0.118
0.110	0.866	0.011	0.013
0.695	0.033	0.137	0.135
0.029	0.790	0.030	0.151
0.276	0.028	0.679	0.017
0.141	0.185	0.030	0.644
0.020	0.020	0.904	0.056
>SVCACGYGGB	13-SVCACGYGGB	8.115120	-35.096825	0	T:359.0(6.05%),B:6517.2(3.84%),P:1e-15	Tpos:25.6,Tstd:10.8,Bpos:367.9,Bstd:1980.3,StrandBias:-0.3,Multiplicity:1.00
0.221	0.380	0.247	0.152
0.321	0.353	0.269	0.056
0.001	0.997	0.001	0.001
0.997	0.001	0.001	0.001
0.001	0.631	0.001	0.367
0.001	0.001	0.997	0.001
0.231	0.447	0.001	0.321
0.001	0.001	0.954	0.044
0.041	0.278	0.478	0.204
0.062	0.393	0.259	0.287
>SCAYGYGKBN	14-SCAYGYGKBN	7.635791	-16.571996	0	T:56.0(0.94%),B:700.4(0.41%),P:1e-7	Tpos:17.3,Tstd:6.5,Bpos:519.1,Bstd:1175.5,StrandBias:-1.3,Multiplicity:1.00
0.223	0.325	0.395	0.057
0.001	0.997	0.001	0.001
0.947	0.001	0.051	0.001
0.001	0.550	0.001	0.448
0.001	0.001	0.997	0.001
0.213	0.430	0.001	0.356
0.001	0.010	0.724	0.265
0.152	0.205	0.381	0.262
0.175	0.331	0.230	0.264
0.274	0.233	0.190	0.302
>GGAAGTGAAA	15-GGAAGTGAAA	10.887988	-14.852795	0	T:32.0(0.54%),B:313.7(0.18%),P:1e-6	Tpos:23.3,Tstd:12.3,Bpos:4622.1,Bstd:7999.3,StrandBias:0.0,Multiplicity:1.00
0.166	0.001	0.814	0.019
0.139	0.117	0.722	0.022
0.951	0.047	0.001	0.001
0.914	0.001	0.001	0.084
0.076	0.311	0.612	0.001
0.001	0.170	0.001	0.828
0.180	0.026	0.731	0.063
0.757	0.001	0.241	0.001
0.848	0.001	0.131	0.020
0.827	0.033	0.123	0.017
>TCACTTCCTC	16-TCACTTCCTC	10.198632	-8.074603	0	T:19.0(0.32%),B:209.5(0.12%),P:1e-3	Tpos:24.4,Tstd:11.1,Bpos:3233.2,Bstd:6637.5,StrandBias:0.4,Multiplicity:1.00
0.103	0.191	0.104	0.602
0.175	0.587	0.093	0.145
0.748	0.012	0.152	0.088
0.014	0.620	0.151	0.215
0.088	0.016	0.008	0.888
0.009	0.029	0.082	0.880
0.084	0.825	0.020	0.071
0.019	0.863	0.008	0.110
0.006	0.190	0.294	0.510
0.040	0.551	0.197	0.212
>CRCRTGYKBN	17-CRCRTGYKBN	7.330406	-7.783701	0	T:16.0(0.27%),B:163.6(0.10%),P:1e-3	Tpos:23.5,Tstd:11.0,Bpos:738.3,Bstd:1745.0,StrandBias:0.0,Multiplicity:1.00
0.160	0.686	0.024	0.130
0.409	0.099	0.363	0.129
0.001	0.997	0.001	0.001
0.489	0.001	0.508	0.002
0.001	0.263	0.001	0.735
0.001	0.003	0.995	0.001
0.101	0.394	0.176	0.330
0.143	0.212	0.385	0.260
0.173	0.333	0.240	0.254
0.218	0.267	0.226	0.288
>AAGMGGAAGT	18-AAGMGGAAGT	8.822748	-5.729162	0	T:18.0(0.30%),B:241.0(0.14%),P:1e-2	Tpos:26.3,Tstd:11.0,Bpos:6555.5,Bstd:12611.9,StrandBias:1.8,Multiplicity:1.00
0.632	0.072	0.156	0.140
0.520	0.182	0.095	0.203
0.124	0.292	0.463	0.121
0.400	0.267	0.225	0.107
0.126	0.063	0.754	0.057
0.101	0.061	0.783	0.055
0.691	0.093	0.147	0.069
0.820	0.025	0.034	0.121
0.186	0.292	0.503	0.019
0.018	0.261	0.089	0.632
>GAACTGAAAM	19-GAACTGAAAM	10.549216	-2.167671	0	T:11.0(0.19%),B:204.5(0.12%),P:1e0	Tpos:11.3,Tstd:5.3,Bpos:7941.1,Bstd:13209.8,StrandBias:-10.0,Multiplicity:1.00
0.053	0.079	0.718	0.150
0.979	0.019	0.001	0.001
0.793	0.001	0.164	0.042
0.015	0.562	0.368	0.055
0.001	0.188	0.014	0.797
0.039	0.141	0.647	0.173
0.912	0.040	0.047	0.001
0.779	0.029	0.191	0.001
0.883	0.044	0.072	0.001
0.384	0.359	0.167	0.090
>CRCATGCKCN	20-CRCATGCKCN	6.306253	-0.710217	0	T:18.0(0.30%),B:502.9(0.30%),P:1e0	Tpos:20.0,Tstd:15.3,Bpos:861.4,Bstd:2443.0,StrandBias:1.0,Multiplicity:1.00
0.252	0.425	0.173	0.151
0.431	0.127	0.313	0.129
0.046	0.819	0.061	0.074
0.520	0.024	0.326	0.130
0.129	0.287	0.041	0.543
0.043	0.064	0.852	0.041
0.138	0.430	0.186	0.246
0.174	0.168	0.401	0.257
0.195	0.398	0.237	0.170
0.211	0.260	0.247	0.281
>GAAASMGGAA	21-GAAASMGGAA	10.124025	-0.417634	0	T:26.0(0.44%),B:795.9(0.47%),P:1e0	Tpos:24.9,Tstd:10.4,Bpos:4260.2,Bstd:8489.2,StrandBias:-0.2,Multiplicity:1.00
0.176	0.184	0.566	0.074
0.799	0.026	0.119	0.056
0.821	0.001	0.095	0.083
0.820	0.040	0.014	0.126
0.127	0.421	0.443	0.009
0.407	0.296	0.144	0.152
0.128	0.015	0.842	0.015
0.116	0.013	0.870	0.001
0.925	0.014	0.053	0.008
0.925	0.029	0.001	0.045
>AAACRGGAAG	22-AAACRGGAAG	8.582432	-0.349837	0	T:9.0(0.15%),B:296.6(0.17%),P:1e0	Tpos:20.7,Tstd:12.9,Bpos:3419.7,Bstd:8794.4,StrandBias:0.3,Multiplicity:1.00
0.606	0.019	0.153	0.222
0.683	0.009	0.267	0.041
0.448	0.133	0.161	0.258
0.140	0.473	0.292	0.095
0.418	0.196	0.375	0.012
0.160	0.011	0.825	0.004
0.094	0.152	0.749	0.005
0.696	0.046	0.194	0.064
0.732	0.046	0.141	0.081
0.241	0.238	0.441	0.080
>CRCRTGSBNN	23-CRCRTGSBNN	6.371060	-0.002065	0	T:10.0(0.17%),B:619.1(0.36%),P:1e0	Tpos:26.1,Tstd:12.2,Bpos:269.3,Bstd:519.9,StrandBias:-1.6,Multiplicity:1.00
0.313	0.541	0.145	0.001
0.337	0.112	0.361	0.190
0.001	0.997	0.001	0.001
0.510	0.001	0.488	0.001
0.013	0.413	0.001	0.573
0.083	0.001	0.915	0.001
0.163	0.376	0.242	0.219
0.153	0.230	0.329	0.288
0.209	0.307	0.287	0.197
0.238	0.282	0.221	0.259
>DCRYGTGNNN	24-DCRYGTGNNN	5.371198	-0.001878	0	T:66.0(1.11%),B:2638.4(1.55%),P:1e0	Tpos:9.0,Tstd:0.0,Bpos:5386.1,Bstd:9398.4,StrandBias:-10.0,Multiplicity:1.00
0.231	0.201	0.214	0.354
0.139	0.682	0.067	0.112
0.450	0.126	0.316	0.107
0.073	0.433	0.111	0.383
0.338	0.055	0.538	0.069
0.197	0.234	0.088	0.481
0.001	0.001	0.918	0.080
0.197	0.271	0.255	0.277
0.155	0.301	0.289	0.255
0.241	0.265	0.237	0.257
>VGGAAVYNNN	25-VGGAAVYNNN	7.202250	-0.000005	0	T:3.0(0.05%),B:499.7(0.29%),P:1e0	Tpos:31.7,Tstd:5.2,Bpos:3767.9,Bstd:7720.1,StrandBias:-1.0,Multiplicity:1.00
0.325	0.316	0.255	0.104
0.107	0.001	0.852	0.040
0.001	0.001	0.997	0.001
0.997	0.001	0.001	0.001
0.972	0.001	0.001	0.026
0.284	0.304	0.385	0.028
0.001	0.435	0.001	0.563
0.318	0.195	0.252	0.235
0.261	0.249	0.274	0.216
0.237	0.219	0.266	0.278
