>NNRSCACGTGBN	1-NNRSCACGTGBN	6.967937	-640.312957	0	T:1317.0(22.20%),B:12214.8(7.20%),P:1e-278	Tpos:25.3,Tstd:11.0,Bpos:1190.0,Bstd:4569.6,StrandBias:-0.0,Multiplicity:1.02
0.259	0.296	0.242	0.204
0.231	0.249	0.293	0.227
0.326	0.176	0.324	0.175
0.177	0.426	0.348	0.049
0.023	0.975	0.001	0.001
0.775	0.001	0.127	0.097
0.001	0.791	0.010	0.198
0.225	0.016	0.758	0.001
0.114	0.161	0.010	0.715
0.001	0.001	0.985	0.013
0.096	0.279	0.380	0.244
0.184	0.303	0.221	0.292
>VCACGTGBNNNN	2-VCACGTGBNNNN	6.894365	-468.222498	0	T:855.0(14.41%),B:7032.4(4.14%),P:1e-203	Tpos:24.4,Tstd:14.6,Bpos:3453.8,Bstd:9529.6,StrandBias:-0.3,Multiplicity:1.00
0.267	0.332	0.299	0.101
0.001	0.997	0.001	0.001
0.615	0.002	0.292	0.091
0.001	0.694	0.011	0.294
0.326	0.034	0.639	0.001
0.115	0.270	0.009	0.606
0.001	0.001	0.997	0.001
0.099	0.286	0.371	0.245
0.190	0.283	0.276	0.251
0.248	0.246	0.247	0.259
0.234	0.223	0.302	0.240
0.248	0.259	0.296	0.198
>NNNNVCACGTGB	3-NNNNVCACGTGB	7.100902	-436.416130	0	T:806.0(13.59%),B:6668.6(3.93%),P:1e-189	Tpos:29.8,Tstd:10.6,Bpos:1148.5,Bstd:4540.9,StrandBias:0.7,Multiplicity:1.00
0.205	0.286	0.286	0.223
0.245	0.253	0.277	0.226
0.249	0.247	0.274	0.229
0.251	0.302	0.268	0.178
0.239	0.336	0.327	0.098
0.001	0.997	0.001	0.001
0.615	0.001	0.293	0.091
0.001	0.697	0.001	0.301
0.368	0.001	0.630	0.001
0.013	0.307	0.001	0.679
0.001	0.001	0.997	0.001
0.084	0.297	0.357	0.262
>VCACGTGBBNNV	4-VCACGTGBBNNV	7.811831	-427.335788	0	T:726.0(12.24%),B:5584.1(3.29%),P:1e-185	Tpos:30.0,Tstd:12.2,Bpos:710.4,Bstd:1718.8,StrandBias:0.2,Multiplicity:1.00
0.261	0.391	0.327	0.021
0.001	0.997	0.001	0.001
0.736	0.001	0.248	0.015
0.001	0.724	0.001	0.274
0.264	0.001	0.734	0.001
0.001	0.223	0.001	0.775
0.001	0.001	0.997	0.001
0.062	0.344	0.341	0.253
0.169	0.261	0.224	0.345
0.228	0.293	0.219	0.260
0.252	0.293	0.252	0.203
0.227	0.329	0.265	0.179
>NVCACGTGNNNN	5-NVCACGTGNNNN	7.070312	-199.372906	0	T:409.0(6.89%),B:3590.5(2.12%),P:1e-86	Tpos:24.7,Tstd:12.7,Bpos:1434.5,Bstd:3313.2,StrandBias:10.0,Multiplicity:1.00
0.253	0.262	0.291	0.195
0.247	0.299	0.311	0.143
0.001	0.997	0.001	0.001
0.681	0.001	0.317	0.001
0.001	0.663	0.001	0.335
0.392	0.001	0.606	0.001
0.114	0.255	0.003	0.628
0.001	0.001	0.997	0.001
0.197	0.259	0.326	0.219
0.190	0.325	0.240	0.245
0.247	0.204	0.293	0.255
0.247	0.261	0.265	0.227
>NCACGTGSNNNN	6-NCACGTGSNNNN	6.754114	-107.939629	0	T:261.0(4.40%),B:2562.5(1.51%),P:1e-46	Tpos:24.8,Tstd:10.9,Bpos:1807.5,Bstd:6144.0,StrandBias:-1.2,Multiplicity:1.00
0.289	0.249	0.261	0.201
0.001	0.997	0.001	0.001
0.493	0.001	0.327	0.180
0.001	0.640	0.002	0.357
0.350	0.013	0.636	0.001
0.159	0.323	0.001	0.517
0.001	0.001	0.997	0.001
0.195	0.468	0.336	0.001
0.212	0.221	0.269	0.297
0.254	0.258	0.237	0.251
0.275	0.191	0.198	0.336
0.280	0.177	0.267	0.275
>VVVCATGTGSNB	7-VVVCATGTGSNB	8.620979	-97.271253	0	T:197.0(3.32%),B:1709.5(1.01%),P:1e-42	Tpos:24.0,Tstd:10.9,Bpos:3182.5,Bstd:7062.0,StrandBias:-0.2,Multiplicity:1.01
0.306	0.269	0.271	0.154
0.336	0.208	0.270	0.185
0.241	0.359	0.329	0.071
0.042	0.956	0.001	0.001
0.939	0.046	0.014	0.001
0.001	0.001	0.099	0.899
0.001	0.080	0.918	0.001
0.073	0.149	0.007	0.771
0.032	0.001	0.966	0.001
0.117	0.384	0.265	0.234
0.253	0.235	0.214	0.299
0.173	0.288	0.195	0.345
>CAYGYGBNNNNV	8-CAYGYGBNNNNV	7.522856	-68.605867	0	T:206.0(3.47%),B:2313.3(1.36%),P:1e-29	Tpos:26.7,Tstd:13.4,Bpos:1687.8,Bstd:5679.4,StrandBias:-0.1,Multiplicity:1.00
0.001	0.997	0.001	0.001
0.562	0.001	0.319	0.118
0.001	0.553	0.001	0.445
0.001	0.001	0.997	0.001
0.121	0.370	0.001	0.508
0.001	0.021	0.977	0.001
0.001	0.373	0.364	0.262
0.165	0.258	0.280	0.297
0.193	0.230	0.267	0.310
0.209	0.229	0.291	0.270
0.222	0.232	0.316	0.230
0.287	0.329	0.382	0.001
>NNNVCACGTGNN	9-NNNVCACGTGNN	6.704393	-59.180304	0	T:144.0(2.43%),B:1428.7(0.84%),P:1e-25	Tpos:12.5,Tstd:2.5,Bpos:281.1,Bstd:315.8,StrandBias:10.0,Multiplicity:1.00
0.236	0.281	0.270	0.212
0.253	0.235	0.282	0.229
0.279	0.199	0.298	0.223
0.233	0.279	0.359	0.129
0.128	0.870	0.001	0.001
0.515	0.001	0.340	0.144
0.001	0.657	0.001	0.341
0.342	0.046	0.611	0.001
0.137	0.329	0.013	0.521
0.001	0.001	0.997	0.001
0.167	0.308	0.253	0.272
0.187	0.283	0.302	0.228
>SCRCGTGNNNNN	10-SCRCGTGNNNNN	6.631173	-27.105580	0	T:48.0(0.81%),B:391.1(0.23%),P:1e-11	Tpos:31.5,Tstd:2.5,Bpos:377.3,Bstd:450.6,StrandBias:0.0,Multiplicity:1.00
0.001	0.417	0.389	0.193
0.194	0.804	0.001	0.001
0.424	0.001	0.353	0.222
0.001	0.651	0.001	0.347
0.391	0.001	0.607	0.001
0.242	0.274	0.001	0.483
0.001	0.001	0.997	0.001
0.205	0.228	0.240	0.327
0.183	0.266	0.279	0.272
0.244	0.272	0.214	0.269
0.229	0.217	0.292	0.263
0.260	0.242	0.277	0.222
>GTTTCASTTCCT	11-GTTTCASTTCCT	12.358332	-24.711932	0	T:24.0(0.40%),B:108.2(0.06%),P:1e-10	Tpos:25.7,Tstd:13.2,Bpos:4308.7,Bstd:6280.1,StrandBias:-0.2,Multiplicity:1.00
0.132	0.209	0.428	0.231
0.001	0.001	0.001	0.997
0.001	0.272	0.026	0.701
0.001	0.118	0.001	0.880
0.096	0.692	0.121	0.091
0.805	0.001	0.117	0.077
0.001	0.461	0.517	0.021
0.095	0.001	0.001	0.903
0.001	0.001	0.001	0.997
0.001	0.950	0.001	0.048
0.070	0.803	0.041	0.086
0.001	0.299	0.001	0.699
>TCACTTCCTCTT	12-TCACTTCCTCTT	10.381577	-16.298971	0	T:75.0(1.26%),B:1074.8(0.63%),P:1e-7	Tpos:25.0,Tstd:11.8,Bpos:3306.2,Bstd:6785.9,StrandBias:0.0,Multiplicity:1.00
0.001	0.320	0.071	0.608
0.115	0.752	0.001	0.132
0.942	0.001	0.033	0.024
0.024	0.596	0.314	0.066
0.047	0.001	0.001	0.951
0.001	0.001	0.001	0.997
0.001	0.965	0.001	0.033
0.001	0.983	0.001	0.015
0.001	0.311	0.028	0.660
0.001	0.576	0.232	0.191
0.253	0.067	0.001	0.679
0.170	0.050	0.014	0.766
>CACTTCTGCTTT	13-CACTTCTGCTTT	13.137396	-14.195457	0	T:13.0(0.22%),B:58.3(0.03%),P:1e-6	Tpos:20.8,Tstd:11.9,Bpos:4405.7,Bstd:7007.9,StrandBias:1.2,Multiplicity:1.00
0.001	0.936	0.062	0.001
0.936	0.062	0.001	0.001
0.001	0.762	0.236	0.001
0.053	0.001	0.001	0.945
0.001	0.001	0.001	0.997
0.001	0.997	0.001	0.001
0.088	0.001	0.001	0.910
0.001	0.052	0.877	0.070
0.001	0.997	0.001	0.001
0.001	0.001	0.001	0.997
0.001	0.080	0.001	0.918
0.089	0.001	0.080	0.830
>NVVGCRCATGYG	14-NVVGCRCATGYG	9.285254	-11.214086	0	T:24.0(0.40%),B:240.3(0.14%),P:1e-4	Tpos:28.4,Tstd:10.4,Bpos:1902.1,Bstd:4569.2,StrandBias:-0.3,Multiplicity:1.00
0.257	0.239	0.283	0.221
0.347	0.209	0.290	0.154
0.359	0.241	0.228	0.171
0.142	0.271	0.530	0.057
0.076	0.922	0.001	0.001
0.488	0.069	0.436	0.007
0.001	0.992	0.006	0.001
0.799	0.001	0.199	0.001
0.007	0.275	0.001	0.717
0.001	0.001	0.995	0.003
0.051	0.295	0.223	0.431
0.050	0.182	0.606	0.162
>CACGMGGCDSVB	15-CACGMGGCDSVB	9.978173	-8.961781	0	T:44.0(0.74%),B:670.3(0.40%),P:1e-3	Tpos:20.1,Tstd:9.8,Bpos:537.9,Bstd:2035.8,StrandBias:-0.9,Multiplicity:1.00
0.001	0.997	0.001	0.001
0.997	0.001	0.001	0.001
0.001	0.997	0.001	0.001
0.001	0.001	0.997	0.001
0.397	0.425	0.001	0.178
0.001	0.001	0.997	0.001
0.001	0.310	0.688	0.001
0.116	0.438	0.271	0.175
0.253	0.082	0.310	0.354
0.145	0.321	0.373	0.161
0.279	0.265	0.324	0.132
0.123	0.314	0.333	0.231
>GTGCACATGTGV	16-GTGCACATGTGV	10.723192	-7.123439	0	T:8.0(0.13%),B:51.2(0.03%),P:1e-3	Tpos:25.9,Tstd:9.2,Bpos:3971.7,Bstd:6733.3,StrandBias:0.0,Multiplicity:1.00
0.073	0.253	0.433	0.241
0.252	0.184	0.155	0.409
0.074	0.194	0.671	0.061
0.064	0.855	0.014	0.067
0.631	0.013	0.320	0.036
0.001	0.933	0.022	0.044
0.910	0.004	0.064	0.022
0.001	0.320	0.001	0.678
0.021	0.001	0.977	0.001
0.067	0.220	0.174	0.539
0.014	0.200	0.705	0.081
0.245	0.338	0.228	0.188
>CCACNAGGTGGC	17-CCACNAGGTGGC	13.282388	-6.790864	0	T:8.0(0.13%),B:54.5(0.03%),P:1e-2	Tpos:21.2,Tstd:11.4,Bpos:1141.0,Bstd:2033.8,StrandBias:0.7,Multiplicity:1.00
0.055	0.821	0.095	0.029
0.001	0.910	0.088	0.001
0.838	0.001	0.160	0.001
0.001	0.794	0.204	0.001
0.223	0.319	0.241	0.218
0.863	0.028	0.022	0.087
0.001	0.001	0.997	0.001
0.175	0.001	0.780	0.044
0.021	0.040	0.344	0.595
0.001	0.044	0.954	0.001
0.052	0.070	0.877	0.001
0.032	0.966	0.001	0.001
>SSKRCCGCGTGS	18-SSKRCCGCGTGS	10.703157	-4.365753	0	T:19.0(0.32%),B:299.2(0.18%),P:1e-1	Tpos:23.1,Tstd:11.3,Bpos:303.3,Bstd:700.1,StrandBias:0.5,Multiplicity:1.00
0.001	0.356	0.467	0.176
0.159	0.369	0.316	0.156
0.139	0.215	0.370	0.275
0.421	0.172	0.325	0.082
0.001	0.559	0.400	0.040
0.036	0.933	0.030	0.001
0.001	0.001	0.790	0.208
0.001	0.997	0.001	0.001
0.125	0.001	0.873	0.001
0.001	0.001	0.001	0.997
0.001	0.001	0.997	0.001
0.001	0.471	0.323	0.205
>NVSCACGMGGSN	19-NVSCACGMGGSN	10.019078	-4.264800	0	T:15.0(0.25%),B:219.3(0.13%),P:1e-1	Tpos:23.3,Tstd:11.6,Bpos:188.3,Bstd:260.7,StrandBias:-2.3,Multiplicity:1.00
0.242	0.265	0.320	0.173
0.271	0.298	0.312	0.118
0.220	0.369	0.391	0.021
0.001	0.997	0.001	0.001
0.997	0.001	0.001	0.001
0.001	0.997	0.001	0.001
0.001	0.001	0.997	0.001
0.427	0.571	0.001	0.001
0.001	0.001	0.997	0.001
0.001	0.375	0.623	0.001
0.191	0.346	0.276	0.187
0.199	0.296	0.287	0.218
>GAAACAGGAAGT	20-GAAACAGGAAGT	11.327399	-3.129318	0	T:14.0(0.24%),B:234.7(0.14%),P:1e-1	Tpos:19.8,Tstd:11.4,Bpos:2978.9,Bstd:9203.9,StrandBias:0.7,Multiplicity:1.00
0.192	0.178	0.571	0.059
0.795	0.017	0.187	0.001
0.739	0.001	0.229	0.031
0.621	0.126	0.102	0.151
0.206	0.496	0.297	0.001
0.663	0.190	0.133	0.014
0.001	0.001	0.997	0.001
0.031	0.001	0.967	0.001
0.941	0.001	0.057	0.001
0.997	0.001	0.001	0.001
0.244	0.169	0.534	0.053
0.014	0.299	0.207	0.480
>NNNCAYGHGGNN	21-NNNCAYGHGGNN	8.244269	-2.829194	0	T:11.0(0.19%),B:179.1(0.11%),P:1e-1	Tpos:20.1,Tstd:11.7,Bpos:870.6,Bstd:2818.8,StrandBias:0.8,Multiplicity:1.00
0.232	0.299	0.269	0.200
0.233	0.305	0.284	0.178
0.202	0.327	0.262	0.208
0.001	0.997	0.001	0.001
0.997	0.001	0.001	0.001
0.003	0.518	0.001	0.478
0.005	0.001	0.993	0.001
0.386	0.332	0.001	0.281
0.001	0.001	0.997	0.001
0.004	0.290	0.527	0.179
0.188	0.281	0.289	0.243
0.223	0.303	0.253	0.222
>SCACGCGSCCNN	22-SCACGCGSCCNN	9.653166	-1.860062	0	T:8.0(0.13%),B:147.9(0.09%),P:1e0	Tpos:38.2,Tstd:5.4,Bpos:226.0,Bstd:280.5,StrandBias:-10.0,Multiplicity:1.00
0.220	0.447	0.332	0.001
0.001	0.997	0.001	0.001
0.873	0.001	0.001	0.125
0.001	0.741	0.001	0.257
0.001	0.039	0.959	0.001
0.367	0.631	0.001	0.001
0.020	0.246	0.699	0.035
0.001	0.354	0.485	0.160
0.060	0.457	0.227	0.256
0.001	0.453	0.291	0.255
0.267	0.251	0.242	0.240
0.302	0.211	0.301	0.186
>WDMCCTCGTGTA	23-WDMCCTCGTGTA	10.173174	-1.223008	0	T:11.0(0.19%),B:256.5(0.15%),P:1e0	Tpos:22.7,Tstd:9.5,Bpos:923.5,Bstd:3084.4,StrandBias:0.3,Multiplicity:1.00
0.399	0.218	0.080	0.303
0.215	0.167	0.352	0.266
0.491	0.377	0.131	0.001
0.001	0.697	0.301	0.001
0.001	0.997	0.001	0.001
0.001	0.001	0.394	0.604
0.001	0.997	0.001	0.001
0.001	0.001	0.997	0.001
0.001	0.001	0.001	0.997
0.001	0.001	0.997	0.001
0.001	0.248	0.168	0.583
0.480	0.140	0.235	0.144
>GTGGGGGAGGGG	24-GTGGGGGAGGGG	15.808044	-0.967311	0	T:13.0(0.22%),B:331.6(0.20%),P:1e0	Tpos:24.1,Tstd:12.7,Bpos:806.7,Bstd:3452.3,StrandBias:0.8,Multiplicity:1.00
0.075	0.034	0.890	0.001
0.090	0.001	0.085	0.824
0.001	0.001	0.981	0.017
0.001	0.023	0.975	0.001
0.071	0.042	0.886	0.001
0.001	0.019	0.979	0.001
0.001	0.014	0.984	0.001
0.959	0.001	0.001	0.039
0.043	0.001	0.955	0.001
0.016	0.001	0.944	0.039
0.032	0.020	0.918	0.030
0.040	0.001	0.920	0.039
>CGCGTGYBSBGB	25-CGCGTGYBSBGB	9.339510	-0.154164	0	T:12.0(0.20%),B:450.0(0.27%),P:1e0	Tpos:32.4,Tstd:12.0,Bpos:318.9,Bstd:596.7,StrandBias:1.2,Multiplicity:1.00
0.103	0.714	0.146	0.037
0.001	0.027	0.671	0.301
0.001	0.934	0.001	0.064
0.277	0.001	0.721	0.001
0.001	0.001	0.001	0.997
0.001	0.001	0.997	0.001
0.030	0.439	0.234	0.296
0.153	0.234	0.271	0.343
0.123	0.357	0.325	0.195
0.179	0.247	0.331	0.244
0.178	0.264	0.440	0.117
0.091	0.297	0.362	0.251
