>YTTTCAGTTCCY	16-YTTTCAGTTCCY	11.427677	-16.115478	0	T:12.0(0.17%),B:32.1(0.02%),P:1e-6
0.158	0.283	0.172	0.387
0.042	0.148	0.035	0.775
0.001	0.120	0.082	0.797
0.001	0.019	0.104	0.876
0.034	0.822	0.069	0.075
0.780	0.001	0.001	0.218
0.064	0.141	0.657	0.138
0.071	0.174	0.094	0.661
0.038	0.113	0.166	0.683
0.037	0.805	0.064	0.094
0.130	0.549	0.001	0.320
0.182	0.311	0.168	0.339
