>ACTACAWKTCCC	12-ACTACAWKTCCC	9.933146	-23.321453	0	T:160.0(2.21%),B:2191.5(1.25%),P:1e-10
0.758	0.181	0.060	0.001
0.080	0.790	0.115	0.015
0.110	0.114	0.001	0.775
0.713	0.110	0.040	0.137
0.060	0.851	0.015	0.074
0.855	0.006	0.124	0.015
0.382	0.185	0.189	0.244
0.135	0.205	0.279	0.380
0.019	0.066	0.060	0.855
0.001	0.897	0.001	0.101
0.015	0.894	0.001	0.090
0.049	0.935	0.001	0.015
