>TTCSATTCCATT	22-TTCSATTCCATT	12.071354	-1.578226	0	T:5.0(0.07%),B:74.9(0.04%),P:1e0
0.052	0.052	0.001	0.895
0.009	0.001	0.065	0.925
0.001	0.763	0.235	0.001
0.001	0.506	0.428	0.065
0.487	0.262	0.001	0.250
0.052	0.301	0.065	0.582
0.064	0.001	0.001	0.934
0.001	0.874	0.060	0.065
0.065	0.634	0.052	0.249
0.933	0.065	0.001	0.001
0.065	0.139	0.118	0.678
0.001	0.195	0.001	0.803
