>STCACRTGRBNN	2-STCACRTGRBNN	7.083237	-441.115179	0	T:1097.0(15.12%),B:9432.2(5.39%),P:1e-191
0.195	0.252	0.361	0.193
0.010	0.405	0.006	0.579
0.001	0.929	0.067	0.003
0.794	0.090	0.001	0.115
0.088	0.706	0.096	0.110
0.430	0.033	0.524	0.013
0.117	0.001	0.110	0.772
0.062	0.002	0.860	0.076
0.392	0.036	0.385	0.188
0.195	0.346	0.258	0.201
0.260	0.270	0.271	0.199
0.245	0.282	0.304	0.170
