>CACACGCGCACA	19-CACACGCGCACA	9.044467	-7.176009	0	T:262.0(3.61%),B:5149.3(2.94%),P:1e-3
0.069	0.812	0.093	0.026
0.765	0.089	0.088	0.058
0.071	0.799	0.106	0.024
0.742	0.104	0.070	0.084
0.087	0.673	0.137	0.103
0.082	0.126	0.703	0.089
0.085	0.733	0.103	0.079
0.108	0.134	0.663	0.095
0.069	0.796	0.103	0.032
0.716	0.103	0.089	0.092
0.050	0.849	0.065	0.036
0.748	0.090	0.081	0.081
