>TTTCAGTTCCTC	6-TTTCAGTTCCTC	11.931237	-54.619195	0	T:36.0(0.50%),B:67.1(0.04%),P:1e-23
0.054	0.094	0.079	0.773
0.022	0.108	0.050	0.820
0.040	0.077	0.103	0.780
0.022	0.814	0.027	0.137
0.637	0.180	0.011	0.172
0.028	0.135	0.608	0.229
0.030	0.034	0.062	0.874
0.073	0.040	0.032	0.855
0.052	0.764	0.031	0.153
0.057	0.749	0.032	0.162
0.120	0.118	0.086	0.676
0.052	0.653	0.094	0.201
