>YGYGYGTGYGYG	7-YGYGYGTGYGYG	7.273724	-53.955793	0	T:1256.0(17.31%),B:22864.2(13.06%),P:1e-23
0.119	0.368	0.120	0.393
0.036	0.063	0.893	0.008
0.039	0.528	0.015	0.418
0.034	0.021	0.926	0.019
0.030	0.461	0.006	0.503
0.021	0.013	0.934	0.032
0.021	0.408	0.003	0.568
0.024	0.011	0.963	0.002
0.017	0.460	0.022	0.501
0.078	0.020	0.882	0.020
0.035	0.374	0.119	0.472
0.090	0.084	0.801	0.025
