>AGGGAACTGAAA	14-AGGGAACTGAAA,BestGuess:PU.1:IRF8(ETS:IRF)/pDC-Irf8-ChIP-Seq(GSE66899)/Homer(0.792)	10.464510	-20.486210	0	T:10.0(0.14%),B:10.8(0.01%),P:1e-8
0.640	0.070	0.133	0.157
0.214	0.061	0.642	0.083
0.293	0.045	0.552	0.110
0.204	0.192	0.535	0.069
0.602	0.127	0.204	0.067
0.504	0.162	0.243	0.091
0.268	0.501	0.150	0.081
0.267	0.050	0.083	0.600
0.133	0.097	0.700	0.070
0.664	0.192	0.091	0.053
0.654	0.136	0.162	0.048
0.621	0.083	0.220	0.076
