>NGYTYCTCTTTY	11-NGYTYCTCTTTY	7.800095	-28.280982	0	T:45.0(0.62%),B:280.1(0.16%),P:1e-12
0.304	0.253	0.170	0.273
0.134	0.240	0.409	0.217
0.134	0.277	0.174	0.415
0.017	0.279	0.268	0.436
0.104	0.407	0.228	0.262
0.155	0.615	0.020	0.210
0.166	0.236	0.019	0.579
0.143	0.532	0.153	0.172
0.171	0.034	0.019	0.776
0.019	0.220	0.153	0.608
0.013	0.226	0.020	0.741
0.016	0.369	0.199	0.415
