>TCWYWTCCGASC	17-GSTCGGAWRWGA	10.725689	-15.075830	0	T:31.0(0.43%),B:246.9(0.14%),P:1e-6
0.001	0.001	0.143	0.855
0.058	0.879	0.020	0.043
0.402	0.022	0.058	0.518
0.032	0.535	0.012	0.421
0.448	0.048	0.001	0.503
0.044	0.072	0.032	0.852
0.001	0.967	0.001	0.031
0.001	0.911	0.012	0.076
0.001	0.046	0.837	0.116
0.533	0.089	0.346	0.032
0.032	0.441	0.526	0.001
0.047	0.879	0.073	0.001
