>ACACACASACAC	25-ACACACASACAC	11.650741	-1.026450	0	T:98.0(1.35%),B:2269.2(1.30%),P:1e0
0.782	0.067	0.026	0.125
0.126	0.786	0.063	0.025
0.725	0.141	0.057	0.077
0.036	0.825	0.067	0.072
0.899	0.001	0.001	0.099
0.117	0.758	0.096	0.029
0.962	0.031	0.001	0.006
0.205	0.444	0.334	0.017
0.790	0.112	0.037	0.061
0.125	0.723	0.050	0.102
0.913	0.049	0.001	0.037
0.010	0.838	0.010	0.142
