# universalmotif version 1.4.6

---
name: motif1_Reduced200
alphabet: DNA
type: PPM
icscore: 11.69
nsites: 4799
pseudocount: 0.3333333
bkg:
  A: 0.2740777
  C: 0.2257795
  G: 0.2258661
  T: 0.2742767
  AA: 0.0865103
  AC: 0.0500859
  AG: 0.0716263
  AT: 0.065725
  CA: 0.0720356
  CC: 0.0630787
  CG: 0.0190438
  CT: 0.0717093
  GA: 0.060255
  GC: 0.05251
  GG: 0.0631446
  GT: 0.0500351
  TA: 0.0551315
  TC: 0.0602242
  TG: 0.0721309
  TT: 0.0867538
consensus: NSCACGTG
strand: +-
pval: 0.0
qval: 0.0
eval: 0.0
extrainfo:
- target:3467/1944/5933,bkg:294/188/5933,score:Inf
motif:
- 2.046e-01 2.446e-01 4.130e-01 1.377e-01
- 1.507e-01 5.337e-01 3.157e-01 0.000e+00
- 0.000e+00 1.000e+00 0.000e+00 0.000e+00
- 1.000e+00 0.000e+00 0.000e+00 0.000e+00
- 0.000e+00 9.062e-01 0.000e+00 9.377e-02
- 7.877e-02 0.000e+00 9.212e-01 0.000e+00
- 0.000e+00 0.000e+00 0.000e+00 1.000e+00
- 0.000e+00 0.000e+00 1.000e+00 0.000e+00

