>HGYGYGYGCGCG	25-HGYGYGYGCGCG	9.839939	-0.984694	0	T:162.0(2.23%),B:3845.7(2.17%),P:1e0
0.214	0.305	0.154	0.327
0.096	0.185	0.593	0.126
0.155	0.398	0.119	0.329
0.003	0.001	0.830	0.166
0.001	0.548	0.006	0.445
0.001	0.184	0.814	0.001
0.001	0.502	0.001	0.496
0.103	0.152	0.744	0.001
0.001	0.581	0.001	0.417
0.136	0.126	0.737	0.001
0.185	0.813	0.001	0.001
0.228	0.001	0.625	0.146
