>DVVGCCATGCKN	21-DVVGCCATGCKN	8.598773	-2.873791	0	T:64.0(0.88%),B:1260.3(0.71%),P:1e-1
0.257	0.059	0.392	0.292
0.264	0.357	0.361	0.017
0.238	0.347	0.246	0.169
0.042	0.022	0.903	0.033
0.061	0.786	0.116	0.037
0.046	0.855	0.062	0.037
0.824	0.062	0.057	0.057
0.065	0.117	0.067	0.751
0.046	0.257	0.425	0.272
0.125	0.522	0.023	0.330
0.038	0.032	0.538	0.392
0.168	0.311	0.310	0.211
