>VCRCRCRCRCAC	22-VCRCRCRCRCAC	10.994023	-2.514697	0	T:47.0(0.65%),B:917.4(0.52%),P:1e-1
0.330	0.223	0.292	0.155
0.019	0.813	0.010	0.158
0.448	0.001	0.508	0.043
0.010	0.896	0.031	0.063
0.464	0.035	0.495	0.006
0.133	0.758	0.070	0.039
0.430	0.035	0.493	0.042
0.023	0.840	0.022	0.115
0.475	0.004	0.486	0.035
0.004	0.881	0.051	0.064
0.697	0.105	0.117	0.081
0.005	0.708	0.269	0.018
