>AGGAAGTGAAAS	3-AGGAAGTGAAAS	12.082600	-76.731341	0	T:62.0(0.85%),B:166.0(0.09%),P:1e-33
0.636	0.154	0.192	0.018
0.078	0.001	0.888	0.033
0.039	0.013	0.947	0.001
0.971	0.013	0.015	0.001
0.985	0.001	0.001	0.013
0.110	0.184	0.705	0.001
0.068	0.066	0.010	0.856
0.065	0.053	0.881	0.001
0.707	0.134	0.142	0.017
0.768	0.080	0.096	0.056
0.849	0.049	0.063	0.039
0.101	0.462	0.322	0.114
