>AAAGCAGAAGTG	10-AAAGCAGAAGTG	11.822266	-15.018849	0	T:29.0(0.40%),B:223.5(0.13%),P:1e-6
0.830	0.022	0.103	0.045
0.923	0.042	0.034	0.001
0.792	0.017	0.072	0.119
0.079	0.051	0.824	0.046
0.084	0.816	0.088	0.012
0.844	0.056	0.047	0.053
0.072	0.017	0.910	0.001
0.826	0.058	0.071	0.045
0.883	0.051	0.031	0.035
0.060	0.100	0.806	0.034
0.012	0.055	0.062	0.871
0.102	0.118	0.680	0.100
