>HGYCATGHGSTY	9-HGYCATGHGSTY,BestGuess:NeuroD1(bHLH)/Islet-NeuroD1-ChIP-Seq(GSE30298)/Homer(0.700)	10.272961	-17.398287	0	T:36.0(0.50%),B:287.6(0.16%),P:1e-7
0.344	0.351	0.001	0.305
0.033	0.057	0.859	0.051
0.025	0.489	0.037	0.449
0.023	0.959	0.017	0.001
0.759	0.093	0.041	0.107
0.065	0.056	0.090	0.789
0.001	0.423	0.575	0.001
0.302	0.272	0.004	0.422
0.202	0.016	0.741	0.041
0.198	0.433	0.368	0.001
0.034	0.075	0.074	0.817
0.043	0.507	0.032	0.418
