>RWGGGGGAGGGG	18-RWGGGGGAGGGG,BestGuess:Zfp281(Zf)/ES-Zfp281-ChIP-Seq(GSE81042)/Homer(0.903)	10.995947	-4.913716	0	T:28.0(0.39%),B:403.7(0.23%),P:1e-2
0.235	0.207	0.369	0.189
0.296	0.151	0.185	0.367
0.053	0.016	0.862	0.069
0.098	0.038	0.589	0.275
0.007	0.027	0.955	0.011
0.014	0.006	0.964	0.016
0.258	0.014	0.710	0.018
0.558	0.177	0.041	0.224
0.276	0.006	0.632	0.086
0.017	0.189	0.740	0.054
0.085	0.242	0.611	0.062
0.241	0.060	0.496	0.203
