>RASCDCATGRCD	9-HGYCATGHGSTY	10.272961	-17.398287	0	T:36.0(0.50%),B:287.6(0.16%),P:1e-7
0.418	0.032	0.507	0.043
0.817	0.074	0.075	0.034
0.001	0.368	0.433	0.198
0.041	0.741	0.016	0.202
0.422	0.004	0.272	0.302
0.001	0.575	0.423	0.001
0.789	0.090	0.056	0.065
0.107	0.041	0.093	0.759
0.001	0.017	0.959	0.023
0.449	0.037	0.489	0.025
0.051	0.859	0.057	0.033
0.305	0.001	0.351	0.344
