>BSCCCACGTGGC	14-BSCCCACGTGGC	10.078893	-7.079349	0	T:27.0(0.69%),B:528.3(0.34%),P:1e-3
0.058	0.313	0.258	0.371
0.003	0.462	0.434	0.101
0.137	0.491	0.288	0.084
0.141	0.520	0.197	0.142
0.061	0.935	0.003	0.001
0.667	0.004	0.221	0.108
0.001	0.822	0.033	0.144
0.131	0.001	0.867	0.001
0.082	0.084	0.091	0.743
0.018	0.001	0.978	0.003
0.165	0.225	0.410	0.200
0.085	0.535	0.252	0.128
