>NSCACGTGSNNS	8-NSCACGTGSNNS	7.993462	-16.496755	0	T:60.0(1.52%),B:1077.2(0.70%),P:1e-7
0.297	0.217	0.301	0.184
0.182	0.414	0.317	0.088
0.047	0.932	0.010	0.011
0.524	0.024	0.358	0.094
0.013	0.811	0.009	0.167
0.235	0.013	0.750	0.002
0.103	0.275	0.012	0.610
0.004	0.027	0.940	0.029
0.124	0.365	0.378	0.133
0.175	0.301	0.254	0.270
0.233	0.256	0.282	0.229
0.162	0.293	0.385	0.161
