>GCGCGCGCACGC	21-GCGCGCGCACGC,BestGuess:ZBTB14/MA1650.1/Jaspar(0.795)	12.386731	-1.054095	0	T:16.0(0.41%),B:557.5(0.36%),P:1e0
0.069	0.100	0.779	0.052
0.097	0.786	0.047	0.070
0.110	0.069	0.820	0.001
0.034	0.855	0.091	0.020
0.043	0.056	0.900	0.001
0.071	0.805	0.088	0.036
0.077	0.065	0.806	0.052
0.046	0.890	0.039	0.025
0.829	0.027	0.046	0.098
0.029	0.876	0.019	0.076
0.030	0.061	0.853	0.056
0.089	0.805	0.012	0.094
