>ATATTTTATGTB	13-ATATTTTATGTB	1.944060	-121.591705	0	T:3236.0(82.22%),B:104988.6(71.53%),P:1e-52
0.973	0.013	0.013	0.001
0.119	0.159	0.227	0.495
0.486	0.163	0.197	0.154
0.054	0.170	0.078	0.698
0.081	0.238	0.078	0.603
0.040	0.168	0.078	0.714
0.130	0.230	0.111	0.529
0.568	0.289	0.051	0.092
0.162	0.116	0.192	0.530
0.038	0.186	0.736	0.040
0.149	0.040	0.127	0.684
0.013	0.338	0.297	0.351
