>GCGCGTGYGCRY	8-RYGCRCACGCGC	3.457687	-189.082097	0	T:2649.0(67.30%),B:76254.0(51.95%),P:1e-82
0.001	0.041	0.596	0.362
0.053	0.838	0.045	0.064
0.032	0.070	0.856	0.042
0.026	0.566	0.016	0.392
0.035	0.047	0.889	0.029
0.006	0.399	0.002	0.593
0.030	0.048	0.881	0.041
0.018	0.453	0.011	0.518
0.044	0.038	0.891	0.027
0.030	0.863	0.054	0.053
0.513	0.022	0.459	0.006
0.033	0.449	0.037	0.481
