>CCACCCCCTCCC	17-CCACCCCCTCCC	10.826988	-4.665860	0	T:88.0(2.24%),B:2513.0(1.71%),P:1e-2
0.057	0.743	0.118	0.082
0.089	0.706	0.114	0.091
0.483	0.159	0.202	0.156
0.081	0.650	0.177	0.092
0.047	0.715	0.122	0.116
0.105	0.606	0.162	0.127
0.056	0.688	0.138	0.118
0.079	0.674	0.134	0.113
0.069	0.105	0.166	0.660
0.066	0.657	0.160	0.117
0.046	0.750	0.109	0.095
0.089	0.667	0.115	0.129
