>CYCBBCYGCCGS	12-CYCBBCYGCCGS,BestGuess:ZBTB7A/MA0750.2/Jaspar(0.625)	3.092612	-122.892419	0	T:3909.0(99.31%),B:139331.2(94.93%),P:1e-53
0.084	0.470	0.179	0.267
0.014	0.433	0.220	0.332
0.019	0.719	0.092	0.170
0.099	0.379	0.285	0.237
0.046	0.267	0.408	0.279
0.070	0.642	0.174	0.114
0.178	0.306	0.135	0.381
0.024	0.122	0.510	0.344
0.032	0.676	0.247	0.045
0.148	0.461	0.131	0.260
0.093	0.084	0.660	0.163
0.003	0.513	0.474	0.010
