>CVGGGASTYCAG	16-CVGGGASTYCAG,BestGuess:CRE(bZIP)/Promoter/Homer(0.597)	0.991079	-17.290928	0	T:3934.0(99.95%),B:145912.0(99.41%),P:1e-7
0.097	0.712	0.126	0.065
0.312	0.351	0.239	0.098
0.110	0.144	0.627	0.119
0.082	0.194	0.530	0.194
0.086	0.137	0.684	0.093
0.575	0.154	0.121	0.150
0.065	0.404	0.323	0.208
0.082	0.172	0.283	0.463
0.049	0.284	0.237	0.430
0.054	0.816	0.101	0.029
0.488	0.267	0.115	0.129
0.058	0.208	0.662	0.072
