>SCGGCRGVVGRG	12-CYCBBCYGCCGS	3.092612	-122.892419	0	T:3909.0(99.31%),B:139331.2(94.93%),P:1e-53
0.010	0.474	0.513	0.003
0.163	0.660	0.084	0.093
0.260	0.131	0.461	0.148
0.045	0.247	0.676	0.032
0.344	0.510	0.122	0.024
0.381	0.135	0.306	0.178
0.114	0.174	0.642	0.070
0.279	0.408	0.267	0.046
0.237	0.285	0.379	0.099
0.170	0.092	0.719	0.019
0.332	0.220	0.433	0.014
0.267	0.179	0.470	0.084
