>GGYVGGGSSCTC	5-GGYVGGGSSCTC,BestGuess:Zfx/MA0146.2/Jaspar(0.619)	3.792706	-254.686912	0	T:3842.0(97.61%),B:128759.5(87.73%),P:1e-110
0.191	0.173	0.463	0.173
0.001	0.356	0.510	0.133
0.001	0.501	0.018	0.480
0.315	0.355	0.329	0.001
0.165	0.164	0.670	0.001
0.337	0.001	0.498	0.164
0.001	0.338	0.519	0.142
0.173	0.338	0.480	0.009
0.001	0.510	0.472	0.017
0.001	0.643	0.001	0.355
0.001	0.001	0.172	0.826
0.001	0.511	0.191	0.297
