>TGTACAKAAAAS	9-STTTTMTGTACA	2.523238	-180.058082	0	T:3533.0(89.76%),B:114880.9(78.27%),P:1e-78
0.024	0.012	0.012	0.952
0.034	0.153	0.682	0.131
0.103	0.150	0.193	0.554
0.478	0.185	0.276	0.060
0.106	0.711	0.159	0.024
0.525	0.184	0.168	0.123
0.033	0.152	0.335	0.480
0.557	0.198	0.119	0.126
0.648	0.095	0.207	0.050
0.621	0.177	0.190	0.012
0.779	0.075	0.098	0.048
0.259	0.297	0.420	0.024
