>YTTYYCCHTKBB	23-YTTYYCCHTKBB	-4.313924	0.000000	0	T:3936.0(100.00%),B:146775.6(100.00%),P:1e0
0.001	0.480	0.083	0.436
0.007	0.287	0.012	0.694
0.035	0.375	0.042	0.548
0.015	0.433	0.070	0.482
0.110	0.367	0.100	0.422
0.115	0.509	0.032	0.344
0.022	0.582	0.045	0.351
0.257	0.299	0.062	0.382
0.225	0.285	0.028	0.462
0.050	0.177	0.348	0.426
0.109	0.364	0.259	0.267
0.044	0.342	0.256	0.358
