>NGGGGGRGGGGS	7-NGGGGGRGGGGS	5.984491	-198.375453	0	T:3131.0(79.55%),B:95416.7(65.01%),P:1e-86
0.244	0.274	0.282	0.200
0.080	0.070	0.795	0.055
0.037	0.252	0.671	0.040
0.051	0.272	0.635	0.042
0.200	0.052	0.697	0.051
0.226	0.027	0.504	0.243
0.290	0.254	0.434	0.023
0.345	0.085	0.543	0.027
0.205	0.199	0.566	0.030
0.035	0.042	0.873	0.050
0.033	0.198	0.720	0.049
0.077	0.293	0.390	0.240
