>GTGCGCATGCGC	8-GTGCGCATGCGC	9.096670	-47.839274	0	T:427.0(10.85%),B:9910.7(6.70%),P:1e-20
0.060	0.162	0.687	0.091
0.036	0.134	0.063	0.767
0.034	0.044	0.906	0.016
0.040	0.878	0.040	0.042
0.060	0.027	0.882	0.031
0.024	0.930	0.034	0.012
0.690	0.094	0.163	0.053
0.059	0.047	0.065	0.829
0.007	0.022	0.949	0.022
0.039	0.856	0.053	0.052
0.067	0.074	0.812	0.047
0.058	0.816	0.045	0.081
