>CCACCAGGGGGC	10-CCACCAGGGGGC,BestGuess:BORIS(Zf)/K562-CTCFL-ChIP-Seq(GSE32465)/Homer(0.910)	10.563262	-24.554155	0	T:86.0(2.18%),B:1422.0(0.96%),P:1e-10
0.088	0.839	0.033	0.040
0.027	0.903	0.018	0.052
0.755	0.073	0.063	0.109
0.126	0.755	0.072	0.047
0.067	0.857	0.023	0.053
0.896	0.019	0.054	0.031
0.061	0.028	0.887	0.024
0.159	0.089	0.696	0.056
0.058	0.044	0.812	0.086
0.033	0.009	0.935	0.023
0.061	0.042	0.880	0.017
0.062	0.790	0.086	0.062
