>GCCACGCGGCCC	15-GCCACGCGGCCC	10.382746	-12.762066	0	T:35.0(0.89%),B:530.5(0.36%),P:1e-5
0.137	0.161	0.651	0.051
0.074	0.875	0.005	0.046
0.061	0.865	0.065	0.009
0.517	0.025	0.183	0.275
0.088	0.487	0.137	0.288
0.060	0.190	0.625	0.125
0.215	0.705	0.033	0.047
0.116	0.253	0.418	0.212
0.001	0.082	0.794	0.123
0.044	0.751	0.001	0.204
0.186	0.505	0.291	0.018
0.109	0.526	0.032	0.333
