>BGHTCACGYGNC	2-BGHTCACGYGNC	4.356130	-193.639264	0	T:2569.0(65.27%),B:73465.4(49.65%),P:1e-84
0.171	0.269	0.227	0.332
0.022	0.231	0.558	0.189
0.219	0.337	0.174	0.270
0.240	0.032	0.075	0.653
0.225	0.461	0.062	0.252
0.615	0.027	0.224	0.134
0.073	0.898	0.003	0.026
0.002	0.003	0.921	0.074
0.109	0.477	0.027	0.388
0.235	0.002	0.690	0.073
0.285	0.238	0.199	0.277
0.165	0.472	0.157	0.206
