>AGTSGCSGCKGA	23-TCMGCSGCSACT	12.964016	-1.925954	0	T:1.0(0.03%),B:5.5(0.00%),P:1e0
0.910	0.001	0.039	0.050
0.001	0.001	0.950	0.048
0.087	0.035	0.093	0.785
0.029	0.531	0.439	0.001
0.033	0.022	0.938	0.007
0.026	0.646	0.001	0.327
0.001	0.524	0.474	0.001
0.153	0.001	0.845	0.001
0.001	0.909	0.051	0.039
0.034	0.001	0.420	0.545
0.001	0.001	0.843	0.155
0.630	0.172	0.124	0.074
