>GCGGAAGCGGAA	13-GCGGAAGCGGAA	11.623861	-15.101024	0	T:48.0(1.22%),B:775.5(0.52%),P:1e-6
0.061	0.081	0.787	0.071
0.064	0.768	0.072	0.096
0.098	0.007	0.828	0.067
0.048	0.001	0.950	0.001
0.880	0.021	0.034	0.065
0.835	0.047	0.104	0.014
0.109	0.080	0.797	0.014
0.101	0.728	0.069	0.102
0.058	0.014	0.901	0.027
0.056	0.017	0.926	0.001
0.847	0.081	0.049	0.023
0.826	0.056	0.089	0.029
