>TCMGCSGCSACT	23-TCMGCSGCSACT,BestGuess:PB0151.1_Myf6_2/Jaspar(0.543)	12.964016	-1.925954	0	T:1.0(0.03%),B:5.5(0.00%),P:1e0
0.074	0.124	0.172	0.630
0.155	0.843	0.001	0.001
0.545	0.420	0.001	0.034
0.039	0.051	0.909	0.001
0.001	0.845	0.001	0.153
0.001	0.474	0.524	0.001
0.327	0.001	0.646	0.026
0.007	0.938	0.022	0.033
0.001	0.439	0.531	0.029
0.785	0.093	0.035	0.087
0.048	0.950	0.001	0.001
0.050	0.039	0.001	0.910
