>GCGCGCGCGCCC	25-GCGCGCGCGCCC,BestGuess:PB0095.1_Zfp161_1/Jaspar(0.866)	12.794062	-0.000682	0	T:46.0(1.17%),B:2666.2(1.80%),P:1e0
0.061	0.120	0.773	0.046
0.053	0.858	0.043	0.046
0.023	0.032	0.944	0.001
0.047	0.778	0.086	0.089
0.021	0.003	0.933	0.043
0.025	0.892	0.040	0.043
0.052	0.058	0.840	0.050
0.005	0.933	0.048	0.014
0.071	0.153	0.700	0.076
0.011	0.880	0.063	0.046
0.054	0.845	0.082	0.019
0.008	0.836	0.055	0.101
