# universalmotif version 1.4.6

---
name: CMYC_24H_merged
alphabet: DNA
type: PPM
icscore: 12.45
nsites: 5557.0
pseudocount: 0.3333333
bkg:
  A: 0.2740777
  C: 0.2257795
  G: 0.2258661
  T: 0.2742767
  AA: 0.0865103
  AC: 0.0500859
  AG: 0.0716263
  AT: 0.065725
  CA: 0.0720356
  CC: 0.0630787
  CG: 0.0190438
  CT: 0.0717093
  GA: 0.060255
  GC: 0.05251
  GG: 0.0631446
  GT: 0.0500351
  TA: 0.0551315
  TC: 0.0602242
  TG: 0.0721309
  TT: 0.0867538
consensus: SCACGTGS
strand: +-
pval: 0.0
qval: 0.0
eval: 0.0
extrainfo:
- target:3074/1595/5933,bkg:294/157/5933,score:Inf
motif:
- 1.153e-01 5.531e-01 3.316e-01 0.000e+00
- 0.000e+00 1.000e+00 0.000e+00 0.000e+00
- 1.000e+00 0.000e+00 0.000e+00 0.000e+00
- 0.000e+00 9.178e-01 0.000e+00 8.216e-02
- 1.032e-01 0.000e+00 8.968e-01 0.000e+00
- 0.000e+00 3.960e-03 0.000e+00 9.960e-01
- 0.000e+00 0.000e+00 1.000e+00 0.000e+00
- 0.000e+00 2.866e-01 6.200e-01 9.343e-02

